0
254
23
0
246
237
0
254
254
0
234
237
0
254
254
0
239
254
0
237
237
0
254
254
0
251
251
0
255
252
0
244
239
0
255
251
0
245
251
0
252
245
0
255
248
0
245
245
0
252
251
0
252
245
0
240
248
0
252
251
0
240
253
0
233
252
0
247
245
0
254
240
0
250
245
0
252
245
0
217
245
0
251
245
0
239
255
0
124
150
0
234
219
0
250
210
0
239
171
0
234
99
0
247
137
0
251
253
0
239
68
0
107
80
0
239
82
0
167
222
0
102
136
0
102
49
0
133
223
0
135
170
0
117
16
0
162
49
0
89
157
0
154
154
0
98
214
0
123
11
0
111
156
0
97
105
0
197
248
0
149
232
0
3
95
0
38
126
0
200
48
0
78
48
0
142
133
0
74
85
0
54
38
0
138
180
0
120
218
0
89
83
0
71
88
0
123
144
0
30
40
0
197
209
0
185
59
0
112
14
0
23
166
0
118
137
0
90
222
0
129
48
0
121
20
0
102
180
0
185
42
0
246
78
0
187
52
0
187
73
0
65
5
0
0
0
0
0
0
0
0
0
0
0
0
0
0
0
0
0
0
0
0
0
0
0
0
0
0
0
0
0
0
0
0
0
0
0
0
0
0
0
0
0
0
0
0
0
0
0
0
0
0
0
0
0
0
0
0
0
0
0
0
0
0
0
0
0
0
0
0
0
0
0
0
0
0
0
0
0
0
0
0
0
0
0
0
0
0
0
0
0
0
0
0
0
0
0
0
0
0
0
0
0
0
0
0
0
0
0
0
0
0
0
0
0
0
0
0
0
0
0
0
0
0
0
0
0
0
0
0
0
0
0
0
0
0
0
0
0
0
0
0
0
0
0
0
0
0
0
0
0
0
0
0
0
0
0
0
0
0
0
0
0
0
0
0
0
0
0
0
0
0
0
0
0
0
0
0
0
0
0
0
0
0
0
0
0
0
0
0
0
0
0
0
0
0
0
0
0
0
0
0
0
0
0
0
0
0
0
0
0
0
0
0
0
0
0
0
0
0
0
0
0
0
0
0
0
0
0
0
0
0
0
0
0
0
0
0
0
0
0
0
0
0
0
0
0
0
0
0
0
0
0
0
0
0
0
0
0
0
0
0
0
0
0
0
0
0
0
0
0
0
0
0
0
0
0
0
0
0
0
0
0
0
0
0
0
0
0
0
0
0
0
0
0
0
0
0
0
0
0
0
0
0
0
0
0
0
0
0
0
0
0
0
0
0
0
0
0
0
0
0
0
0
0
0
0
0
0
0
0
0
0
0
0
0
0
0
0
0
0
0
0
0
0
0
0
0
0
0
0
0
0
0
0
0
0
0
0
0
0
0
0
0
0
0
0
0
0
0
0
0
0
0
0
0
0
0
0
0
0
0
0
0
0
0
0
0
0
0
0
0
0
0
0
0
0
0
0
0
2
0
0
5
0
0
10
0
0
15
0
0
18
0
0
18
0
0
21
0
0
24
0
0
23
0
0
26
0
0
27
0
0
28
0
0
31
0
0
32
0
0
34
0
0
35
0
0
36
0
0
36
0
0
40
0
0
87
0
