52
135
222
0
224
179
0
55
99
0
167
0
0
200
64
0
4
4
0
29
7
0
128
110
0
254
215
0
77
152
0
33
15
0
252
208
0
123
79
0
208
58
0
229
192
0
230
119
0
210
210
0
53
236
0
186
224
0
170
44
0
183
189
0
168
240
0
159
216
0
171
77
0
206
140
0
86
60
0
82
112
0
111
24
0
49
205
0
82
90
0
133
2
0
192
38
0
97
9
0
35
70
0
180
134
0
61
27
0
84
205
0
74
79
0
217
102
0
203
14
0
84
221
0
215
105
0
242
78
0
83
161
0
10
87
0
157
174
0
192
62
0
40
237
0
120
229
0
77
107
0
19
25
0
13
134
0
15
253
0
174
97
0
74
143
0
233
248
0
22
149
0
133
163
0
144
209
0
157
118
0
201
3
0
245
135
0
188
9
0
199
36
0
67
92
0
126
47
0
218
50
0
7
2
0
193
81
0
213
213
0
162
147
0
216
21
0
9
78
0
238
37
0
34
59
0
224
38
0
79
186
0
147
222
0
233
144
0
141
144
0
133
7
0
0
0
0
0
0
0
0
0
0
0
0
0
0
0
0
0
0
0
0
0
0
0
0
0
0
0
0
0
0
0
0
0
0
0
0
0
0
0
0
0
0
0
0
0
0
0
0
0
0
0
0
0
0
0
0
0
0
0
0
0
0
0
0
0
0
0
0
0
0
0
0
0
0
0
0
0
0
0
0
0
0
0
0
0
0
0
0
0
0
0
0
0
0
0
0
0
0
0
0
0
0
0
0
0
0
0
0
0
0
0
0
0
0
0
0
0
0
0
0
0
0
0
0
0
0
0
0
0
0
0
0
0
0
0
0
0
0
0
0
0
0
0
0
0
0
0
0
0
0
0
0
0
0
0
0
0
0
0
0
0
0
0
0
0
0
0
0
0
0
0
0
0
0
0
0
0
0
0
0
0
0
0
0
0
0
0
0
0
0
0
0
0
0
0
0
0
0
0
0
0
0
0
0
0
0
0
0
0
0
0
0
0
0
0
0
0
0
0
0
0
0
0
0
0
0
0
0
0
0
0
0
0
0
0
0
0
0
0
0
0
0
0
0
0
0
0
0
0
0
0
0
0
0
0
0
0
0
0
0
0
0
0
0
0
0
0
0
0
0
0
0
0
0
0
0
0
0
0
0
0
0
0
0
0
0
0
0
0
0
0
0
0
0
0
0
0
0
0
0
0
0
0
0
0
0
0
0
0
0
0
0
0
0
0
0
0
0
0
0
0
0
0
0
0
0
0
0
0
0
0
0
0
0
0
0
0
0
0
0
0
0
0
0
0
0
0
0
0
0
0
0
0
0
0
0
0
0
0
0
0
0
0
0
0
0
0
0
0
0
0
0
0
0
0
0
0
0
0
0
0
0
0
0
0
0
0
0
0
0
0
0
0
0
0
0
0
0
3
0
0
4
0
0
11
0
0
12
0
0
13
0
0
15
0
0
19
0
0
9
0
0
13
0
0
9
0
0
6
0
0
6
0
0
18
0
0
4
0
0
238
0
0
3
0
0
8
0
0
65
0
0
115
0
0
189
0
