[0, 254, 0, 0, 252, 248, 0, 238, 254, 0, 189, 189, 0, 254, 237, 0, 237, 184, 0, 3, 207, 0, 221, 0, 0, 224, 218, 0, 236, 236, 0, 244, 244, 0, 243, 243, 0, 111, 111, 0, 112, 195, 0, 188, 188, 0, 252, 252, 0, 235, 199, 0, 200, 166, 0, 220, 240, 0, 250, 252, 0, 147, 70, 0, 47, 191, 0, 238, 70, 0, 147, 178, 0, 87, 64, 0, 110, 9, 0, 155, 122, 0, 75, 226, 0, 197, 132, 0, 65, 243, 0, 126, 159, 0, 209, 99, 0, 175, 135, 0, 29, 140, 0, 251, 170, 0, 158, 146, 0, 179, 90, 0, 33, 31, 0, 131, 81, 0, 59, 137, 0, 102, 104, 0, 52, 102, 0, 187, 249, 0, 99, 118, 0, 224, 129, 0, 178, 243, 0, 97, 123, 0, 55, 100, 0, 0, 189, 0, 140, 62, 0, 0, 219, 0, 0, 0, 0, 0, 0, 0, 0, 0, 0, 1, 1, 1, 1, 1, 1, 1, 1, 1, 1, 1, 0, 1, 1, 1, 1, 1, 1, 1, 1, 1, 1, 1, 0, 1, 1, 1, 1, 1, 0, 1, 1, 1, 1, 1, 0, 1, 1, 0, 1, 1, 1, 1, 1, 0, 1, 1, 0, 1, 1, 0, 1, 1, 0, 1, 1, 0, 1, 1, 0, 1, 1, 0, 1, 1, 0, 1, 1, 0, 1, 1, 0, 1, 1, 0, 1, 1, 0, 1, 1, 0, 0, 0, 0, 0, 0, 0, 0, 0, 0, 0, 0, 0, 0, 0, 0, 0, 0, 0, 0, 0, 0, 0, 0, 0, 0, 0, 0, 0, 0, 0, 0, 0, 0, 0, 0, 0, 0, 0, 0, 0, 0, 0, 0, 0, 0, 0, 0, 0, 0, 0, 0, 0, 0, 0, 0, 0, 0, 0, 0, 0, 0, 0, 0, 0, 0, 0, 0, 0, 0, 0, 0, 0, 0, 0, 0, 0, 0, 0, 0, 0, 0, 0, 0, 0, 0, 0, 0, 0, 0, 0, 0, 0, 0, 0, 0, 0, 0, 0, 0, 0, 0, 0, 0, 0, 0, 0, 0, 0, 0, 0, 0, 0, 0, 0, 0, 0, 0, 0, 0, 0, 0, 0, 0, 0, 0, 0, 0, 0, 0, 0, 0, 0, 0, 0, 0, 0, 0, 0, 0, 0, 0, 0, 0, 0, 0, 0, 0, 0, 0, 0, 0, 0, 0, 0, 0, 0, 0, 0, 0, 0, 0, 0, 0, 0, 0, 0, 0, 0, 0, 0, 0, 0, 0, 0, 0, 0, 0, 0, 0, 0, 0, 0, 0, 0, 0, 0, 0, 0, 0, 0, 0, 0, 0, 0, 0, 0, 0, 0, 0, 0, 0, 0, 0, 0, 0, 0, 0, 0, 0, 0, 0, 0, 0, 0, 0, 0, 0, 0, 0, 0, 0, 0, 0, 0, 0, 0, 0, 0, 0, 0, 0, 0, 0, 0, 0, 0, 0, 0, 0, 0, 0, 0, 0, 0, 0, 0, 0, 0, 0, 0, 0, 0, 0, 0, 0, 0, 0, 0, 0, 0, 0, 0, 0, 0, 0, 0, 0, 0, 0, 0, 0, 0, 0, 0, 0, 0, 0, 0, 0, 0, 0, 0, 0, 0, 0, 0, 0, 0, 0, 0, 0, 0, 0, 0, 0, 0, 0, 0, 0, 0, 0, 0, 0, 0, 0, 0, 0, 0, 0, 0, 0, 0, 0, 0, 0, 0, 0, 0, 0, 0, 0, 0, 0, 0, 0, 0, 0, 0, 0, 0, 0, 0, 0, 0, 0, 0, 0, 0, 0, 0, 0, 0, 0, 0, 0, 0, 0, 0, 0, 0, 0, 0, 0, 0, 0, 0, 0, 0, 0, 0, 0, 0, 0, 0, 0, 0, 0, 0, 0, 0, 0, 0, 0, 0, 0, 0, 0, 0, 0, 0, 0, 0, 0, 0, 0, 0, 0, 0, 0, 0, 0, 0, 0, 0, 0, 0, 0, 0, 0, 0, 7, 0, 0, 10, 0, 0, 9, 0, 0, 16, 0, 0, 18, 0, 0, 18, 0, 0, 21, 0, 0, 23, 0, 0, 26, 0, 0, 27, 0, 0, 28, 0, 0, 29, 0, 0, 32, 0, 0, 32, 0, 0, 34, 0, 0, 37, 0, 32, 38, 0, 0, 48, 0, 0, 228, 0]
0 0
1 254
2 0
3 0
4 252
5 248
6 0
7 238
8 254
9 0
10 189
11 189
12 0
13 254
14 237
15 0
16 237
17 184
18 0
19 3
20 207
21 0
22 221
23 0
24 0
25 224
26 218
27 0
28 236
29 236
30 0
31 244
32 244
33 0
34 243
35 243
36 0
37 111
38 111
39 0
40 112
41 195
42 0
43 188
44 188
45 0
46 252
47 252
48 0
49 235
50 199
51 0
52 200
53 166
54 0
55 220
56 240
57 0
58 250
59 252
60 0
61 147
62 70
63 0
64 47
65 191
66 0
67 238
68 70
69 0
70 147
71 178
72 0
73 87
74 64
75 0
76 110
77 9
78 0
79 155
80 122
81 0
82 75
83 226
84 0
85 197
86 132
87 0
88 65
89 243
90 0
91 126
92 159
93 0
94 209
95 99
96 0
97 175
98 135
99 0
100 29
101 140
102 0
103 251
104 170
105 0
106 158
107 146
108 0
109 179
110 90
111 0
112 33
113 31
114 0
115 131
116 81
117 0
118 59
119 137
120 0
121 102
122 104
123 0
124 52
125 102
126 0
127 187
128 249
129 0
130 99
131 118
132 0
133 224
134 129
135 0
136 178
137 243
138 0
139 97
140 123
141 0
142 55
143 100
144 0
145 0
146 189
147 0
148 140
149 62
150 0
151 0
152 219
153 0
154 0
155 0
156 0
157 0
158 0
159 0
160 0
161 0
162 0
163 1
164 1
165 1
166 1
167 1
168 1
169 1
170 1
171 1
172 1
173 1
174 0
175 1
176 1
177 1
178 1
179 1
180 1
181 1
182 1
183 1
184 1
185 1
186 0
187 1
188 1
189 1
190 1
191 1
192 0
193 1
194 1
195 1
196 1
197 1
198 0
199 1
200 1
201 0
202 1
203 1
204 1
205 1
206 1
207 0
208 1
209 1
210 0
211 1
212 1
213 0
214 1
215 1
216 0
217 1
218 1
219 0
220 1
221 1
222 0
223 1
224 1
225 0
226 1
227 1
228 0
229 1
230 1
231 0
232 1
233 1
234 0
235 1
236 1
237 0
238 1
239 1
240 0
241 1
242 1
243 0
244 0
245 0
246 0
247 0
248 0
249 0
250 0
251 0
252 0
253 0
254 0
255 0
256 0
257 0
258 0
259 0
260 0
261 0
262 0
263 0
264 0
265 0
266 0
267 0
268 0
269 0
270 0
271 0
272 0
273 0
274 0
275 0
276 0
277 0
278 0
279 0
280 0
281 0
282 0
283 0
284 0
285 0
286 0
287 0
288 0
289 0
290 0
291 0
292 0
293 0
294 0
295 0
296 0
297 0
298 0
299 0
300 0
301 0
302 0
303 0
304 0
305 0
306 0
307 0
308 0
309 0
310 0
311 0
312 0
313 0
314 0
315 0
316 0
317 0
318 0
319 0
320 0
321 0
322 0
323 0
324 0
325 0
326 0
327 0
328 0
329 0
330 0
331 0
332 0
333 0
334 0
335 0
336 0
337 0
338 0
339 0
340 0
341 0
342 0
343 0
344 0
345 0
346 0
347 0
348 0
349 0
350 0
351 0
352 0
353 0
354 0
355 0
356 0
357 0
358 0
359 0
360 0
361 0
362 0
363 0
364 0
365 0
366 0
367 0
368 0
369 0
370 0
371 0
372 0
373 0
374 0
375 0
376 0
377 0
378 0
379 0
380 0
381 0
382 0
383 0
384 0
385 0
386 0
387 0
388 0
389 0
390 0
391 0
392 0
393 0
394 0
395 0
396 0
397 0
398 0
399 0
400 0
401 0
402 0
403 0
404 0
405 0
406 0
407 0
408 0
409 0
410 0
411 0
412 0
413 0
414 0
415 0
416 0
417 0
418 0
419 0
420 0
421 0
422 0
423 0
424 0
425 0
426 0
427 0
428 0
429 0
430 0
431 0
432 0
433 0
434 0
435 0
436 0
437 0
438 0
439 0
440 0
441 0
442 0
443 0
444 0
445 0
446 0
447 0
448 0
449 0
450 0
451 0
452 0
453 0
454 0
455 0
456 0
457 0
458 0
459 0
460 0
461 0
462 0
463 0
464 0
465 0
466 0
467 0
468 0
469 0
470 0
471 0
472 0
473 0
474 0
475 0
476 0
477 0
478 0
479 0
480 0
481 0
482 0
483 0
484 0
485 0
486 0
487 0
488 0
489 0
490 0
491 0
492 0
493 0
494 0
495 0
496 0
497 0
498 0
499 0
500 0
501 0
502 0
503 0
504 0
505 0
506 0
507 0
508 0
509 0
510 0
511 0
512 0
513 0
514 0
515 0
516 0
517 0
518 0
519 0
520 0
521 0
522 0
523 0
524 0
525 0
526 0
527 0
528 0
529 0
530 0
531 0
532 0
533 0
534 0
535 0
536 0
537 0
538 0
539 0
540 0
541 0
542 0
543 0
544 0
545 0
546 0
547 0
548 0
549 0
550 0
551 0
552 0
553 0
554 0
555 0
556 0
557 0
558 0
559 0
560 0
561 0
562 0
563 0
564 0
565 0
566 0
567 0
568 0
569 0
570 0
571 0
572 0
573 0
574 0
575 0
576 0
577 0
578 0
579 0
580 0
581 0
582 0
583 0
584 0
585 0
586 0
587 0
588 0
589 0
590 0
591 0
592 0
593 0
594 0
595 0
596 0
597 0
598 0
599 0
600 0
601 0
602 0
603 0
604 0
605 0
606 0
607 0
608 0
609 0
610 0
611 0
612 0
613 0
614 0
615 0
616 0
617 0
618 0
619 0
620 0
621 0
622 0
623 0
624 0
625 0
626 0
627 0
628 0
629 0
630 0
631 0
632 0
633 0
634 0
635 0
636 0
637 0
638 0
639 0
640 0
641 0
642 0
643 0
644 7
645 0
646 0
647 10
648 0
649 0
650 9
651 0
652 0
653 16
654 0
655 0
656 18
657 0
658 0
659 18
660 0
661 0
662 21
663 0
664 0
665 23
666 0
667 0
668 26
669 0
670 0
671 27
672 0
673 0
674 28
675 0
676 0
677 29
678 0
679 0
680 32
681 0
682 0
683 32
684 0
685 0
686 34
687 0
688 0
689 37
690 0
691 32
692 38
693 0
694 0
695 48
696 0
697 0
698 228
699 0
0
254
0
0
252
248
0
238
254
0
189
189
0
254
237
0
237
184
0
3
207
0
221
0
0
224
218
0
236
236
0
244
244
0
243
243
0
111
111
0
112
195
0
188
188
0
252
252
0
235
199
0
200
166
0
220
240
0
250
252
0
147
70
0
47
191
0
238
70
0
147
178
0
87
64
0
110
9
0
155
122
0
75
226
0
197
132
0
65
243
0
126
159
0
209
99
0
175
135
0
29
140
0
251
170
0
158
146
0
179
90
0
33
31
0
131
81
0
59
137
0
102
104
0
52
102
0
187
249
0
99
118
0
224
129
0
178
243
0
97
123
0
55
100
0
0
189
0
140
62
0
0
219
0
0
0
0
0
0
0
0
0
0
1
1
1
1
1
1
1
1
1
1
1
0
1
1
1
1
1
1
1
1
1
1
1
0
1
1
1
1
1
0
1
1
1
1
1
0
1
1
0
1
1
1
1
1
0
1
1
0
1
1
0
1
1
0
1
1
0
1
1
0
1
1
0
1
1
0
1
1
0
1
1
0
1
1
0
1
1
0
1
1
0
0
0
0
0
0
0
0
0
0
0
0
0
0
0
0
0
0
0
0
0
0
0
0
0
0
0
0
0
0
0
0
0
0
0
0
0
0
0
0
0
0
0
0
0
0
0
0
0
0
0
0
0
0
0
0
0
0
0
0
0
0
0
0
0
0
0
0
0
0
0
0
0
0
0
0
0
0
0
0
0
0
0
0
0
0
0
0
0
0
0
0
0
0
0
0
0
0
0
0
0
0
0
0
0
0
0
0
0
0
0
0
0
0
0
0
0
0
0
0
0
0
0
0
0
0
0
0
0
0
0
0
0
0
0
0
0
0
0
0
0
0
0
0
0
0
0
0
0
0
0
0
0
0
0
0
0
0
0
0
0
0
0
0
0
0
0
0
0
0
0
0
0
0
0
0
0
0
0
0
0
0
0
0
0
0
0
0
0
0
0
0
0
0
0
0
0
0
0
0
0
0
0
0
0
0
0
0
0
0
0
0
0
0
0
0
0
0
0
0
0
0
0
0
0
0
0
0
0
0
0
0
0
0
0
0
0
0
0
0
0
0
0
0
0
0
0
0
0
0
0
0
0
0
0
0
0
0
0
0
0
0
0
0
0
0
0
0
0
0
0
0
0
0
0
0
0
0
0
0
0
0
0
0
0
0
0
0
0
0
0
0
0
0
0
0
0
0
0
0
0
0
0
0
0
0
0
0
0
0
0
0
0
0
0
0
0
0
0
0
0
0
0
0
0
0
0
0
0
0
0
0
0
0
0
0
0
0
0
0
0
0
0
0
0
0
0
0
0
0
0
0
0
0
0
0
0
0
0
0
0
0
0
0
0
0
0
0
0
0
0
0
0
0
0
0
0
0
0
0
0
0
0
0
0
0
0
0
0
0
0
0
0
0
0
0
0
0
0
0
0
7
0
0
10
0
0
9
0
0
16
0
0
18
0
0
18
0
0
21
0
0
23
0
0
26
0
0
27
0
0
28
0
0
29
0
0
32
0
0
32
0
0
34
0
0
37
0
32
38
0
0
48
0
0
228
0
