0
23
240
0
243
247
0
247
243
0
212
212
0
240
244
0
51
255
0
243
243
0
165
165
0
176
233
0
241
241
0
109
148
0
250
237
0
203
222
0
66
244
0
211
211
0
254
247
0
210
232
0
255
136
0
179
35
0
55
242
0
173
169
0
110
175
0
252
20
0
210
195
0
153
40
0
201
231
0
73
216
0
76
217
0
112
73
0
156
36
0
115
81
0
191
159
0
153
182
0
108
206
0
229
186
0
116
167
0
131
200
0
131
160
0
225
39
0
221
103
0
222
83
0
156
50
0
90
115
0
162
143
0
183
180
0
206
0
0
71
19
0
148
204
0
232
101
0
16
250
0
81
214
0
248
191
0
73
190
0
98
55
0
109
135
0
156
53
0
146
202
0
50
181
0
181
123
0
123
40
0
105
11
0
166
140
0
238
60
0
220
116
0
215
73
0
52
210
0
244
1
0
49
29
0
168
168
0
41
196
0
196
162
0
142
182
0
142
122
0
142
199
0
188
248
0
199
238
0
167
133
0
254
85
0
160
160
0
120
120
0
66
5
0
0
0
0
0
0
0
0
0
0
0
0
0
0
0
0
0
0
0
0
0
0
0
0
0
0
0
0
0
0
0
0
0
0
0
0
0
0
0
0
0
0
0
0
0
0
0
0
0
0
0
0
0
0
0
0
0
0
0
0
0
0
0
0
0
0
0
0
0
0
0
0
0
0
0
0
0
0
0
0
0
0
0
0
0
0
0
0
0
0
0
0
0
0
0
0
0
0
0
0
0
0
0
0
0
0
0
0
0
0
0
0
0
0
0
0
0
0
0
0
0
0
0
0
0
0
0
0
0
0
0
0
0
0
0
0
0
0
0
0
0
0
0
0
0
0
0
0
0
0
0
0
0
0
0
0
0
0
0
0
0
0
0
0
0
0
0
0
0
0
0
0
0
0
0
0
0
0
0
0
0
0
0
0
0
0
0
0
0
0
0
0
0
0
0
0
0
0
0
0
0
0
0
0
0
0
0
0
0
0
0
0
0
0
0
0
0
0
0
0
0
0
0
0
0
0
0
0
0
0
0
0
0
0
0
0
0
0
0
0
0
0
0
0
0
0
0
0
0
0
0
0
0
0
0
0
0
0
0
0
0
0
0
0
0
0
0
0
0
0
0
0
0
0
0
0
0
0
0
0
0
0
0
0
0
0
0
0
0
0
0
0
0
0
0
0
0
0
0
0
0
0
0
0
0
0
0
0
0
0
0
0
0
0
0
0
0
0
0
0
0
0
0
0
0
0
0
0
0
0
0
0
0
0
0
0
0
0
0
0
0
0
0
0
0
0
0
0
0
0
0
0
0
0
0
0
0
0
0
0
0
0
0
0
0
0
0
0
0
0
0
0
0
0
0
0
0
0
0
0
0
0
0
0
0
0
0
0
0
0
0
0
0
0
0
0
0
0
0
0
0
9
0
0
12
0
0
15
0
0
18
0
0
0
0
0
22
0
0
24
0
0
23
0
0
9
0
0
27
0
0
25
0
0
27
0
0
26
0
0
28
0
0
32
0
0
27
0
0
37
0
0
36
0
0
127
0
