0
253
252
0
116
235
0
238
224
0
208
227
0
227
232
0
208
125
0
62
62
0
186
247
0
144
195
0
138
60
0
206
121
0
214
173
0
207
244
0
127
168
0
239
170
0
235
172
0
210
184
0
228
244
0
34
98
0
178
254
0
190
171
0
241
191
0
182
193
0
210
39
0
219
28
0
2
254
0
246
184
0
31
71
0
1
52
0
93
184
0
214
98
0
123
6
0
241
241
0
47
171
0
223
58
0
208
46
0
138
191
0
30
244
0
98
98
0
12
203
0
178
12
0
105
131
0
239
94
0
137
90
0
178
204
0
94
152
0
131
254
0
55
137
0
202
146
0
104
45
0
45
249
0
172
228
0
9
199
0
145
186
0
142
127
0
254
47
0
254
36
0
254
138
0
226
185
0
226
201
0
229
102
0
229
226
0
95
80
0
215
233
0
142
63
0
40
197
0
197
133
0
156
99
0
55
200
0
199
84
0
30
116
0
116
125
0
44
158
0
193
116
0
187
187
0
246
246
0
243
212
0
245
245
0
249
249
0
231
231
0
231
3
0
0
0
0
0
0
0
0
0
0
0
0
0
0
0
0
0
0
0
0
0
0
0
0
0
0
0
0
0
0
0
0
0
0
0
0
0
0
0
0
0
0
0
0
0
0
0
0
0
0
0
0
0
0
0
0
0
0
0
0
0
0
0
0
0
0
0
0
0
0
0
0
0
0
0
0
0
0
0
0
0
0
0
0
0
0
0
0
0
0
0
0
0
0
0
0
0
0
0
0
0
0
0
0
0
0
0
0
0
0
0
0
0
0
0
0
0
0
0
0
0
0
0
0
0
0
0
0
0
0
0
0
0
0
0
0
0
0
0
0
0
0
0
0
0
0
0
0
0
0
0
0
0
0
0
0
0
0
0
0
0
0
0
0
0
0
0
0
0
0
0
0
0
0
0
0
0
0
0
0
0
0
0
0
0
0
0
0
0
0
0
0
0
0
0
0
0
0
0
0
0
0
0
0
0
0
0
0
0
0
0
0
0
0
0
0
0
0
0
0
0
0
0
0
0
0
0
0
0
0
0
0
0
0
0
0
0
0
0
0
0
0
0
0
0
0
0
0
0
0
0
0
0
0
0
0
0
0
0
0
0
0
0
0
0
0
0
0
0
0
0
0
0
0
0
0
0
0
0
0
0
0
0
0
0
0
0
0
0
0
0
0
0
0
0
0
0
0
0
0
0
0
0
0
0
0
0
0
0
0
0
0
0
0
0
0
0
0
0
0
0
0
0
0
0
0
0
0
0
0
0
0
0
0
0
0
0
0
0
0
0
0
0
0
0
0
0
0
0
0
0
0
0
0
0
0
0
0
0
0
0
0
0
0
0
0
0
0
0
0
0
0
0
0
0
0
0
0
0
0
0
0
0
0
0
0
0
0
0
0
0
0
0
0
0
0
0
0
1
0
0
4
0
0
10
0
0
13
0
0
15
0
0
19
0
0
20
0
0
22
0
0
24
0
0
24
0
0
29
0
0
31
0
0
30
0
0
32
0
0
31
0
0
35
0
0
36
0
0
37
0
0
42
0
0
205
0
