0
223
247
0
246
237
0
241
233
0
237
169
0
229
229
0
236
230
0
132
100
0
225
166
0
205
136
0
159
234
0
21
119
0
136
29
0
46
189
0
16
233
0
249
9
0
54
210
0
88
47
0
169
54
0
12
216
0
214
206
0
210
21
0
194
232
0
216
151
0
197
171
0
70
152
0
246
166
0
245
219
0
75
30
0
90
192
0
13
195
0
89
13
0
251
217
0
135
135
0
67
182
0
198
218
0
131
6
0
46
160
0
85
199
0
220
84
0
220
214
0
47
68
0
178
195
0
178
65
0
167
165
0
106
40
0
163
33
0
145
106
0
164
65
0
54
129
0
129
54
0
107
91
0
107
189
0
189
6
0
6
78
0
254
1
0
234
99
0
234
248
0
151
33
0
248
36
0
36
238
0
238
9
0
44
87
0
87
215
0
87
41
0
87
174
0
146
28
0
89
89
0
184
241
0
172
207
0
94
221
0
181
98
0
175
175
0
129
129
0
214
59
0
150
232
0
187
187
0
176
102
0
253
253
0
249
249
0
238
238
0
18
18
0
0
0
0
0
0
0
0
0
0
0
0
0
0
0
0
0
0
0
0
0
0
0
0
0
0
0
0
0
0
0
0
0
0
0
0
0
0
0
0
0
0
0
0
0
0
0
0
0
0
0
0
0
0
0
0
0
0
0
0
0
0
0
0
0
0
0
0
0
0
0
0
0
0
0
0
0
0
0
0
0
0
0
0
0
0
0
0
0
0
0
0
0
0
0
0
0
0
0
0
0
0
0
0
0
0
0
0
0
0
0
0
0
0
0
0
0
0
0
0
0
0
0
0
0
0
0
0
0
0
0
0
0
0
0
0
0
0
0
0
0
0
0
0
0
0
0
0
0
0
0
0
0
0
0
0
0
0
0
0
0
0
0
0
0
0
0
0
0
0
0
0
0
0
0
0
0
0
0
0
0
0
0
0
0
0
0
0
0
0
0
0
0
0
0
0
0
0
0
0
0
0
0
0
0
0
0
0
0
0
0
0
0
0
0
0
0
0
0
0
0
0
0
0
0
0
0
0
0
0
0
0
0
0
0
0
0
0
0
0
0
0
0
0
0
0
0
0
0
0
0
0
0
0
0
0
0
0
0
0
0
0
0
0
0
0
0
0
0
0
0
0
0
0
0
0
0
0
0
0
0
0
0
0
0
0
0
0
0
0
0
0
0
0
0
0
0
0
0
0
0
0
0
0
0
0
0
0
0
0
0
0
0
0
0
0
0
0
0
0
0
0
0
0
0
0
0
0
0
0
0
0
0
0
0
0
0
0
0
0
0
0
0
0
0
0
0
0
0
0
0
0
0
0
0
0
0
0
0
0
0
0
0
0
0
0
0
0
0
0
0
0
0
0
0
0
0
0
0
0
0
0
0
0
0
0
0
0
0
0
0
0
0
0
0
0
0
0
6
0
0
10
0
0
11
0
0
8
0
0
20
0
0
19
0
0
21
0
0
22
0
0
25
0
0
26
0
0
30
0
0
29
0
0
31
0
0
31
0
0
33
0
0
34
0
0
36
0
19
36
0
0
40
0
0
15
0
