0
234
235
0
244
254
0
254
226
0
223
32
0
233
233
0
36
36
0
220
177
0
71
42
0
240
215
0
220
251
0
215
101
0
9
225
0
238
18
0
129
200
0
134
134
0
178
225
0
102
125
0
253
35
0
167
55
0
235
123
0
182
91
0
63
147
0
33
4
0
162
162
0
179
9
0
75
206
0
140
86
0
157
181
0
6
178
0
202
129
0
69
55
0
110
127
0
107
211
0
81
251
0
68
210
0
177
127
0
248
201
0
254
255
0
170
75
0
25
188
0
17
236
0
183
167
0
206
209
0
68
236
0
154
171
0
183
99
0
187
191
0
223
213
0
217
61
0
125
177
0
194
177
0
215
187
0
60
146
0
102
49
0
211
114
0
202
232
0
150
160
0
189
45
0
189
140
0
140
12
0
140
193
0
249
237
0
33
34
0
34
35
0
195
60
0
31
119
0
252
131
0
183
183
0
61
170
0
98
210
0
194
159
0
241
169
0
208
239
0
64
237
0
206
206
0
61
80
0
141
215
0
178
217
0
112
1
0
112
200
0
137
14
0
0
0
0
0
0
0
0
0
0
0
0
0
0
0
0
0
0
0
0
0
0
0
0
0
0
0
0
0
0
0
0
0
0
0
0
0
0
0
0
0
0
0
0
0
0
0
0
0
0
0
0
0
0
0
0
0
0
0
0
0
0
0
0
0
0
0
0
0
0
0
0
0
0
0
0
0
0
0
0
0
0
0
0
0
0
0
0
0
0
0
0
0
0
0
0
0
0
0
0
0
0
0
0
0
0
0
0
0
0
0
0
0
0
0
0
0
0
0
0
0
0
0
0
0
0
0
0
0
0
0
0
0
0
0
0
0
0
0
0
0
0
0
0
0
0
0
0
0
0
0
0
0
0
0
0
0
0
0
0
0
0
0
0
0
0
0
0
0
0
0
0
0
0
0
0
0
0
0
0
0
0
0
0
0
0
0
0
0
0
0
0
0
0
0
0
0
0
0
0
0
0
0
0
0
0
0
0
0
0
0
0
0
0
0
0
0
0
0
0
0
0
0
0
0
0
0
0
0
0
0
0
0
0
0
0
0
0
0
0
0
0
0
0
0
0
0
0
0
0
0
0
0
0
0
0
0
0
0
0
0
0
0
0
0
0
0
0
0
0
0
0
0
0
0
0
0
0
0
0
0
0
0
0
0
0
0
0
0
0
0
0
0
0
0
0
0
0
0
0
0
0
0
0
0
0
0
0
0
0
0
0
0
0
0
0
0
0
0
0
0
0
0
0
0
0
0
0
0
0
0
0
0
0
0
0
0
0
0
0
0
0
0
0
0
0
0
0
0
0
0
0
0
0
0
0
0
0
0
0
0
0
0
0
0
0
0
0
0
0
0
0
0
0
0
0
0
0
0
0
0
0
0
0
0
0
0
0
0
0
0
0
0
0
0
0
0
0
0
0
0
2
0
0
14
0
0
14
0
0
16
0
0
18
0
0
10
0
0
14
0
0
22
0
0
25
0
0
24
0
0
24
0
0
29
0
0
29
0
0
34
0
0
32
0
0
32
0
0
34
0
0
36
0
0
155
0
