0
185
112
0
185
249
0
183
221
0
228
125
0
158
145
0
228
218
0
9
237
0
252
118
0
126
204
0
150
160
0
111
178
0
243
69
0
155
155
0
212
47
0
237
73
0
76
62
0
232
236
0
110
149
0
63
129
0
241
183
0
220
130
0
208
181
0
136
143
0
176
110
0
125
250
0
85
187
0
203
253
0
215
176
0
178
56
0
143
174
0
56
110
0
3
3
0
247
247
0
3
79
0
209
253
0
131
253
0
190
205
0
32
239
0
3
146
0
216
212
0
209
146
0
55
146
0
43
225
0
146
8
0
1
81
0
8
167
0
89
209
0
250
209
0
111
63
0
114
204
0
204
53
0
26
94
0
26
94
0
209
66
0
209
125
0
223
216
0
216
22
0
174
138
0
13
64
0
193
77
0
236
55
0
219
19
0
19
18
0
169
81
0
28
11
0
193
40
0
193
146
0
86
115
0
86
36
0
158
181
0
3
215
0
1
19
0
111
62
0
225
44
0
44
38
0
210
210
0
223
96
0
211
211
0
251
251
0
208
166
0
166
7
0
0
0
0
0
0
0
0
0
0
0
0
0
0
0
0
0
0
0
0
0
0
0
0
0
0
0
0
0
0
0
0
0
0
0
0
0
0
0
0
0
0
0
0
0
0
0
0
0
0
0
0
0
0
0
0
0
0
0
0
0
0
0
0
0
0
0
0
0
0
0
0
0
0
0
0
0
0
0
0
0
0
0
0
0
0
0
0
0
0
0
0
0
0
0
0
0
0
0
0
0
0
0
0
0
0
0
0
0
0
0
0
0
0
0
0
0
0
0
0
0
0
0
0
0
0
0
0
0
0
0
0
0
0
0
0
0
0
0
0
0
0
0
0
0
0
0
0
0
0
0
0
0
0
0
0
0
0
0
0
0
0
0
0
0
0
0
0
0
0
0
0
0
0
0
0
0
0
0
0
0
0
0
0
0
0
0
0
0
0
0
0
0
0
0
0
0
0
0
0
0
0
0
0
0
0
0
0
0
0
0
0
0
0
0
0
0
0
0
0
0
0
0
0
0
0
0
0
0
0
0
0
0
0
0
0
0
0
0
0
0
0
0
0
0
0
0
0
0
0
0
0
0
0
0
0
0
0
0
0
0
0
0
0
0
0
0
0
0
0
0
0
0
0
0
0
0
0
0
0
0
0
0
0
0
0
0
0
0
0
0
0
0
0
0
0
0
0
0
0
0
0
0
0
0
0
0
0
0
0
0
0
0
0
0
0
0
0
0
0
0
0
0
0
0
0
0
0
0
0
0
0
0
0
0
0
0
0
0
0
0
0
0
0
0
0
0
0
0
0
0
0
0
0
0
0
0
0
0
0
0
0
0
0
0
0
0
0
0
0
0
0
0
0
0
0
0
0
0
0
0
0
0
0
0
0
0
0
0
0
0
0
0
0
0
0
0
0
6
0
0
4
0
0
9
0
0
12
0
0
16
0
0
17
0
0
21
0
0
23
0
0
25
0
0
24
0
0
28
0
0
28
0
0
29
0
0
31
0
0
34
0
0
35
0
0
35
0
0
37
0
0
38
0
0
133
0
