12:00:48.528 -> Timestamp, Temperature (ºC), Error, Delta_T, State, PWM output, Current, PWM / Current
12:00:50.160 -> Timestamp, Temperature (ºC), Error, Delta_T, State, PWM output, Current, PWM / Current
12:00:51.184 -> 20.37, 20.37, 20.37, 773, 0, -0.19, 0.00
12:00:52.230 -> 20.37, 20.37, 0.00, 763, 0, -0.19, 0.00
12:00:53.222 -> 20.37, 20.37, 0.00, 763, 0, -0.19, 0.00
12:00:54.274 -> 20.37, 20.37, 0.00, 763, 0, -0.19, 0.00
12:00:55.273 -> 20.37, 20.37, 0.00, 763, 0, -0.19, 0.00
12:00:56.301 -> 25.17
12:00:56.301 -> 20.37, -4.80, 0.00, 7, 255, -0.19, -1349.21
12:00:57.336 -> 20.20, -4.97, -0.17, -1, 255, -0.19, -1349.21
12:00:58.357 -> 20.20, -4.97, 0.00, 1, 255, -0.19, -1349.21
12:00:59.385 -> 20.20, -4.97, 0.00, 1, 255, -0.19, -1349.21
12:01:00.415 -> 20.20, -4.97, 0.00, 1, 255, -0.19, -1349.21
12:01:01.421 -> 20.20, -4.97, 0.00, 1, 255, -0.19, -1349.21
12:01:02.452 -> 20.20, -4.97, 0.00, 1, 255, -0.19, -1349.21
12:01:03.473 -> 20.20, -4.97, 0.00, 1, 255, -0.19, -1349.21
12:01:04.482 -> 20.20, -4.97, 0.00, 1, 255, -0.19, -1349.21
12:01:05.518 -> 20.20, -4.97, 0.00, 1, 255, -0.19, -1349.21
12:01:06.549 -> 20.12, -5.06, -0.09, -3, 255, -0.19, -1349.21
12:01:07.573 -> 20.12, -5.06, 0.00, -99, 255, -0.19, -1349.21
12:01:08.595 -> 20.12, -5.06, 0.00, -99, 255, -0.19, -1349.21
12:01:09.618 -> 20.12, -5.06, 0.00, -99, 255, -0.19, -1349.21
12:01:10.616 -> 20.12, -5.06, 0.00, -99, 255, -0.19, -1349.21
12:01:11.668 -> 20.12, -5.06, 0.00, -99, 255, -0.19, -1349.21
12:01:12.671 -> 20.12, -5.06, 0.00, -99, 255, -0.19, -1349.21
12:01:13.686 -> 20.12, -5.06, 0.00, -99, 255, -0.19, -1349.21
12:01:14.715 -> 20.12, -5.06, 0.00, -99, 255, -0.19, -1349.21
12:01:15.738 -> 20.12, -5.06, 0.00, -99, 255, -0.19, -1349.21
12:01:16.765 -> 20.12, -5.06, 0.00, -99, 255, -0.19, -1349.21
12:01:17.809 -> 20.12, -5.06, 0.00, -99, 255, -0.19, -1349.21
12:01:18.808 -> 20.12, -5.06, 0.00, -99, 255, -0.19, -1349.21
12:01:19.846 -> 20.12, -5.06, 0.00, -99, 255, -0.19, -1349.21
12:01:20.871 -> 20.12, -5.06, 0.00, -99, 255, -0.19, -1349.21
12:01:21.881 -> 20.12, -5.06, 0.00, -99, 255, -0.19, -1349.21
12:01:22.907 -> 20.12, -5.06, 0.00, -99, 255, -0.19, -1349.21
12:01:23.939 -> 20.03, -5.14, -0.09, -3, 255, -0.19, -1349.21
12:01:24.971 -> 20.20, -4.97, 0.17, 3, 255, -0.19, -1349.21
12:01:25.969 -> 20.03, -5.14, -0.17, -4, 255, -0.19, -1349.21
12:01:26.991 -> 19.86, -5.31, -0.17, -10, 255, -0.19, -1349.21
12:01:28.019 -> 19.86, -5.31, 0.00, -105, 255, -0.19, -1349.21
12:01:29.066 -> 19.78, -5.40, -0.09, -12, 255, -0.19, -1349.21
12:01:30.063 -> 19.69, -5.48, -0.09, -15, 255, -0.19, -1349.21
12:01:31.084 -> 19.69, -5.48, 0.00, -111, 255, -0.19, -1349.21
12:01:32.114 -> 19.69, -5.48, 0.00, -111, 255, -0.19, -1349.21
12:01:33.135 -> 19.69, -5.48, 0.00, -111, 255, -0.19, -1349.21
12:01:34.187 -> 19.69, -5.48, 0.00, -111, 255, -0.19, -1349.21
12:01:35.183 -> 19.69, -5.48, 0.00, -111, 255, -0.19, -1349.21
12:01:36.229 -> 19.44, -5.74, -0.26, -23, 255, -0.19, -1349.21
12:01:37.223 -> 19.35, -5.82, -0.08, -24, 255, -0.19, -1349.21
12:01:38.275 -> 19.01, -6.16, -0.34, -38, 255, -0.19, -1349.21
12:01:39.275 -> 19.52, -5.65, 0.51, -112, 255, -0.19, -1349.21
12:01:40.307 -> 19.10, -6.08, -0.42, -36, 255, -0.19, -1349.21
12:01:41.336 -> 19.01, -6.16, -0.08, -36, 255, -0.19, -1349.21
12:01:42.364 -> 18.76, -6.42, -0.25, -44, 255, -0.19, -1349.21
12:01:43.380 -> 18.25, -6.92, -0.51, -61, 255, -0.19, -1349.21
12:01:44.393 -> 18.08, -7.09, -0.17, -64, 255, -0.19, -1349.21
12:01:45.425 -> 18.76, -6.42, 0.68, -131, 255, -0.19, -1349.21
12:01:46.469 -> 18.84, -6.33, 0.08, -134, 255, -0.19, -1349.21
12:01:47.456 -> 18.67, -6.50, -0.17, -46, 255, -0.19, -1349.21
12:01:48.491 -> 18.84, -6.33, 0.17, -133, 255, -0.19, -1349.21
12:01:49.515 -> 19.10, -6.08, 0.25, -126, 255, -0.19, -1349.21
12:01:50.533 -> 19.27, -5.91, 0.17, -121, 255, -0.19, -1349.21
12:01:51.557 -> 19.18, -5.99, -0.08, -30, 255, -0.19, -1349.21
12:01:52.603 -> 19.18, -5.99, 0.00, -126, 255, -0.19, -1349.21
12:01:53.596 -> 19.69, -5.48, 0.51, -106, 255, -0.19, -1349.21
12:01:54.622 -> 19.86, -5.31, 0.17, -103, 255, -0.19, -1349.21
12:01:55.673 -> 19.69, -5.48, -0.17, -16, 255, -0.19, -1349.21
12:01:56.698 -> 19.69, -5.48, 0.00, -111, 255, -0.19, -1349.21
12:01:57.700 -> 19.52, -5.65, -0.17, -22, 255, -0.19, -1349.21
12:01:58.725 -> 19.52, -5.65, 0.00, -117, 255, -0.19, -1349.21
12:01:59.748 -> 19.52, -5.65, 0.00, -117, 255, -0.19, -1349.21
12:02:00.773 -> 19.52, -5.65, 0.00, -117, 255, -0.19, -1349.21
12:02:01.797 -> 19.52, -5.65, 0.00, -117, 255, -0.19, -1349.21
12:02:02.839 -> 19.44, -5.74, -0.08, -21, 255, -0.19, -1349.21
12:02:03.858 -> 19.44, -5.74, 0.00, -117, 255, -0.19, -1349.21
12:02:04.857 -> 19.44, -5.74, 0.00, -117, 255, -0.19, -1349.21
12:02:05.880 -> 19.35, -5.82, -0.08, -24, 255, -0.19, -1349.21
12:02:06.907 -> 19.35, -5.82, 0.00, -120, 255, -0.19, -1349.21
12:02:07.930 -> 19.35, -5.82, 0.00, -120, 255, -0.19, -1349.21
12:02:08.977 -> 19.69, -5.48, 0.34, -108, 255, -0.19, -1349.21
12:04:43.452 -> Timestamp, Temperature (ºC), Error, Delta_T, State, PWM output, Current, PWM / Current
12:04:44.488 -> 20.97, 20.97, 20.97, 797, 0, -0.19, 0.00
12:04:45.521 -> 20.97, 20.97, 0.00, 781, 0, -0.19, 0.00
12:04:46.546 -> 20.97, 20.97, 0.00, 781, 0, -0.19, 0.00
12:04:47.578 -> 20.97, 20.97, 0.00, 781, 0, -0.19, 0.00
12:04:48.582 -> 20.97, 20.97, 0.00, 781, 0, -0.19, 0.00
12:04:49.623 -> 25.77
12:04:49.623 -> 20.97, -4.80, 0.00, 7, 255, 0.11, 2287.39
12:04:50.640 -> 20.71, -5.06, -0.26, -5, 255, 0.64, 400.11
12:04:51.660 -> 20.71, -5.06, 0.00, -99, 255, 3.83, 66.58
12:04:52.680 -> 20.88, -4.89, 0.17, 6, 255, 3.83, 66.58
12:04:55.214 -> Timestamp, Temperature (ºC), Error, Delta_T, State, PWM output, Current, PWM / Current
12:04:56.251 -> 20.97, 20.97, 20.97, 797, 0, 0.04, 0.00
12:04:57.270 -> 20.97, 20.97, 0.00, 781, 0, 0.11, 0.00
12:04:58.295 -> 20.97, 20.97, 0.00, 781, 0, -0.00, 0.00
12:04:59.330 -> 20.97, 20.97, 0.00, 781, 0, 0.04, 0.00
12:05:00.350 -> 20.97, 20.97, 0.00, 781, 0, -0.00, 0.00
12:05:01.346 -> 25.77
12:05:01.382 -> 20.97, -4.80, 0.00, 7, 255, 0.26, 974.32
12:05:02.370 -> 20.97, -4.80, 0.00, 7, 255, 3.83, 66.58
12:05:03.427 -> 20.97, -4.80, 0.00, 7, 255, 3.87, 65.93
12:05:04.418 -> 20.97, -4.80, 0.00, 7, 255, 3.79, 67.24
12:05:05.440 -> 20.97, -4.80, 0.00, 7, 255, 3.79, 67.24
12:05:06.471 -> 21.06, -4.71, 0.09, 11, 255, 3.79, 67.24
12:05:07.506 -> 21.06, -4.71, 0.00, 10, 255, 3.79, 67.24
12:05:08.510 -> 21.06, -4.71, 0.00, 10, 255, 3.79, 67.24
12:05:09.530 -> 21.14, -4.63, 0.09, 14, 255, 3.87, 65.93
12:05:10.563 -> 21.14, -4.63, 0.00, 13, 255, 3.83, 66.58
12:05:11.595 -> 21.23, -4.54, 0.09, 17, 255, 3.83, 66.58
12:05:12.615 -> 21.31, -4.46, 0.09, 17, 255, 3.75, 67.91
12:05:13.621 -> 21.40, -4.37, 0.09, 20, 255, 3.79, 67.24
12:05:14.676 -> 21.48, -4.29, 0.09, 23, 255, 3.79, 67.24
12:05:15.704 -> 21.57, -4.20, 0.09, 26, 255, 3.79, 67.24
12:05:16.721 -> 21.66, -4.11, 0.09, 29, 255, 3.83, 66.58
12:05:17.731 -> 21.74, -4.03, 0.09, 32, 255, 3.79, 67.24
12:05:18.755 -> 21.83, -3.94, 0.09, 35, 255, 3.83, 66.58
12:05:19.793 -> 21.91, -3.86, 0.09, 35, 255, 3.75, 67.91
12:05:20.810 -> 22.00, -3.77, 0.09, 38, 255, 3.83, 66.58
12:05:21.813 -> 22.09, -3.68, 0.09, 41, 255, 3.87, 65.93
12:05:22.861 -> 22.17, -3.60, 0.09, 44, 255, 3.83, 66.58
12:05:23.860 -> 22.26, -3.51, 0.09, 47, 255, 3.79, 67.24
12:05:24.888 -> 22.26, -3.51, 0.00, 46, 255, 3.87, 65.93
12:05:25.926 -> 22.35, -3.42, 0.09, 50, 255, 3.79, 67.24
12:05:26.944 -> 22.43, -3.34, 0.09, 53, 255, 3.79, 67.24
12:05:27.976 -> 22.43, -3.34, 0.00, 52, 255, 3.83, 66.58
12:05:28.972 -> 22.52, -3.25, 0.09, 53, 255, 3.83, 66.58
12:05:29.992 -> 22.52, -3.25, 0.00, 52, 255, 3.79, 67.24
12:05:31.019 -> 22.60, -3.17, 0.09, 56, 255, 3.87, 65.93
12:05:32.048 -> 22.60, -3.17, 0.00, 55, 255, 3.79, 67.24
12:05:33.080 -> 22.69, -3.08, 0.09, 59, 255, 3.79, 67.24
12:05:34.095 -> 22.69, -3.08, 0.00, 58, 255, 3.79, 67.24
12:05:35.125 -> 22.78, -2.99, 0.09, 62, 251, 3.64, 68.92
12:05:36.156 -> 22.86, -2.91, 0.09, 65, 249, 3.83, 65.01
12:05:37.165 -> 22.86, -2.91, 0.00, 64, 251, 3.75, 66.85
12:05:38.188 -> 22.95, -2.82, 0.09, 68, 253, 3.79, 66.71
12:05:39.225 -> 22.95, -2.82, 0.00, 67, 249, 3.75, 66.31
12:05:40.253 -> 23.04, -2.73, 0.09, 71, 249, 3.72, 66.98
12:05:41.267 -> 23.04, -2.73, 0.00, 70, 251, 3.57, 70.37
12:05:42.282 -> 23.12, -2.65, 0.09, 74, 249, 3.79, 65.66
12:05:43.312 -> 23.12, -2.65, 0.00, 73, 251, 3.75, 66.85
12:05:44.337 -> 23.21, -2.56, 0.09, 74, 249, 3.79, 65.66
12:05:45.374 -> 23.21, -2.56, 0.00, 73, 251, 3.75, 66.85
12:05:46.377 -> 23.30, -2.47, 0.09, 77, 243, 3.75, 64.72
12:05:47.405 -> 23.30, -2.47, 0.00, 76, 231, 3.75, 61.52
12:05:48.438 -> 23.39, -2.38, 0.09, 80, 253, 3.30, 76.57
12:05:49.463 -> 23.39, -2.38, 0.00, 79, 231, 3.79, 60.91
12:05:50.478 -> 23.47, -2.30, 0.09, 83, 251, 3.57, 70.37
12:05:51.507 -> 23.47, -2.30, 0.00, 82, 231, 3.72, 62.14
12:05:52.521 -> 23.56, -2.21, 0.09, 86, 251, 3.68, 68.21
12:05:53.534 -> 23.56, -2.21, 0.00, 85, 251, 3.79, 66.19
12:05:54.575 -> 23.65, -2.12, 0.09, 89, 103, 3.68, 27.99
12:05:55.593 -> 23.73, -2.04, 0.09, 92, 14, 1.05, 13.33
12:05:56.623 -> 23.73, -2.04, 0.00, 91, 23, 0.34, 68.28
12:05:57.641 -> 23.82, -1.95, 0.09, 95, 249, 0.94, 265.51
12:05:58.654 -> 23.73, -2.04, -0.09, 90, 0, 3.57, 0.00
12:05:59.675 -> 23.91, -1.86, 0.17, 96, 0, -0.00, 0.00
12:06:00.713 -> 23.91, -1.86, 0.00, 94, 189, 0.19, 1012.86
12:06:01.737 -> 23.91, -1.86, 0.00, 94, 189, 3.45, 54.71
12:06:02.751 -> 23.91, -1.86, 0.00, 94, 189, 2.63, 71.92
12:06:03.787 -> 23.91, -1.86, 0.00, 94, 189, 2.52, 75.14
12:06:04.795 -> 24.00, -1.77, 0.09, 98, 65, 3.57, 18.22
12:06:05.833 -> 24.00, -1.77, 0.00, 97, 129, 1.58, 81.84
12:06:06.846 -> 24.00, -1.77, 0.00, 97, 129, 1.09, 118.56
12:06:07.850 -> 24.00, -1.77, 0.00, 97, 129, 2.44, 52.86
12:06:08.879 -> 24.08, -1.69, 0.09, 101, 14, 2.59, 5.40
12:06:09.905 -> 24.08, -1.69, 0.00, 100, 7, 0.07, 94.70
12:06:10.917 -> 24.08, -1.69, 0.00, 100, 7, 0.15, 46.97
12:06:11.961 -> 24.08, -1.69, 0.00, 100, 7, 0.26, 26.75
12:06:12.985 -> 24.08, -1.69, 0.00, 100, 7, 0.11, 62.79
12:06:13.994 -> 24.17, -1.60, 0.09, 104, 108, 0.19, 578.78
12:06:15.015 -> 24.08, -1.69, -0.09, 99, 0, 2.63, 0.00
12:06:16.039 -> 24.17, -1.60, 0.09, 104, 108, 0.04, 2970.25
12:06:17.079 -> 24.17, -1.60, 0.00, 103, 44, 0.90, 48.88
12:06:18.095 -> 24.17, -1.60, 0.00, 103, 44, 0.75, 58.67
12:06:19.103 -> 24.26, -1.51, 0.09, 107, 251, 1.31, 191.11
12:06:20.149 -> 24.17, -1.60, -0.09, 102, 0, 3.60, 0.00
12:06:21.145 -> 24.26, -1.51, 0.09, 107, 251, 0.22, 1119.73
12:06:22.204 -> 24.17, -1.60, -0.09, 102, 0, 3.53, 0.00
12:06:23.218 -> 24.26, -1.51, 0.09, 107, 251, 0.30, 838.68
12:06:24.248 -> 24.17, -1.60, -0.09, 102, 0, 3.57, 0.00
12:06:25.244 -> 24.26, -1.51, 0.09, 107, 251, 0.22, 1119.73
12:06:26.273 -> 24.17, -1.60, -0.09, 102, 0, 3.60, 0.00
12:06:27.296 -> 24.26, -1.51, 0.09, 107, 251, 0.22, 1119.73
12:06:28.335 -> 24.17, -1.60, -0.09, 102, 0, 3.57, 0.00
12:06:29.332 -> 24.35, -1.42, 0.18, 111, 0, 0.04, 0.00
12:06:30.371 -> 24.35, -1.42, 0.00, 109, 160, 0.15, 1073.53
12:06:31.409 -> 24.26, -1.51, -0.09, 105, 0, 1.73, 0.00
12:06:32.422 -> 24.43, -1.34, 0.18, 114, 0, 0.04, 0.00
12:06:33.432 -> 24.43, -1.34, 0.00, 112, 136, -0.00, -113379.28
12:06:34.446 -> 24.43, -1.34, 0.00, 112, 136, 1.76, 77.09
12:06:35.471 -> 24.52, -1.25, 0.09, 116, 198, 1.13, 175.91
12:06:36.522 -> 24.52, -1.25, 0.00, 115, 0, 3.38, 0.00
12:06:37.522 -> 24.61, -1.16, 0.09, 116, 198, 0.26, 756.53
12:06:38.553 -> 24.52, -1.25, -0.09, 114, 0, 2.14, 0.00
12:06:39.594 -> 24.61, -1.16, 0.09, 116, 198, 0.26, 756.53
12:06:40.598 -> 24.61, -1.16, 0.00, 115, 0, 2.89, 0.00
12:06:41.636 -> 24.70, -1.07, 0.09, 119, 198, 0.30, 661.58
12:06:42.640 -> 24.70, -1.07, 0.00, 118, 7, 2.52, 2.78
12:06:43.665 -> 24.79, -0.98, 0.09, 122, 244, 0.11, 2188.72
12:06:44.682 -> 24.79, -0.98, 0.00, 121, 0, 3.49, 0.00
12:06:45.729 -> 24.87, -0.90, 0.09, 125, 244, 0.22, 1088.50
12:06:46.735 -> 24.79, -0.98, -0.09, 120, 0, 3.57, 0.00
12:06:47.769 -> 24.96, -0.81, 0.18, 129, 0, -0.00, 0.00
12:06:48.806 -> 24.96, -0.81, 0.00, 127, 0, -0.00, 0.00
12:06:49.824 -> 25.05, -0.72, 0.09, 131, 211, 0.26, 806.20
12:06:50.834 -> 24.96, -0.81, -0.09, 126, 0, 2.74, 0.00
12:06:51.866 -> 25.05, -0.72, 0.09, 131, 211, 0.04, 5802.99
12:06:52.875 -> 25.05, -0.72, 0.00, 130, 0, 3.00, 0.00
12:06:53.914 -> 25.14, -0.63, 0.09, 134, 13, 0.07, 175.86
12:06:54.917 -> 25.14, -0.63, 0.00, 133, 7, 0.34, 20.78
12:06:55.954 -> 25.23, -0.54, 0.09, 137, 110, 0.34, 326.56
12:06:56.970 -> 25.23, -0.54, 0.00, 136, 7, 0.90, 7.78
12:06:58.010 -> 25.32, -0.45, 0.09, 137, 110, 0.19, 589.49
12:06:59.034 -> 25.32, -0.45, 0.00, 136, 7, 2.14, 3.27
12:07:00.034 -> 25.32, -0.45, 0.00, 136, 7, 0.15, 46.97
12:07:01.064 -> 25.41, -0.36, 0.09, 140, 149, 0.19, 798.50
12:07:02.104 -> 25.32, -0.45, -0.09, 135, 0, 1.80, 0.00
12:07:03.123 -> 25.41, -0.36, 0.09, 140, 149, 0.30, 497.86
12:07:04.147 -> 25.41, -0.36, 0.00, 139, 26, 2.29, 11.35
12:07:05.152 -> 25.49, -0.28, 0.09, 143, 36, 0.34, 106.88
12:07:06.168 -> 25.49, -0.28, 0.00, 142, 37, 1.01, 36.53
12:07:07.192 -> 25.49, -0.28, 0.00, 142, 37, 0.22, 165.06
12:07:08.208 -> 25.58, -0.19, 0.09, 146, 37, 0.41, 89.81
12:07:09.243 -> 25.58, -0.19, 0.00, 145, 171, 0.94, 182.34
12:07:10.279 -> 25.49, -0.28, -0.09, 141, 0, 2.40, 0.00
12:07:11.307 -> 25.58, -0.19, 0.09, 146, 37, 0.26, 141.37
12:07:12.325 -> 25.58, -0.19, 0.00, 145, 171, 0.79, 217.13
12:07:13.354 -> 25.58, -0.19, 0.00, 145, 171, 2.85, 59.93
12:07:14.373 -> 25.58, -0.19, 0.00, 145, 171, 1.91, 89.32
12:07:15.378 -> 25.58, -0.19, 0.00, 145, 171, 2.89, 59.15
12:07:16.403 -> 25.67, -0.10, 0.09, 149, 37, 3.15, 11.73
12:07:17.423 -> 25.76, -0.01, 0.09, 152, 37, 1.16, 31.81
12:07:18.454 -> 25.76, -0.01, 0.00, 151, 7, 0.26, 26.75
12:07:19.470 -> 25.76, -0.01, 0.00, 151, 7, 0.15, 46.97
12:07:20.488 -> 25.85, 0.08, 0.09, 155, 36, 0.37, 96.15
12:07:21.509 -> 25.85, 0.08, 0.00, 154, 93, 0.30, 310.74
12:07:22.560 -> 25.85, 0.08, 0.00, 154, 93, 1.28, 72.89
12:07:23.561 -> 25.94, 0.17, 0.09, 158, 224, 2.25, 99.45
12:07:24.600 -> 25.85, 0.08, -0.09, 153, 0, 2.74, 0.00
12:07:25.624 -> 26.03, 0.26, 0.18, 162, 0, -0.04, 0.00
12:07:26.642 -> 26.12, 0.35, 0.09, 161, 0, 0.04, 0.00
12:07:27.678 -> 26.12, 0.35, 0.00, 160, 0, 0.04, 0.00
12:07:28.677 -> 26.21, 0.44, 0.09, 164, 0, -0.00, 0.00
12:07:29.712 -> 26.21, 0.44, 0.00, 163, 0, -0.00, 0.00
12:07:30.732 -> 26.21, 0.44, 0.00, 163, 0, 0.04, 0.00
12:07:31.760 -> 26.21, 0.44, 0.00, 163, 0, 0.04, 0.00
12:07:32.792 -> 26.21, 0.44, 0.00, 163, 0, 0.04, 0.00
12:07:33.800 -> 26.30, 0.53, 0.09, 167, 1, 0.26, 3.82
12:07:34.818 -> 26.30, 0.53, 0.00, 166, 0, 0.11, 0.00
12:07:35.846 -> 26.30, 0.53, 0.00, 166, 0, 0.04, 0.00
12:07:36.854 -> 26.30, 0.53, 0.00, 166, 0, 0.04, 0.00
12:07:37.896 -> 26.39, 0.62, 0.09, 170, 1, 0.04, 27.50
12:07:38.918 -> 26.39, 0.62, 0.00, 169, 0, 0.04, 0.00
12:07:39.927 -> 26.39, 0.62, 0.00, 169, 0, -0.00, 0.00
12:07:40.961 -> 26.39, 0.62, 0.00, 169, 0, 0.04, 0.00
12:07:41.987 -> 26.39, 0.62, 0.00, 169, 0, 0.07, 0.00
12:07:43.014 -> 26.39, 0.62, 0.00, 169, 0, 0.04, 0.00
12:07:44.025 -> 26.39, 0.62, 0.00, 169, 0, 0.04, 0.00
12:07:45.063 -> 26.39, 0.62, 0.00, 169, 0, 0.04, 0.00
12:07:46.088 -> 26.39, 0.62, 0.00, 169, 0, 0.04, 0.00
12:07:47.101 -> 26.39, 0.62, 0.00, 169, 0, 0.04, 0.00
12:07:48.116 -> 26.39, 0.62, 0.00, 169, 0, -0.00, 0.00
12:07:49.136 -> 26.39, 0.62, 0.00, 169, 0, 0.04, 0.00
12:07:50.183 -> 26.39, 0.62, 0.00, 169, 0, 0.04, 0.00
12:07:51.181 -> 26.48, 0.71, 0.09, 173, 1, 0.04, 27.50
12:07:52.226 -> 26.39, 0.62, -0.09, 168, 0, 0.07, 0.00
12:07:53.231 -> 26.48, 0.71, 0.09, 173, 1, -0.00, -833.67
12:07:54.266 -> 26.48, 0.71, 0.00, 172, 0, -0.00, 0.00
12:07:55.298 -> 26.48, 0.71, 0.00, 172, 0, 0.04, 0.00
12:07:56.303 -> 26.48, 0.71, 0.00, 172, 0, -0.00, 0.00
12:07:57.340 -> 26.48, 0.71, 0.00, 172, 0, 0.07, 0.00
12:07:58.357 -> 26.48, 0.71, 0.00, 172, 0, 0.04, 0.00
12:07:59.370 -> 26.48, 0.71, 0.00, 172, 0, -0.00, 0.00
12:08:00.406 -> 26.48, 0.71, 0.00, 172, 0, -0.04, 0.00
12:08:01.413 -> 26.48, 0.71, 0.00, 172, 0, 0.04, 0.00
12:08:02.435 -> 26.48, 0.71, 0.00, 172, 0, -0.00, 0.00
12:08:03.460 -> 26.48, 0.71, 0.00, 172, 0, -0.04, 0.00
12:08:04.490 -> 26.48, 0.71, 0.00, 172, 0, 0.04, 0.00
12:08:05.501 -> 26.48, 0.71, 0.00, 172, 0, 0.04, 0.00
12:08:06.555 -> 26.48, 0.71, 0.00, 172, 0, -0.04, 0.00
12:08:07.572 -> 26.48, 0.71, 0.00, 172, 0, -0.00, 0.00
12:08:08.596 -> 26.48, 0.71, 0.00, 172, 0, 0.04, 0.00
12:08:09.602 -> 26.48, 0.71, 0.00, 172, 0, 0.04, 0.00
12:08:10.625 -> 26.48, 0.71, 0.00, 172, 0, -0.00, 0.00
12:08:11.658 -> 26.48, 0.71, 0.00, 172, 0, 0.04, 0.00
12:08:12.669 -> 26.48, 0.71, 0.00, 172, 0, -0.04, 0.00
12:08:13.711 -> 26.56, 0.80, 0.09, 176, 0, 0.04, 0.00
12:08:14.712 -> 26.56, 0.80, 0.00, 175, 0, -0.00, 0.00
12:08:15.736 -> 26.48, 0.71, -0.09, 171, 0, -0.00, 0.00
12:08:16.758 -> 26.56, 0.80, 0.09, 176, 0, 0.07, 0.00
12:08:17.775 -> 26.56, 0.80, 0.00, 175, 0, 0.04, 0.00
12:08:18.823 -> 26.56, 0.80, 0.00, 175, 0, 0.04, 0.00
12:08:19.833 -> 26.56, 0.80, 0.00, 175, 0, 0.07, 0.00
12:08:20.866 -> 26.56, 0.80, 0.00, 175, 0, 0.04, 0.00
12:08:21.881 -> 26.56, 0.80, 0.00, 175, 0, -0.00, 0.00
12:08:22.915 -> 26.56, 0.80, 0.00, 175, 0, -0.04, 0.00
12:08:23.939 -> 26.56, 0.80, 0.00, 175, 0, 0.04, 0.00
12:08:24.939 -> 26.56, 0.80, 0.00, 175, 0, 0.04, 0.00
12:08:25.965 -> 26.56, 0.80, 0.00, 175, 0, 0.11, 0.00
12:08:26.982 -> 26.56, 0.80, 0.00, 175, 0, 0.04, 0.00
12:08:28.036 -> 26.56, 0.80, 0.00, 175, 0, -0.00, 0.00
12:08:29.031 -> 26.56, 0.80, 0.00, 175, 0, -0.00, 0.00
12:08:30.069 -> 26.56, 0.80, 0.00, 175, 0, 0.04, 0.00
12:08:31.100 -> 26.65, 0.88, 0.09, 179, 0, -0.00, 0.00
12:08:32.124 -> 26.65, 0.88, 0.00, 178, 0, -0.00, 0.00
12:08:33.124 -> 26.65, 0.88, 0.00, 178, 0, 0.04, 0.00
12:08:34.148 -> 26.65, 0.88, 0.00, 178, 0, 0.04, 0.00
12:08:35.198 -> 26.65, 0.88, 0.00, 178, 0, -0.08, 0.00
12:08:36.211 -> 26.65, 0.88, 0.00, 178, 0, -0.00, 0.00
12:08:37.221 -> 26.65, 0.88, 0.00, 178, 0, 0.04, 0.00
12:08:38.236 -> 26.65, 0.88, 0.00, 178, 0, -0.04, 0.00
12:08:39.268 -> 26.65, 0.88, 0.00, 178, 0, -0.00, 0.00
12:08:40.284 -> 26.65, 0.88, 0.00, 178, 0, -0.00, 0.00
12:08:41.314 -> 26.65, 0.88, 0.00, 178, 0, -0.00, 0.00
12:08:42.348 -> 26.65, 0.88, 0.00, 178, 0, 0.04, 0.00
12:08:43.373 -> 26.65, 0.88, 0.00, 178, 0, 0.04, 0.00
12:08:44.372 -> 26.65, 0.88, 0.00, 178, 0, 0.04, 0.00
12:08:45.413 -> 26.65, 0.88, 0.00, 178, 0, -0.00, 0.00
12:08:46.434 -> 26.65, 0.88, 0.00, 178, 0, 0.07, 0.00
12:08:47.451 -> 26.65, 0.88, 0.00, 178, 0, 0.04, 0.00
12:08:48.485 -> 26.65, 0.88, 0.00, 178, 0, 0.04, 0.00
12:08:49.519 -> 26.74, 0.97, 0.09, 182, 0, 0.07, 0.00
12:08:50.514 -> 26.65, 0.88, -0.09, 177, 0, -0.00, 0.00
12:08:51.538 -> 26.74, 0.97, 0.09, 182, 0, 0.04, 0.00
12:08:52.570 -> 26.74, 0.97, 0.00, 181, 0, 0.07, 0.00
12:08:53.615 -> 26.74, 0.97, 0.00, 181, 0, 0.04, 0.00
12:08:54.601 -> 26.74, 0.97, 0.00, 181, 0, 0.07, 0.00
12:08:55.654 -> 26.74, 0.97, 0.00, 181, 0, -0.00, 0.00
12:08:56.662 -> 26.74, 0.97, 0.00, 181, 0, -0.00, 0.00
12:08:57.698 -> 26.74, 0.97, 0.00, 181, 0, -0.04, 0.00
12:08:58.724 -> 26.74, 0.97, 0.00, 181, 0, -0.00, 0.00
12:08:59.742 -> 26.74, 0.97, 0.00, 181, 0, -0.00, 0.00
12:09:00.753 -> 26.74, 0.97, 0.00, 181, 0, -0.08, 0.00
12:09:01.783 -> 26.74, 0.97, 0.00, 181, 0, 0.04, 0.00
12:09:02.810 -> 26.74, 0.97, 0.00, 181, 0, -0.00, 0.00
12:09:03.808 -> 26.74, 0.97, 0.00, 181, 0, -0.00, 0.00
12:09:04.846 -> 26.74, 0.97, 0.00, 181, 0, 0.04, 0.00
12:09:05.870 -> 26.74, 0.97, 0.00, 181, 0, 0.07, 0.00
12:09:06.907 -> 26.74, 0.97, 0.00, 181, 0, -0.00, 0.00
12:09:07.902 -> 26.83, 1.06, 0.09, 185, 0, -0.00, 0.00
12:09:08.941 -> 26.74, 0.97, -0.09, 180, 0, -0.00, 0.00
12:09:09.948 -> 26.74, 0.97, 0.00, 181, 0, 0.04, 0.00
12:09:10.970 -> 26.74, 0.97, 0.00, 181, 0, -0.04, 0.00
12:09:12.005 -> 26.83, 1.06, 0.09, 185, 0, 0.04, 0.00
12:09:13.023 -> 26.83, 1.06, 0.00, 184, 0, 0.04, 0.00
12:09:14.060 -> 26.74, 0.97, -0.09, 180, 0, -0.08, 0.00
12:09:15.091 -> 26.83, 1.06, 0.09, 185, 0, -0.00, 0.00
12:09:16.107 -> 26.83, 1.06, 0.00, 184, 0, -0.00, 0.00
12:09:17.125 -> 26.83, 1.06, 0.00, 184, 0, 0.04, 0.00
12:09:18.159 -> 26.83, 1.06, 0.00, 184, 0, 0.04, 0.00
12:09:19.153 -> 26.83, 1.06, 0.00, 184, 0, -0.08, 0.00
12:09:20.188 -> 26.83, 1.06, 0.00, 184, 0, 0.04, 0.00
12:09:21.228 -> 26.83, 1.06, 0.00, 184, 0, -0.00, 0.00
12:09:22.247 -> 26.83, 1.06, 0.00, 184, 0, -0.00, 0.00
12:09:23.279 -> 26.83, 1.06, 0.00, 184, 0, 0.04, 0.00
12:09:24.295 -> 26.83, 1.06, 0.00, 184, 0, 0.07, 0.00
12:09:25.311 -> 26.83, 1.06, 0.00, 184, 0, -0.00, 0.00
12:09:26.348 -> 26.83, 1.06, 0.00, 184, 0, 0.04, 0.00
12:09:27.335 -> 26.83, 1.06, 0.00, 184, 0, 0.04, 0.00
12:09:28.362 -> 26.83, 1.06, 0.00, 184, 0, -0.00, 0.00
12:09:29.399 -> 26.83, 1.06, 0.00, 184, 0, -0.00, 0.00
12:09:30.440 -> 26.83, 1.06, 0.00, 184, 0, -0.00, 0.00
12:09:31.444 -> 26.83, 1.06, 0.00, 184, 0, -0.00, 0.00
12:09:32.469 -> 26.83, 1.06, 0.00, 184, 0, 0.07, 0.00
12:09:33.477 -> 26.83, 1.06, 0.00, 184, 0, -0.00, 0.00
12:09:34.508 -> 26.83, 1.06, 0.00, 184, 0, -0.00, 0.00
12:09:35.548 -> 26.83, 1.06, 0.00, 184, 0, 0.04, 0.00
12:09:36.556 -> 26.83, 1.06, 0.00, 184, 0, -0.00, 0.00
12:09:37.581 -> 26.83, 1.06, 0.00, 184, 0, -0.00, 0.00
12:09:38.596 -> 26.83, 1.06, 0.00, 184, 0, 0.04, 0.00
12:09:39.636 -> 26.83, 1.06, 0.00, 184, 0, -0.00, 0.00
12:09:40.655 -> 26.83, 1.06, 0.00, 184, 0, 0.04, 0.00
12:09:41.659 -> 26.83, 1.06, 0.00, 184, 0, 0.04, 0.00
12:09:42.705 -> 26.83, 1.06, 0.00, 184, 0, -0.00, 0.00
12:09:43.701 -> 26.92, 1.15, 0.09, 188, 0, 0.04, 0.00
12:09:44.728 -> 26.92, 1.15, 0.00, 187, 0, 0.04, 0.00
12:09:45.752 -> 26.92, 1.15, 0.00, 187, 0, -0.00, 0.00
12:09:46.799 -> 26.92, 1.15, 0.00, 187, 0, -0.00, 0.00
12:09:47.817 -> 26.92, 1.15, 0.00, 187, 0, 0.04, 0.00
12:09:48.816 -> 26.92, 1.15, 0.00, 187, 0, -0.00, 0.00
12:09:49.843 -> 26.92, 1.15, 0.00, 187, 0, 0.07, 0.00
12:09:50.872 -> 26.92, 1.15, 0.00, 187, 0, 0.04, 0.00
12:09:51.909 -> 26.92, 1.15, 0.00, 187, 0, -0.04, 0.00
12:09:52.915 -> 26.92, 1.15, 0.00, 187, 0, 0.04, 0.00
12:09:53.953 -> 26.92, 1.15, 0.00, 187, 0, -0.00, 0.00
12:09:54.960 -> 26.92, 1.15, 0.00, 187, 0, 0.04, 0.00
12:09:56.002 -> 26.92, 1.15, 0.00, 187, 0, 0.04, 0.00
12:09:57.017 -> 26.92, 1.15, 0.00, 187, 0, -0.00, 0.00
12:09:58.052 -> 26.92, 1.15, 0.00, 187, 0, -0.00, 0.00
12:09:59.079 -> 26.92, 1.15, 0.00, 187, 0, 0.04, 0.00
12:10:00.101 -> 26.92, 1.15, 0.00, 187, 0, -0.00, 0.00
12:10:01.120 -> 26.92, 1.15, 0.00, 187, 0, 0.04, 0.00
12:10:02.114 -> 26.92, 1.15, 0.00, 187, 0, 0.07, 0.00
12:10:03.149 -> 26.92, 1.15, 0.00, 187, 0, 0.04, 0.00
12:10:04.166 -> 26.92, 1.15, 0.00, 187, 0, 0.07, 0.00
12:10:05.184 -> 26.92, 1.15, 0.00, 187, 0, -0.00, 0.00
12:10:06.207 -> 26.92, 1.15, 0.00, 187, 0, 0.07, 0.00
12:10:07.245 -> 26.92, 1.15, 0.00, 187, 0, -0.00, 0.00
12:10:08.277 -> 26.92, 1.15, 0.00, 187, 0, -0.00, 0.00
12:10:09.294 -> 26.92, 1.15, 0.00, 187, 0, 0.07, 0.00
12:10:10.322 -> 26.92, 1.15, 0.00, 187, 0, 0.04, 0.00
12:10:11.320 -> 26.92, 1.15, 0.00, 187, 0, 0.04, 0.00
12:10:12.350 -> 26.92, 1.15, 0.00, 187, 0, -0.00, 0.00
12:10:13.368 -> 26.92, 1.15, 0.00, 187, 0, 0.04, 0.00
12:10:14.398 -> 26.92, 1.15, 0.00, 187, 0, 0.04, 0.00
12:10:15.430 -> 26.92, 1.15, 0.00, 187, 0, 0.04, 0.00
12:10:16.458 -> 26.92, 1.15, 0.00, 187, 0, -0.04, 0.00
12:10:17.486 -> 26.92, 1.15, 0.00, 187, 0, 0.04, 0.00
12:10:18.500 -> 26.92, 1.15, 0.00, 187, 0, -0.00, 0.00
12:10:19.511 -> 26.92, 1.15, 0.00, 187, 0, 0.04, 0.00
12:10:20.551 -> 26.92, 1.15, 0.00, 187, 0, 0.07, 0.00
12:10:21.587 -> 26.92, 1.15, 0.00, 187, 0, -0.00, 0.00
12:10:22.575 -> 26.92, 1.15, 0.00, 187, 0, -0.00, 0.00
12:10:23.624 -> 26.92, 1.15, 0.00, 187, 0, 0.04, 0.00
12:10:24.627 -> 26.92, 1.15, 0.00, 187, 0, 0.04, 0.00
12:10:25.651 -> 26.92, 1.15, 0.00, 187, 0, 0.07, 0.00
12:10:26.673 -> 26.92, 1.15, 0.00, 187, 0, 0.04, 0.00
12:10:27.689 -> 27.01, 1.25, 0.09, 188, 0, -0.00, 0.00
12:10:28.720 -> 26.92, 1.15, -0.09, 186, 0, 0.04, 0.00
12:10:29.758 -> 27.01, 1.25, 0.09, 188, 0, -0.00, 0.00
12:10:30.778 -> 26.92, 1.15, -0.09, 186, 0, 0.04, 0.00
12:10:31.795 -> 26.92, 1.15, 0.00, 187, 0, -0.00, 0.00
12:10:32.815 -> 26.92, 1.15, 0.00, 187, 0, 0.04, 0.00
12:10:33.844 -> 26.92, 1.15, 0.00, 187, 0, 0.04, 0.00
12:10:34.859 -> 27.01, 1.25, 0.09, 188, 0, 0.04, 0.00
12:10:35.889 -> 26.92, 1.15, -0.09, 186, 0, -0.00, 0.00
12:10:36.921 -> 27.01, 1.25, 0.09, 188, 0, 0.04, 0.00
12:10:37.948 -> 27.01, 1.25, 0.00, 187, 0, 0.04, 0.00
12:10:38.941 -> 26.92, 1.15, -0.09, 186, 0, 0.04, 0.00
12:10:39.996 -> 27.01, 1.25, 0.09, 188, 0, -0.00, 0.00
12:10:40.993 -> 27.01, 1.25, 0.00, 187, 0, -0.00, 0.00
12:10:42.032 -> 26.92, 1.15, -0.09, 186, 0, -0.00, 0.00
12:10:43.062 -> 27.01, 1.25, 0.09, 188, 0, 0.04, 0.00
12:10:44.080 -> 27.01, 1.25, 0.00, 187, 0, 0.04, 0.00
12:10:45.114 -> 26.92, 1.15, -0.09, 186, 0, 0.04, 0.00
12:10:46.116 -> 27.01, 1.25, 0.09, 188, 0, 0.04, 0.00
12:10:47.157 -> 27.01, 1.25, 0.00, 187, 0, 0.04, 0.00
12:10:48.179 -> 27.01, 1.25, 0.00, 187, 0, 0.04, 0.00
12:10:49.182 -> 27.01, 1.25, 0.00, 187, 0, 0.04, 0.00
12:10:50.220 -> 26.92, 1.15, -0.09, 186, 0, 0.04, 0.00
12:10:51.224 -> 27.01, 1.25, 0.09, 188, 0, -0.00, 0.00
12:10:52.264 -> 27.01, 1.25, 0.00, 187, 0, -0.00, 0.00
12:10:53.287 -> 26.92, 1.15, -0.09, 186, 0, 0.04, 0.00
12:10:54.313 -> 27.01, 1.25, 0.09, 188, 0, 0.04, 0.00
12:10:55.342 -> 27.01, 1.25, 0.00, 187, 0, -0.00, 0.00
12:10:56.338 -> 27.01, 1.25, 0.00, 187, 0, -0.00, 0.00
12:10:57.380 -> 27.01, 1.25, 0.00, 187, 0, 0.04, 0.00
12:10:58.405 -> 27.01, 1.25, 0.00, 187, 0, 0.04, 0.00
12:10:59.425 -> 26.92, 1.15, -0.09, 186, 0, 0.04, 0.00
12:11:00.428 -> 27.01, 1.25, 0.09, 188, 0, 0.04, 0.00
12:11:01.461 -> 27.01, 1.25, 0.00, 187, 0, -0.00, 0.00
12:11:02.501 -> 27.01, 1.25, 0.00, 187, 0, 0.04, 0.00
12:11:03.505 -> 27.01, 1.25, 0.00, 187, 0, 0.04, 0.00
12:11:04.529 -> 27.01, 1.25, 0.00, 187, 0, -0.04, 0.00
12:11:05.549 -> 27.01, 1.25, 0.00, 187, 0, 0.04, 0.00
12:11:06.578 -> 27.01, 1.25, 0.00, 187, 0, -0.00, 0.00
12:11:07.614 -> 27.01, 1.25, 0.00, 187, 0, -0.00, 0.00
12:11:08.617 -> 27.01, 1.25, 0.00, 187, 0, 0.11, 0.00
12:11:09.658 -> 27.01, 1.25, 0.00, 187, 0, -0.00, 0.00
12:11:10.682 -> 26.92, 1.15, -0.09, 186, 0, -0.04, 0.00
12:11:11.705 -> 27.01, 1.25, 0.09, 188, 0, 0.04, 0.00
12:11:12.729 -> 26.92, 1.15, -0.09, 186, 0, 0.07, 0.00
12:11:13.724 -> 26.92, 1.15, 0.00, 187, 0, 0.04, 0.00
12:11:14.761 -> 26.92, 1.15, 0.00, 187, 0, 0.04, 0.00
12:11:15.798 -> 27.01, 1.25, 0.09, 188, 0, 0.04, 0.00
12:11:16.797 -> 26.92, 1.15, -0.09, 186, 0, 0.04, 0.00
12:11:17.817 -> 27.01, 1.25, 0.09, 188, 0, 0.04, 0.00
12:11:18.857 -> 26.92, 1.15, -0.09, 186, 0, -0.00, 0.00
12:11:19.890 -> 27.01, 1.25, 0.09, 188, 0, 0.07, 0.00
12:11:20.889 -> 27.01, 1.25, 0.00, 187, 0, 0.04, 0.00
12:11:21.909 -> 27.01, 1.25, 0.00, 187, 0, -0.00, 0.00
12:11:22.938 -> 27.10, 1.34, 0.09, 191, 0, -0.00, 0.00
12:11:23.952 -> 27.01, 1.25, -0.09, 186, 0, 0.04, 0.00
12:11:24.978 -> 27.01, 1.25, 0.00, 187, 0, 0.04, 0.00
12:11:26.022 -> 27.01, 1.25, 0.00, 187, 0, -0.00, 0.00
12:11:27.029 -> 27.01, 1.25, 0.00, 187, 0, 0.04, 0.00
12:11:28.060 -> 27.01, 1.25, 0.00, 187, 0, -0.04, 0.00
12:11:29.100 -> 27.01, 1.25, 0.00, 187, 0, 0.04, 0.00
12:11:30.123 -> 26.92, 1.15, -0.09, 186, 0, -0.00, 0.00
12:11:31.114 -> 26.92, 1.15, 0.00, 187, 0, -0.00, 0.00
12:11:32.142 -> 27.01, 1.25, 0.09, 188, 0, 0.11, 0.00
12:11:33.184 -> 27.01, 1.25, 0.00, 187, 0, 0.04, 0.00
12:11:34.207 -> 27.01, 1.25, 0.00, 187, 0, -0.00, 0.00
12:11:35.228 -> 27.01, 1.25, 0.00, 187, 0, 0.04, 0.00
12:11:36.247 -> 27.01, 1.25, 0.00, 187, 0, 0.04, 0.00
12:11:37.271 -> 26.92, 1.15, -0.09, 186, 0, -0.00, 0.00
12:11:38.282 -> 27.01, 1.25, 0.09, 188, 0, -0.08, 0.00
12:11:39.328 -> 26.92, 1.15, -0.09, 186, 0, 0.04, 0.00
12:11:40.330 -> 27.01, 1.25, 0.09, 188, 0, 0.07, 0.00
12:11:41.343 -> 27.01, 1.25, 0.00, 187, 0, -0.00, 0.00
12:11:42.383 -> 26.92, 1.15, -0.09, 186, 0, -0.04, 0.00
12:11:43.390 -> 27.01, 1.25, 0.09, 188, 0, -0.00, 0.00
12:11:44.438 -> 26.92, 1.15, -0.09, 186, 0, -0.00, 0.00
12:11:45.448 -> 26.92, 1.15, 0.00, 187, 0, 0.04, 0.00
12:11:46.465 -> 27.01, 1.25, 0.09, 188, 0, 0.04, 0.00
12:11:47.487 -> 26.92, 1.15, -0.09, 186, 0, -0.00, 0.00
12:11:48.510 -> 26.92, 1.15, 0.00, 187, 0, -0.00, 0.00
12:11:49.548 -> 26.92, 1.15, 0.00, 187, 0, 0.04, 0.00
12:11:50.575 -> 27.01, 1.25, 0.09, 188, 0, 0.04, 0.00
12:11:51.600 -> 27.01, 1.25, 0.00, 187, 0, -0.00, 0.00
12:11:52.603 -> 26.92, 1.15, -0.09, 186, 0, -0.00, 0.00
12:11:53.624 -> 26.92, 1.15, 0.00, 187, 0, 0.07, 0.00
12:11:54.660 -> 26.92, 1.15, 0.00, 187, 0, 0.04, 0.00
12:11:55.672 -> 26.92, 1.15, 0.00, 187, 0, -0.04, 0.00
12:11:56.692 -> 26.92, 1.15, 0.00, 187, 0, 0.04, 0.00
12:11:57.723 -> 27.01, 1.25, 0.09, 188, 0, 0.07, 0.00
12:11:58.758 -> 26.92, 1.15, -0.09, 186, 0, 0.04, 0.00
12:11:59.760 -> 26.92, 1.15, 0.00, 187, 0, -0.04, 0.00
12:12:00.797 -> 26.92, 1.15, 0.00, 187, 0, 0.04, 0.00
12:12:01.801 -> 26.92, 1.15, 0.00, 187, 0, -0.04, 0.00
12:12:02.827 -> 26.92, 1.15, 0.00, 187, 0, 0.04, 0.00
12:12:03.854 -> 26.92, 1.15, 0.00, 187, 0, 0.07, 0.00
12:12:04.893 -> 26.92, 1.15, 0.00, 187, 0, -0.00, 0.00
12:12:05.921 -> 26.92, 1.15, 0.00, 187, 0, 0.07, 0.00
12:12:06.941 -> 26.92, 1.15, 0.00, 187, 0, 0.04, 0.00
12:12:07.969 -> 26.92, 1.15, 0.00, 187, 0, 0.07, 0.00
12:12:08.989 -> 26.92, 1.15, 0.00, 187, 0, 0.04, 0.00
12:12:10.000 -> 26.92, 1.15, 0.00, 187, 0, 0.07, 0.00
12:12:11.026 -> 26.92, 1.15, 0.00, 187, 0, -0.00, 0.00
12:12:12.053 -> 26.92, 1.15, 0.00, 187, 0, 0.04, 0.00
12:12:13.086 -> 26.92, 1.15, 0.00, 187, 0, 0.04, 0.00
12:12:14.081 -> 26.92, 1.15, 0.00, 187, 0, -0.00, 0.00
12:12:15.130 -> 27.01, 1.25, 0.09, 188, 0, -0.00, 0.00
12:12:16.134 -> 26.92, 1.15, -0.09, 186, 0, 0.04, 0.00
12:12:17.153 -> 27.01, 1.25, 0.09, 188, 0, -0.04, 0.00
12:12:18.189 -> 26.92, 1.15, -0.09, 186, 0, 0.04, 0.00
12:12:19.213 -> 26.92, 1.15, 0.00, 187, 0, 0.07, 0.00
12:12:20.239 -> 26.92, 1.15, 0.00, 187, 0, 0.04, 0.00
12:12:21.258 -> 26.92, 1.15, 0.00, 187, 0, 0.04, 0.00
12:12:22.290 -> 26.92, 1.15, 0.00, 187, 0, -0.00, 0.00
12:12:23.317 -> 26.92, 1.15, 0.00, 187, 0, 0.04, 0.00
12:12:24.318 -> 26.92, 1.15, 0.00, 187, 0, 0.04, 0.00
12:12:25.363 -> 26.92, 1.15, 0.00, 187, 0, -0.00, 0.00
12:12:26.358 -> 26.92, 1.15, 0.00, 187, 0, -0.08, 0.00
12:12:27.390 -> 26.92, 1.15, 0.00, 187, 0, 0.04, 0.00
12:12:28.406 -> 26.92, 1.15, 0.00, 187, 0, -0.04, 0.00
12:12:29.432 -> 26.92, 1.15, 0.00, 187, 0, -0.00, 0.00
12:12:30.454 -> 26.92, 1.15, 0.00, 187, 0, -0.00, 0.00
12:12:31.484 -> 26.92, 1.15, 0.00, 187, 0, 0.04, 0.00
12:12:32.515 -> 26.92, 1.15, 0.00, 187, 0, 0.04, 0.00
12:12:33.549 -> 26.92, 1.15, 0.00, 187, 0, -0.08, 0.00
12:12:34.552 -> 26.92, 1.15, 0.00, 187, 0, 0.04, 0.00
12:12:35.573 -> 26.92, 1.15, 0.00, 187, 0, 0.04, 0.00
12:12:36.604 -> 26.92, 1.15, 0.00, 187, 0, 0.04, 0.00
12:12:37.623 -> 26.92, 1.15, 0.00, 187, 0, -0.00, 0.00
12:12:38.657 -> 26.92, 1.15, 0.00, 187, 0, 0.04, 0.00
12:12:39.656 -> 26.92, 1.15, 0.00, 187, 0, 0.04, 0.00
12:12:40.700 -> 26.92, 1.15, 0.00, 187, 0, 0.04, 0.00
12:12:41.727 -> 26.92, 1.15, 0.00, 187, 0, 0.04, 0.00
12:12:42.732 -> 26.83, 1.06, -0.09, 183, 0, 0.04, 0.00
12:12:43.768 -> 26.92, 1.15, 0.09, 188, 0, 0.04, 0.00
12:12:44.793 -> 26.92, 1.15, 0.00, 187, 0, 0.04, 0.00
12:12:45.790 -> 26.83, 1.06, -0.09, 183, 0, 0.04, 0.00
12:12:46.817 -> 26.83, 1.06, 0.00, 184, 0, 0.04, 0.00
12:12:47.851 -> 26.83, 1.06, 0.00, 184, 0, -0.00, 0.00
12:12:48.858 -> 26.83, 1.06, 0.00, 184, 0, 0.04, 0.00
12:12:49.902 -> 26.83, 1.06, 0.00, 184, 0, 0.04, 0.00
12:12:50.936 -> 26.83, 1.06, 0.00, 184, 0, 0.07, 0.00
12:12:51.932 -> 26.83, 1.06, 0.00, 184, 0, -0.00, 0.00
12:12:52.969 -> 26.92, 1.15, 0.09, 188, 0, -0.00, 0.00
12:12:53.975 -> 26.83, 1.06, -0.09, 183, 0, -0.00, 0.00
12:12:55.017 -> 26.83, 1.06, 0.00, 184, 0, 0.04, 0.00
12:12:56.029 -> 26.83, 1.06, 0.00, 184, 0, 0.04, 0.00
12:12:57.064 -> 26.83, 1.06, 0.00, 184, 0, -0.00, 0.00
12:12:58.075 -> 26.83, 1.06, 0.00, 184, 0, 0.04, 0.00
12:12:59.104 -> 26.83, 1.06, 0.00, 184, 0, 0.07, 0.00
12:13:00.114 -> 26.83, 1.06, 0.00, 184, 0, 0.04, 0.00
12:13:01.144 -> 26.83, 1.06, 0.00, 184, 0, 0.07, 0.00
12:13:02.168 -> 26.83, 1.06, 0.00, 184, 0, 0.04, 0.00
12:13:03.209 -> 26.83, 1.06, 0.00, 184, 0, 0.04, 0.00
12:13:04.208 -> 26.83, 1.06, 0.00, 184, 0, 0.07, 0.00
12:13:05.249 -> 26.83, 1.06, 0.00, 184, 0, 0.04, 0.00
12:13:06.269 -> 26.83, 1.06, 0.00, 184, 0, -0.00, 0.00
12:13:07.277 -> 26.83, 1.06, 0.00, 184, 0, 0.04, 0.00
12:13:08.296 -> 26.83, 1.06, 0.00, 184, 0, 0.04, 0.00
12:13:09.323 -> 26.83, 1.06, 0.00, 184, 0, -0.00, 0.00
12:13:10.348 -> 26.83, 1.06, 0.00, 184, 0, -0.00, 0.00
12:13:11.370 -> 26.83, 1.06, 0.00, 184, 0, -0.04, 0.00
12:13:12.392 -> 26.83, 1.06, 0.00, 184, 0, 0.04, 0.00
12:13:13.442 -> 26.83, 1.06, 0.00, 184, 0, 0.04, 0.00
12:13:14.435 -> 26.83, 1.06, 0.00, 184, 0, 0.04, 0.00
12:13:15.477 -> 26.83, 1.06, 0.00, 184, 0, 0.04, 0.00
12:13:16.493 -> 26.83, 1.06, 0.00, 184, 0, 0.04, 0.00
12:13:17.534 -> 26.83, 1.06, 0.00, 184, 0, 0.07, 0.00
12:13:18.554 -> 26.83, 1.06, 0.00, 184, 0, 0.04, 0.00
12:13:19.561 -> 26.83, 1.06, 0.00, 184, 0, -0.04, 0.00
12:13:20.594 -> 26.83, 1.06, 0.00, 184, 0, 0.04, 0.00
12:13:21.598 -> 26.83, 1.06, 0.00, 184, 0, 0.04, 0.00
12:13:22.646 -> 26.83, 1.06, 0.00, 184, 0, 0.04, 0.00
12:13:23.655 -> 26.83, 1.06, 0.00, 184, 0, 0.04, 0.00
12:13:24.684 -> 26.83, 1.06, 0.00, 184, 0, 0.11, 0.00
12:13:25.685 -> 26.74, 0.97, -0.09, 180, 0, -0.00, 0.00
12:13:26.712 -> 26.83, 1.06, 0.09, 185, 0, -0.00, 0.00
12:13:27.743 -> 26.74, 0.97, -0.09, 180, 0, 0.07, 0.00
12:13:28.764 -> 26.74, 0.97, 0.00, 181, 0, 0.04, 0.00
12:13:29.811 -> 26.74, 0.97, 0.00, 181, 0, 0.04, 0.00
12:13:30.810 -> 26.74, 0.97, 0.00, 181, 0, 0.04, 0.00
12:13:31.828 -> 26.83, 1.06, 0.09, 185, 0, -0.00, 0.00
12:13:32.863 -> 26.74, 0.97, -0.09, 180, 0, 0.07, 0.00
12:13:33.900 -> 26.74, 0.97, 0.00, 181, 0, 0.04, 0.00
12:13:34.931 -> 26.74, 0.97, 0.00, 181, 0, 0.04, 0.00
12:13:35.930 -> 26.74, 0.97, 0.00, 181, 0, -0.04, 0.00
12:13:36.948 -> 26.74, 0.97, 0.00, 181, 0, -0.00, 0.00
12:13:37.991 -> 26.74, 0.97, 0.00, 181, 0, -0.00, 0.00
12:13:38.998 -> 26.74, 0.97, 0.00, 181, 0, 0.04, 0.00
12:13:40.010 -> 26.74, 0.97, 0.00, 181, 0, 0.04, 0.00
12:13:41.060 -> 26.74, 0.97, 0.00, 181, 0, 0.07, 0.00
12:13:42.082 -> 26.74, 0.97, 0.00, 181, 0, 0.04, 0.00
12:13:43.103 -> 26.74, 0.97, 0.00, 181, 0, 0.04, 0.00
12:13:44.120 -> 26.74, 0.97, 0.00, 181, 0, -0.00, 0.00
12:13:45.135 -> 26.74, 0.97, 0.00, 181, 0, -0.00, 0.00
12:13:46.155 -> 26.74, 0.97, 0.00, 181, 0, 0.04, 0.00
12:13:47.199 -> 26.74, 0.97, 0.00, 181, 0, 0.07, 0.00
12:13:48.209 -> 26.74, 0.97, 0.00, 181, 0, -0.00, 0.00
12:13:49.243 -> 26.74, 0.97, 0.00, 181, 0, 0.04, 0.00
12:13:50.259 -> 26.74, 0.97, 0.00, 181, 0, -0.04, 0.00
12:13:51.283 -> 26.74, 0.97, 0.00, 181, 0, 0.04, 0.00
12:13:52.309 -> 26.74, 0.97, 0.00, 181, 0, -0.00, 0.00
12:13:53.335 -> 26.74, 0.97, 0.00, 181, 0, -0.04, 0.00
12:13:54.363 -> 26.74, 0.97, 0.00, 181, 0, 0.04, 0.00
12:13:55.385 -> 26.74, 0.97, 0.00, 181, 0, 0.04, 0.00
12:13:56.400 -> 26.74, 0.97, 0.00, 181, 0, -0.00, 0.00
12:13:57.403 -> 26.74, 0.97, 0.00, 181, 0, -0.00, 0.00
12:13:58.429 -> 26.74, 0.97, 0.00, 181, 0, -0.04, 0.00
12:13:59.468 -> 26.74, 0.97, 0.00, 181, 0, 0.04, 0.00
12:14:00.473 -> 26.74, 0.97, 0.00, 181, 0, -0.00, 0.00
12:14:01.503 -> 26.74, 0.97, 0.00, 181, 0, 0.07, 0.00
12:14:02.516 -> 26.74, 0.97, 0.00, 181, 0, -0.00, 0.00
12:14:03.568 -> 26.74, 0.97, 0.00, 181, 0, -0.00, 0.00
12:14:04.589 -> 26.74, 0.97, 0.00, 181, 0, -0.00, 0.00
12:14:05.603 -> 26.65, 0.88, -0.09, 177, 0, -0.00, 0.00
12:14:06.626 -> 26.74, 0.97, 0.09, 182, 0, 0.04, 0.00
12:14:07.648 -> 26.65, 0.88, -0.09, 177, 0, 0.04, 0.00
12:14:08.685 -> 26.74, 0.97, 0.09, 182, 0, -0.00, 0.00
12:14:09.706 -> 26.65, 0.88, -0.09, 177, 0, 0.04, 0.00
12:14:10.729 -> 26.65, 0.88, 0.00, 178, 0, -0.04, 0.00
12:14:11.722 -> 26.65, 0.88, 0.00, 178, 0, -0.00, 0.00
12:14:12.755 -> 26.65, 0.88, 0.00, 178, 0, -0.00, 0.00
12:14:13.789 -> 26.65, 0.88, 0.00, 178, 0, -0.04, 0.00
12:14:14.805 -> 26.65, 0.88, 0.00, 178, 0, 0.04, 0.00
12:14:15.829 -> 26.65, 0.88, 0.00, 178, 0, -0.00, 0.00
12:14:16.857 -> 26.65, 0.88, 0.00, 178, 0, 0.07, 0.00
12:14:17.868 -> 26.65, 0.88, 0.00, 178, 0, 0.04, 0.00
12:14:18.885 -> 26.65, 0.88, 0.00, 178, 0, -0.00, 0.00
12:14:19.910 -> 26.65, 0.88, 0.00, 178, 0, -0.04, 0.00
12:14:20.942 -> 26.65, 0.88, 0.00, 178, 0, 0.04, 0.00
12:14:21.969 -> 26.65, 0.88, 0.00, 178, 0, 0.04, 0.00
12:14:22.991 -> 26.65, 0.88, 0.00, 178, 0, 0.04, 0.00
12:14:24.028 -> 26.65, 0.88, 0.00, 178, 0, -0.00, 0.00
12:14:25.028 -> 26.65, 0.88, 0.00, 178, 0, 0.04, 0.00
12:14:26.053 -> 26.65, 0.88, 0.00, 178, 0, -0.00, 0.00
12:14:27.082 -> 26.65, 0.88, 0.00, 178, 0, 0.04, 0.00
12:14:28.109 -> 26.65, 0.88, 0.00, 178, 0, -0.00, 0.00
12:14:29.111 -> 26.65, 0.88, 0.00, 178, 0, -0.04, 0.00
12:14:30.160 -> 26.65, 0.88, 0.00, 178, 0, 0.04, 0.00
12:14:31.188 -> 26.65, 0.88, 0.00, 178, 0, -0.04, 0.00
12:14:32.209 -> 26.65, 0.88, 0.00, 178, 0, -0.00, 0.00
12:14:33.203 -> 26.65, 0.88, 0.00, 178, 0, -0.00, 0.00
12:14:34.238 -> 26.65, 0.88, 0.00, 178, 0, 0.04, 0.00
12:14:35.257 -> 26.65, 0.88, 0.00, 178, 0, -0.00, 0.00
12:14:36.290 -> 26.56, 0.80, -0.09, 174, 0, -0.00, 0.00
12:14:37.302 -> 26.65, 0.88, 0.09, 179, 0, 0.07, 0.00
12:14:38.329 -> 26.56, 0.80, -0.09, 174, 0, 0.04, 0.00
12:14:39.358 -> 26.56, 0.80, 0.00, 175, 0, 0.04, 0.00
12:14:40.390 -> 26.56, 0.80, 0.00, 175, 0, 0.04, 0.00
12:14:41.407 -> 26.56, 0.80, 0.00, 175, 0, -0.00, 0.00
12:14:42.432 -> 26.56, 0.80, 0.00, 175, 0, 0.04, 0.00
12:14:43.452 -> 26.56, 0.80, 0.00, 175, 0, -0.08, 0.00
12:14:44.458 -> 26.56, 0.80, 0.00, 175, 0, 0.04, 0.00
12:14:45.476 -> 26.56, 0.80, 0.00, 175, 0, 0.07, 0.00
12:14:46.505 -> 26.56, 0.80, 0.00, 175, 0, 0.04, 0.00
12:14:47.552 -> 26.56, 0.80, 0.00, 175, 0, -0.00, 0.00
12:14:48.575 -> 26.56, 0.80, 0.00, 175, 0, 0.04, 0.00
12:14:49.571 -> 26.56, 0.80, 0.00, 175, 0, 0.04, 0.00
12:14:50.599 -> 26.56, 0.80, 0.00, 175, 0, 0.04, 0.00
12:14:51.633 -> 26.56, 0.80, 0.00, 175, 0, -0.00, 0.00
12:14:52.671 -> 26.56, 0.80, 0.00, 175, 0, 0.04, 0.00
12:14:53.673 -> 26.56, 0.80, 0.00, 175, 0, -0.04, 0.00
12:14:54.711 -> 26.56, 0.80, 0.00, 175, 0, 0.04, 0.00
12:14:55.703 -> 26.56, 0.80, 0.00, 175, 0, 0.04, 0.00
12:14:56.732 -> 26.56, 0.80, 0.00, 175, 0, 0.11, 0.00
12:14:57.762 -> 26.56, 0.80, 0.00, 175, 0, 0.04, 0.00
12:14:58.779 -> 26.56, 0.80, 0.00, 175, 0, 0.04, 0.00
12:14:59.816 -> 26.56, 0.80, 0.00, 175, 0, -0.00, 0.00
12:15:00.831 -> 26.56, 0.80, 0.00, 175, 0, 0.04, 0.00
12:15:01.860 -> 26.56, 0.80, 0.00, 175, 0, -0.04, 0.00
12:15:02.896 -> 26.56, 0.80, 0.00, 175, 0, -0.00, 0.00
12:15:03.910 -> 26.56, 0.80, 0.00, 175, 0, -0.00, 0.00
12:15:04.925 -> 26.48, 0.71, -0.09, 171, 0, 0.11, 0.00
12:15:05.959 -> 26.56, 0.80, 0.09, 176, 0, -0.00, 0.00
12:15:06.963 -> 26.56, 0.80, 0.00, 175, 0, 0.04, 0.00
12:15:07.980 -> 26.56, 0.80, 0.00, 175, 0, 0.04, 0.00
12:15:09.038 -> 26.48, 0.71, -0.09, 171, 0, 0.04, 0.00
12:15:10.044 -> 26.48, 0.71, 0.00, 172, 0, 0.04, 0.00
12:15:11.068 -> 26.48, 0.71, 0.00, 172, 0, 0.04, 0.00
12:15:12.102 -> 26.48, 0.71, 0.00, 172, 0, 0.04, 0.00
12:15:13.108 -> 26.48, 0.71, 0.00, 172, 0, 0.04, 0.00
12:15:14.154 -> 26.48, 0.71, 0.00, 172, 0, -0.00, 0.00
12:15:15.144 -> 26.48, 0.71, 0.00, 172, 0, 0.07, 0.00
12:15:16.176 -> 26.48, 0.71, 0.00, 172, 0, 0.04, 0.00
12:15:17.194 -> 26.48, 0.71, 0.00, 172, 0, -0.00, 0.00
12:15:18.225 -> 26.48, 0.71, 0.00, 172, 0, -0.00, 0.00
12:15:19.262 -> 26.48, 0.71, 0.00, 172, 0, 0.04, 0.00
12:15:20.273 -> 26.48, 0.71, 0.00, 172, 0, 0.04, 0.00
12:15:21.295 -> 26.48, 0.71, 0.00, 172, 0, 0.04, 0.00
12:15:22.314 -> 26.48, 0.71, 0.00, 172, 0, 0.04, 0.00
12:15:23.359 -> 26.48, 0.71, 0.00, 172, 0, -0.04, 0.00
12:15:24.357 -> 26.48, 0.71, 0.00, 172, 0, 0.04, 0.00
12:15:25.401 -> 26.56, 0.80, 0.09, 176, 0, 0.04, 0.00
12:15:26.409 -> 26.48, 0.71, -0.09, 171, 0, -0.00, 0.00
12:15:27.450 -> 26.48, 0.71, 0.00, 172, 0, -0.00, 0.00
12:15:28.465 -> 26.48, 0.71, 0.00, 172, 0, 0.11, 0.00
12:15:29.469 -> 26.39, 0.62, -0.09, 168, 0, 0.04, 0.00
12:15:30.488 -> 26.48, 0.71, 0.09, 173, 1, 0.04, 27.50
12:15:31.521 -> 26.48, 0.71, 0.00, 172, 0, 0.15, 0.00
12:15:32.545 -> 26.48, 0.71, 0.00, 172, 0, -0.00, 0.00
12:15:33.564 -> 26.48, 0.71, 0.00, 172, 0, -0.00, 0.00
12:15:34.580 -> 26.48, 0.71, 0.00, 172, 0, -0.00, 0.00
12:15:35.619 -> 26.48, 0.71, 0.00, 172, 0, -0.00, 0.00
12:15:36.654 -> 26.39, 0.62, -0.09, 168, 0, 0.04, 0.00
12:15:37.663 -> 26.39, 0.62, 0.00, 169, 0, 0.04, 0.00
12:15:38.682 -> 26.48, 0.71, 0.09, 173, 1, 0.07, 13.53
12:15:39.723 -> 26.48, 0.71, 0.00, 172, 0, 0.04, 0.00
12:15:40.741 -> 26.39, 0.62, -0.09, 168, 0, -0.04, 0.00
12:15:41.762 -> 26.39, 0.62, 0.00, 169, 0, -0.00, 0.00
12:15:42.795 -> 26.39, 0.62, 0.00, 169, 0, 0.04, 0.00
12:15:43.799 -> 26.39, 0.62, 0.00, 169, 0, 0.04, 0.00
12:15:44.835 -> 26.39, 0.62, 0.00, 169, 0, -0.00, 0.00
12:15:45.842 -> 26.39, 0.62, 0.00, 169, 0, 0.04, 0.00
12:15:46.855 -> 26.39, 0.62, 0.00, 169, 0, -0.00, 0.00
12:15:47.900 -> 26.39, 0.62, 0.00, 169, 0, -0.00, 0.00
12:15:48.935 -> 26.39, 0.62, 0.00, 169, 0, -0.00, 0.00
12:15:49.939 -> 26.39, 0.62, 0.00, 169, 0, -0.00, 0.00
12:15:50.974 -> 26.39, 0.62, 0.00, 169, 0, 0.04, 0.00
12:15:51.996 -> 26.39, 0.62, 0.00, 169, 0, 0.04, 0.00
12:15:53.023 -> 26.39, 0.62, 0.00, 169, 0, 0.11, 0.00
12:15:54.019 -> 26.39, 0.62, 0.00, 169, 0, -0.00, 0.00
12:15:55.051 -> 26.39, 0.62, 0.00, 169, 0, 0.04, 0.00
12:15:56.067 -> 26.39, 0.62, 0.00, 169, 0, 0.04, 0.00
12:15:57.103 -> 26.39, 0.62, 0.00, 169, 0, 0.04, 0.00
12:15:58.125 -> 26.39, 0.62, 0.00, 169, 0, 0.07, 0.00
12:15:59.153 -> 26.39, 0.62, 0.00, 169, 0, 0.04, 0.00
12:16:00.188 -> 26.39, 0.62, 0.00, 169, 0, 0.07, 0.00
12:16:01.209 -> 26.39, 0.62, 0.00, 169, 0, -0.00, 0.00
12:16:02.215 -> 26.39, 0.62, 0.00, 169, 0, -0.00, 0.00
12:16:03.256 -> 26.39, 0.62, 0.00, 169, 0, -0.00, 0.00
12:16:04.247 -> 26.39, 0.62, 0.00, 169, 0, 0.04, 0.00
12:16:05.275 -> 26.39, 0.62, 0.00, 169, 0, 0.07, 0.00
12:16:06.301 -> 26.39, 0.62, 0.00, 169, 0, -0.00, 0.00
12:16:07.344 -> 26.30, 0.53, -0.09, 165, 0, 0.04, 0.00
12:16:08.343 -> 26.39, 0.62, 0.09, 170, 1, -0.00, -833.67
12:16:09.372 -> 26.30, 0.53, -0.09, 165, 0, 0.11, 0.00
12:16:10.400 -> 26.30, 0.53, 0.00, 166, 0, 0.04, 0.00
12:16:11.414 -> 26.30, 0.53, 0.00, 166, 0, -0.00, 0.00
12:16:12.462 -> 26.30, 0.53, 0.00, 166, 0, -0.04, 0.00
12:16:13.489 -> 26.30, 0.53, 0.00, 166, 0, 0.04, 0.00
12:16:14.511 -> 26.30, 0.53, 0.00, 166, 0, -0.04, 0.00
12:16:15.508 -> 26.30, 0.53, 0.00, 166, 0, -0.00, 0.00
12:16:16.535 -> 26.30, 0.53, 0.00, 166, 0, -0.00, 0.00
12:16:17.560 -> 26.30, 0.53, 0.00, 166, 0, 0.04, 0.00
12:16:18.575 -> 26.30, 0.53, 0.00, 166, 0, -0.00, 0.00
12:16:19.596 -> 26.30, 0.53, 0.00, 166, 0, 0.07, 0.00
12:16:20.647 -> 26.30, 0.53, 0.00, 166, 0, 0.04, 0.00
12:16:21.652 -> 26.30, 0.53, 0.00, 166, 0, 0.04, 0.00
12:16:22.668 -> 26.30, 0.53, 0.00, 166, 0, 0.04, 0.00
12:16:23.709 -> 26.30, 0.53, 0.00, 166, 0, 0.04, 0.00
12:16:24.710 -> 26.30, 0.53, 0.00, 166, 0, -0.00, 0.00
12:16:25.735 -> 26.30, 0.53, 0.00, 166, 0, 0.04, 0.00
12:16:26.757 -> 26.30, 0.53, 0.00, 166, 0, -0.04, 0.00
12:16:27.809 -> 26.30, 0.53, 0.00, 166, 0, 0.04, 0.00
12:16:28.826 -> 26.30, 0.53, 0.00, 166, 0, -0.00, 0.00
12:16:29.837 -> 26.30, 0.53, 0.00, 166, 0, 0.04, 0.00
12:16:30.881 -> 26.30, 0.53, 0.00, 166, 0, 0.04, 0.00
12:16:31.896 -> 26.21, 0.44, -0.09, 162, 0, -0.04, 0.00
12:16:32.919 -> 26.30, 0.53, 0.09, 167, 1, 0.04, 27.50
12:16:33.942 -> 26.30, 0.53, 0.00, 166, 0, -0.04, 0.00
12:16:34.950 -> 26.30, 0.53, 0.00, 166, 0, 0.04, 0.00
12:16:35.991 -> 26.30, 0.53, 0.00, 166, 0, -0.00, 0.00
12:16:36.993 -> 26.30, 0.53, 0.00, 166, 0, 0.04, 0.00
12:16:38.031 -> 26.30, 0.53, 0.00, 166, 0, 0.04, 0.00
12:16:39.047 -> 26.21, 0.44, -0.09, 162, 0, 0.07, 0.00
12:16:40.054 -> 26.21, 0.44, 0.00, 163, 0, 0.04, 0.00
12:16:41.095 -> 26.21, 0.44, 0.00, 163, 0, 0.07, 0.00
12:16:42.101 -> 26.21, 0.44, 0.00, 163, 0, 0.04, 0.00
12:16:43.122 -> 26.21, 0.44, 0.00, 163, 0, 0.04, 0.00
12:16:44.147 -> 26.30, 0.53, 0.09, 167, 1, -0.00, -833.67
12:16:45.166 -> 26.21, 0.44, -0.09, 162, 0, 0.11, 0.00
12:16:46.211 -> 26.21, 0.44, 0.00, 163, 0, 0.07, 0.00
12:16:47.228 -> 26.21, 0.44, 0.00, 163, 0, 0.04, 0.00
12:16:48.266 -> 26.21, 0.44, 0.00, 163, 0, -0.00, 0.00
12:16:49.285 -> 26.21, 0.44, 0.00, 163, 0, 0.04, 0.00
12:16:50.301 -> 26.21, 0.44, 0.00, 163, 0, 0.04, 0.00
12:16:51.339 -> 26.21, 0.44, 0.00, 163, 0, 0.04, 0.00
12:16:52.341 -> 26.21, 0.44, 0.00, 163, 0, 0.04, 0.00
12:16:53.364 -> 26.21, 0.44, 0.00, 163, 0, -0.04, 0.00
12:16:54.398 -> 26.21, 0.44, 0.00, 163, 0, -0.00, 0.00
12:16:55.410 -> 26.21, 0.44, 0.00, 163, 0, 0.04, 0.00
12:16:56.428 -> 26.21, 0.44, 0.00, 163, 0, 0.07, 0.00
12:16:57.466 -> 26.21, 0.44, 0.00, 163, 0, 0.04, 0.00
12:16:58.466 -> 26.21, 0.44, 0.00, 163, 0, 0.11, 0.00
12:16:59.517 -> 26.21, 0.44, 0.00, 163, 0, -0.00, 0.00
12:17:00.540 -> 26.21, 0.44, 0.00, 163, 0, -0.00, 0.00
12:17:01.551 -> 26.21, 0.44, 0.00, 163, 0, 0.04, 0.00
12:17:02.584 -> 26.21, 0.44, 0.00, 163, 0, 0.04, 0.00
12:17:03.580 -> 26.21, 0.44, 0.00, 163, 0, 0.07, 0.00
12:17:04.615 -> 26.21, 0.44, 0.00, 163, 0, 0.04, 0.00
12:17:05.656 -> 26.12, 0.35, -0.09, 159, 0, -0.04, 0.00
12:17:06.651 -> 26.12, 0.35, 0.00, 160, 0, -0.00, 0.00
12:17:07.679 -> 26.21, 0.44, 0.09, 164, 0, 0.04, 0.00
12:17:08.699 -> 26.21, 0.44, 0.00, 163, 0, -0.00, 0.00
12:17:09.716 -> 26.21, 0.44, 0.00, 163, 0, -0.00, 0.00
12:17:10.754 -> 26.12, 0.35, -0.09, 159, 0, 0.04, 0.00
12:17:11.770 -> 26.21, 0.44, 0.09, 164, 0, 0.04, 0.00
12:17:12.815 -> 26.12, 0.35, -0.09, 159, 0, 0.04, 0.00
12:17:13.811 -> 26.12, 0.35, 0.00, 160, 0, 0.04, 0.00
12:17:14.835 -> 26.12, 0.35, 0.00, 160, 0, 0.04, 0.00
12:17:15.863 -> 26.12, 0.35, 0.00, 160, 0, 0.04, 0.00
