const unsigned char q_actions[160] = {0, 241, 0, 0, 241, 252, 0, 241, 235, 0, 247, 247, 0, 252, 252, 0, 238, 238, 0, 207, 207, 0, 243, 243, 0, 238, 238, 0, 239, 253, 0, 253, 255, 0, 255, 253, 0, 254, 247, 0, 254, 247, 0, 253, 247, 0, 252, 253, 0, 227, 253, 0, 252, 239, 0, 244, 251, 0, 244, 251, 0, 238, 238, 0, 244, 238, 0, 252, 227, 0, 251, 227, 0, 254, 254, 0, 164, 248, 0, 174, 251, 0, 247, 249, 0, 251, 241, 0, 146, 226, 0, 252, 252, 0, 185, 238, 0, 143, 248, 0, 209, 248, 0, 234, 123, 0, 253, 231, 0, 175, 131, 0, 2, 221, 0, 249, 157, 0, 231, 248, 0, 252, 225, 0, 181, 198, 0, 252, 240, 0, 118, 235, 0, 188, 145, 0, 154, 219, 0, 159, 253, 0, 96, 71, 0, 124, 254, 0, 0, 191, 0, 17, 161, 0, 0, 240, 145, 0, 161, 0};
[0, 241, 0, 0, 241, 252, 0, 241, 235, 0, 247, 247, 0, 252, 252, 0, 238, 238, 0, 207, 207, 0, 243, 243, 0, 238, 238, 0, 239, 253, 0, 253, 255, 0, 255, 253, 0, 254, 247, 0, 254, 247, 0, 253, 247, 0, 252, 253, 0, 227, 253, 0, 252, 239, 0, 244, 251, 0, 244, 251, 0, 238, 238, 0, 244, 238, 0, 252, 227, 0, 251, 227, 0, 254, 254, 0, 164, 248, 0, 174, 251, 0, 247, 249, 0, 251, 241, 0, 146, 226, 0, 252, 252, 0, 185, 238, 0, 143, 248, 0, 209, 248, 0, 234, 123, 0, 253, 231, 0, 175, 131, 0, 2, 221, 0, 249, 157, 0, 231, 248, 0, 252, 225, 0, 181, 198, 0, 252, 240, 0, 118, 235, 0, 188, 145, 0, 154, 219, 0, 159, 253, 0, 96, 71, 0, 124, 254, 0, 0, 191, 0, 17, 161, 0, 0, 240, 145, 0, 161, 0, 0, 1, 0, 0, 1, 0, 0, 1, 0, 0, 1, 0, 0, 1, 0, 0, 1, 0, 0, 1, 0, 0, 1, 1, 0, 1, 0, 0, 1, 1, 0, 1, 0, 0, 1, 0, 0, 1, 0, 0, 1, 0, 0, 1, 1, 0, 1, 0, 0, 1, 0, 0, 1, 0, 0, 1, 0, 0, 1, 0, 0, 1, 0, 0, 1, 0, 0, 1, 0, 1, 1, 0, 1, 1, 0, 1, 1, 0, 1, 0, 0, 1, 0, 0, 0, 0, 0, 0, 0, 0, 0, 0, 0, 0, 0, 0, 0, 0, 0, 0, 0, 0, 0, 0, 0, 0, 0, 0, 0, 0, 0, 0, 0, 0, 0, 0, 0, 0, 0, 0, 0, 0, 0, 0, 0, 0, 0, 0, 0, 0, 0, 0, 0, 0, 0, 0, 0, 0, 0, 0, 0, 0, 0, 0, 0, 0, 0, 0, 0, 0, 0, 0, 0, 0, 0, 0, 0, 0, 0, 0, 0, 0, 0, 0, 0, 0, 0, 0, 0, 0, 0, 0, 0, 0, 0, 0, 0, 0, 0, 0, 0, 0, 0, 0, 0, 0, 0, 0, 0, 0, 0, 0, 0, 0, 0, 0, 0, 0, 0, 0, 0, 0, 0, 0, 0, 0, 0, 0, 0, 0, 0, 0, 0, 0, 0, 0, 0, 0, 0, 0, 0, 0, 0, 0, 0, 0, 0, 0, 0, 0, 0, 0, 0, 0, 0, 0, 0, 0, 0, 0, 0, 0, 0, 0, 0, 0, 0, 0, 0, 0, 0, 0, 0, 0, 0, 0, 0, 0, 0, 0, 0, 0, 0, 0, 0, 0, 0, 0, 0, 0, 0, 0, 0, 0, 0, 0, 0, 0, 0, 0, 0, 0, 0, 0, 0, 0, 0, 0, 0, 0, 0, 0, 0, 0, 0, 0, 0, 0, 0, 0, 0, 0, 0, 0, 0, 0, 0, 0, 0, 0, 0, 0, 0, 0, 0, 0, 0, 0, 0, 0, 0, 0, 0, 0, 0, 0, 0, 0, 0, 0, 0, 0, 0, 0, 0, 0, 0, 0, 0, 0, 0, 0, 0, 0, 0, 0, 0, 0, 0, 0, 0, 0, 0, 0, 0, 0, 0, 0, 0, 0, 0, 0, 0, 0, 0, 0, 0, 0, 0, 0, 0, 0, 0, 0, 0, 0, 0, 0, 0, 0, 0, 0, 0, 0, 0, 0, 0, 0, 0, 0, 0, 0, 0, 0, 0, 0, 0, 0, 0, 0, 0, 0, 0, 0, 0, 0, 0, 0, 0, 0, 0, 0, 0, 0, 0, 0, 0, 0, 0, 0, 0, 0, 0, 0, 0, 0, 0, 0, 0, 0, 0, 0, 0, 0, 0, 0, 0, 0, 0, 0, 0, 0, 0, 0, 0, 0, 0, 0, 0, 0, 0, 0, 0, 0, 0, 0, 0, 0, 0, 0, 0, 0, 0, 0, 0, 0, 0, 0, 0, 0, 0, 0, 0, 0, 0, 0, 0, 0, 0, 0, 0, 3, 0, 0, 9, 0, 0, 12, 0, 0, 14, 0, 0, 17, 0, 0, 20, 0, 0, 20, 0, 0, 24, 0, 0, 24, 0, 0, 25, 0, 0, 28, 0, 0, 27, 0, 0, 30, 0, 0, 32, 0, 0, 34, 0, 0, 35, 0, 0, 36, 0, 0, 36, 0, 0, 40, 0, 0, 76, 0]
0 0
1 241
2 0
3 0
4 241
5 252
6 0
7 241
8 235
9 0
10 247
11 247
12 0
13 252
14 252
15 0
16 238
17 238
18 0
19 207
20 207
21 0
22 243
23 243
24 0
25 238
26 238
27 0
28 239
29 253
30 0
31 253
32 255
33 0
34 255
35 253
36 0
37 254
38 247
39 0
40 254
41 247
42 0
43 253
44 247
45 0
46 252
47 253
48 0
49 227
50 253
51 0
52 252
53 239
54 0
55 244
56 251
57 0
58 244
59 251
60 0
61 238
62 238
63 0
64 244
65 238
66 0
67 252
68 227
69 0
70 251
71 227
72 0
73 254
74 254
75 0
76 164
77 248
78 0
79 174
80 251
81 0
82 247
83 249
84 0
85 251
86 241
87 0
88 146
89 226
90 0
91 252
92 252
93 0
94 185
95 238
96 0
97 143
98 248
99 0
100 209
101 248
102 0
103 234
104 123
105 0
106 253
107 231
108 0
109 175
110 131
111 0
112 2
113 221
114 0
115 249
116 157
117 0
118 231
119 248
120 0
121 252
122 225
123 0
124 181
125 198
126 0
127 252
128 240
129 0
130 118
131 235
132 0
133 188
134 145
135 0
136 154
137 219
138 0
139 159
140 253
141 0
142 96
143 71
144 0
145 124
146 254
147 0
148 0
149 191
150 0
151 17
152 161
153 0
154 0
155 240
156 145
157 0
158 161
159 0
160 0
161 1
162 0
163 0
164 1
165 0
166 0
167 1
168 0
169 0
170 1
171 0
172 0
173 1
174 0
175 0
176 1
177 0
178 0
179 1
180 0
181 0
182 1
183 1
184 0
185 1
186 0
187 0
188 1
189 1
190 0
191 1
192 0
193 0
194 1
195 0
196 0
197 1
198 0
199 0
200 1
201 0
202 0
203 1
204 1
205 0
206 1
207 0
208 0
209 1
210 0
211 0
212 1
213 0
214 0
215 1
216 0
217 0
218 1
219 0
220 0
221 1
222 0
223 0
224 1
225 0
226 0
227 1
228 0
229 1
230 1
231 0
232 1
233 1
234 0
235 1
236 1
237 0
238 1
239 0
240 0
241 1
242 0
243 0
244 0
245 0
246 0
247 0
248 0
249 0
250 0
251 0
252 0
253 0
254 0
255 0
256 0
257 0
258 0
259 0
260 0
261 0
262 0
263 0
264 0
265 0
266 0
267 0
268 0
269 0
270 0
271 0
272 0
273 0
274 0
275 0
276 0
277 0
278 0
279 0
280 0
281 0
282 0
283 0
284 0
285 0
286 0
287 0
288 0
289 0
290 0
291 0
292 0
293 0
294 0
295 0
296 0
297 0
298 0
299 0
300 0
301 0
302 0
303 0
304 0
305 0
306 0
307 0
308 0
309 0
310 0
311 0
312 0
313 0
314 0
315 0
316 0
317 0
318 0
319 0
320 0
321 0
322 0
323 0
324 0
325 0
326 0
327 0
328 0
329 0
330 0
331 0
332 0
333 0
334 0
335 0
336 0
337 0
338 0
339 0
340 0
341 0
342 0
343 0
344 0
345 0
346 0
347 0
348 0
349 0
350 0
351 0
352 0
353 0
354 0
355 0
356 0
357 0
358 0
359 0
360 0
361 0
362 0
363 0
364 0
365 0
366 0
367 0
368 0
369 0
370 0
371 0
372 0
373 0
374 0
375 0
376 0
377 0
378 0
379 0
380 0
381 0
382 0
383 0
384 0
385 0
386 0
387 0
388 0
389 0
390 0
391 0
392 0
393 0
394 0
395 0
396 0
397 0
398 0
399 0
400 0
401 0
402 0
403 0
404 0
405 0
406 0
407 0
408 0
409 0
410 0
411 0
412 0
413 0
414 0
415 0
416 0
417 0
418 0
419 0
420 0
421 0
422 0
423 0
424 0
425 0
426 0
427 0
428 0
429 0
430 0
431 0
432 0
433 0
434 0
435 0
436 0
437 0
438 0
439 0
440 0
441 0
442 0
443 0
444 0
445 0
446 0
447 0
448 0
449 0
450 0
451 0
452 0
453 0
454 0
455 0
456 0
457 0
458 0
459 0
460 0
461 0
462 0
463 0
464 0
465 0
466 0
467 0
468 0
469 0
470 0
471 0
472 0
473 0
474 0
475 0
476 0
477 0
478 0
479 0
480 0
481 0
482 0
483 0
484 0
485 0
486 0
487 0
488 0
489 0
490 0
491 0
492 0
493 0
494 0
495 0
496 0
497 0
498 0
499 0
500 0
501 0
502 0
503 0
504 0
505 0
506 0
507 0
508 0
509 0
510 0
511 0
512 0
513 0
514 0
515 0
516 0
517 0
518 0
519 0
520 0
521 0
522 0
523 0
524 0
525 0
526 0
527 0
528 0
529 0
530 0
531 0
532 0
533 0
534 0
535 0
536 0
537 0
538 0
539 0
540 0
541 0
542 0
543 0
544 0
545 0
546 0
547 0
548 0
549 0
550 0
551 0
552 0
553 0
554 0
555 0
556 0
557 0
558 0
559 0
560 0
561 0
562 0
563 0
564 0
565 0
566 0
567 0
568 0
569 0
570 0
571 0
572 0
573 0
574 0
575 0
576 0
577 0
578 0
579 0
580 0
581 0
582 0
583 0
584 0
585 0
586 0
587 0
588 0
589 0
590 0
591 0
592 0
593 0
594 0
595 0
596 0
597 0
598 0
599 0
600 0
601 0
602 0
603 0
604 0
605 0
606 0
607 0
608 0
609 0
610 0
611 0
612 0
613 0
614 0
615 0
616 0
617 0
618 0
619 0
620 0
621 0
622 0
623 0
624 0
625 0
626 0
627 0
628 0
629 0
630 0
631 0
632 0
633 0
634 0
635 0
636 0
637 0
638 0
639 0
640 0
641 3
642 0
643 0
644 9
645 0
646 0
647 12
648 0
649 0
650 14
651 0
652 0
653 17
654 0
655 0
656 20
657 0
658 0
659 20
660 0
661 0
662 24
663 0
664 0
665 24
666 0
667 0
668 25
669 0
670 0
671 28
672 0
673 0
674 27
675 0
676 0
677 30
678 0
679 0
680 32
681 0
682 0
683 34
684 0
685 0
686 35
687 0
688 0
689 36
690 0
691 0
692 36
693 0
694 0
695 40
696 0
697 0
698 76
699 0
0
241
0
0
241
252
0
241
235
0
247
247
0
252
252
0
238
238
0
207
207
0
243
243
0
238
238
0
239
253
0
253
255
0
255
253
0
254
247
0
254
247
0
253
247
0
252
253
0
227
253
0
252
239
0
244
251
0
244
251
0
238
238
0
244
238
0
252
227
0
251
227
0
254
254
0
164
248
0
174
251
0
247
249
0
251
241
0
146
226
0
252
252
0
185
238
0
143
248
0
209
248
0
234
123
0
253
231
0
175
131
0
2
221
0
249
157
0
231
248
0
252
225
0
181
198
0
252
240
0
118
235
0
188
145
0
154
219
0
159
253
0
96
71
0
124
254
0
0
191
0
17
161
0
0
240
145
0
161
0
0
1
0
0
1
0
0
1
0
0
1
0
0
1
0
0
1
0
0
1
0
0
1
1
0
1
0
0
1
1
0
1
0
0
1
0
0
1
0
0
1
0
0
1
1
0
1
0
0
1
0
0
1
0
0
1
0
0
1
0
0
1
0
0
1
0
0
1
0
1
1
0
1
1
0
1
1
0
1
0
0
1
0
0
0
0
0
0
0
0
0
0
0
0
0
0
0
0
0
0
0
0
0
0
0
0
0
0
0
0
0
0
0
0
0
0
0
0
0
0
0
0
0
0
0
0
0
0
0
0
0
0
0
0
0
0
0
0
0
0
0
0
0
0
0
0
0
0
0
0
0
0
0
0
0
0
0
0
0
0
0
0
0
0
0
0
0
0
0
0
0
0
0
0
0
0
0
0
0
0
0
0
0
0
0
0
0
0
0
0
0
0
0
0
0
0
0
0
0
0
0
0
0
0
0
0
0
0
0
0
0
0
0
0
0
0
0
0
0
0
0
0
0
0
0
0
0
0
0
0
0
0
0
0
0
0
0
0
0
0
0
0
0
0
0
0
0
0
0
0
0
0
0
0
0
0
0
0
0
0
0
0
0
0
0
0
0
0
0
0
0
0
0
0
0
0
0
0
0
0
0
0
0
0
0
0
0
0
0
0
0
0
0
0
0
0
0
0
0
0
0
0
0
0
0
0
0
0
0
0
0
0
0
0
0
0
0
0
0
0
0
0
0
0
0
0
0
0
0
0
0
0
0
0
0
0
0
0
0
0
0
0
0
0
0
0
0
0
0
0
0
0
0
0
0
0
0
0
0
0
0
0
0
0
0
0
0
0
0
0
0
0
0
0
0
0
0
0
0
0
0
0
0
0
0
0
0
0
0
0
0
0
0
0
0
0
0
0
0
0
0
0
0
0
0
0
0
0
0
0
0
0
0
0
0
0
0
0
0
0
0
0
0
0
0
0
0
0
0
0
0
0
0
0
0
0
0
0
0
0
0
0
0
0
0
0
0
0
0
0
0
0
0
0
0
0
0
0
0
0
0
0
0
0
0
0
0
0
0
0
0
0
0
0
0
0
0
0
0
0
0
3
0
0
9
0
0
12
0
0
14
0
0
17
0
0
20
0
0
20
0
0
24
0
0
24
0
0
25
0
0
28
0
0
27
0
0
30
0
0
32
0
0
34
0
0
35
0
0
36
0
0
36
0
0
40
0
0
76
0
