0
151
169
0
151
192
0
56
0
0
120
0
0
109
143
0
55
248
0
223
245
0
144
27
0
24
211
0
218
242
0
69
227
0
34
78
0
226
189
0
228
221
0
9
169
0
205
253
0
240
187
0
231
53
0
14
151
0
90
207
0
200
174
0
217
204
0
86
64
0
81
219
0
89
85
0
65
127
0
39
33
0
242
63
0
38
188
0
23
98
0
12
204
0
206
8
0
148
162
0
123
65
0
204
66
0
129
255
0
44
110
0
97
224
0
141
12
0
153
82
0
153
55
0
190
243
0
160
206
0
249
207
0
178
178
0
211
211
0
235
106
0
91
235
0
1
110
0
245
245
0
0
221
1
0
1
1
1
1
1
1
1
1
1
1
0
1
1
1
1
1
1
1
1
1
1
1
1
1
1
1
1
1
1
1
1
1
1
1
0
1
1
1
1
1
0
1
1
0
1
1
1
1
1
0
1
1
0
0
1
0
0
1
0
0
1
0
1
1
0
0
1
0
1
1
0
0
1
0
0
1
0
1
1
0
0
1
0
1
1
0
1
1
0
0
0
0
0
0
0
0
0
0
0
0
0
0
0
0
0
0
0
0
0
0
0
0
0
0
0
0
0
0
0
0
0
0
0
0
0
0
0
0
0
0
0
0
0
0
0
0
0
0
0
0
0
0
0
0
0
0
0
0
0
0
0
0
0
0
0
0
0
0
0
0
0
0
0
0
0
0
0
0
0
0
0
0
0
0
0
0
0
0
0
0
0
0
0
0
0
0
0
0
0
0
0
0
0
0
0
0
0
0
0
0
0
0
0
0
0
0
0
0
0
0
0
0
0
0
0
0
0
0
0
0
0
0
0
0
0
0
0
0
0
0
0
0
0
0
0
0
0
0
0
0
0
0
0
0
0
0
0
0
0
0
0
0
0
0
0
0
0
0
0
0
0
0
0
0
0
0
0
0
0
0
0
0
0
0
0
0
0
0
0
0
0
0
0
0
0
0
0
0
0
0
0
0
0
0
0
0
0
0
0
0
0
0
0
0
0
0
0
0
0
0
0
0
0
0
0
0
0
0
0
0
0
0
0
0
0
0
0
0
0
0
0
0
0
0
0
0
0
0
0
0
0
0
0
0
0
0
0
0
0
0
0
0
0
0
0
0
0
0
0
0
0
0
0
0
0
0
0
0
0
0
0
0
0
0
0
0
0
0
0
0
0
0
0
0
0
0
0
0
0
0
0
0
0
0
0
0
0
0
0
0
0
0
0
0
0
0
0
0
0
0
0
0
0
0
0
0
0
0
0
0
0
0
0
0
0
0
0
0
0
0
0
0
0
0
0
0
0
0
0
0
0
0
0
0
0
0
0
0
0
0
0
0
0
0
0
0
0
0
0
0
0
0
0
0
0
0
0
0
0
0
0
0
0
0
0
0
0
0
0
0
0
0
0
0
0
0
3
0
0
6
0
0
6
0
0
13
0
0
16
0
0
13
0
0
20
0
0
24
0
0
23
0
0
12
0
0
21
0
17
20
0
0
1
0
0
1
0
0
3
0
0
116
0
0
251
0
0
150
0
0
17
0
0
5
0
