6
243
50
21
241
241
25
191
237
14
132
85
3
0
59
6
174
76
1
64
147
22
86
220
0
170
127
10
186
204
5
237
163
0
114
88
16
114
24
30
113
7
11
225
14
10
209
56
22
209
167
9
222
97
11
188
78
15
16
234
6
62
167
16
243
200
1
42
162
25
179
104
22
150
150
2
231
182
19
238
67
22
30
82
22
176
84
23
165
91
1
37
37
11
50
134
8
213
213
11
252
252
11
237
237
22
78
219
18
78
95
11
118
33
19
105
105
6
153
183
8
195
130
2
97
97
26
124
124
8
221
155
19
185
185
15
101
138
28
231
231
7
231
156
17
231
106
5
184
162
25
0
0
0
0
0
0
0
0
0
0
0
0
0
0
0
0
0
0
1
0
0
0
0
0
0
0
0
0
0
0
0
0
0
0
0
0
0
0
0
0
0
0
0
0
1
0
0
1
0
0
1
1
0
1
1
0
1
1
0
1
1
0
1
1
0
1
1
0
1
1
0
1
1
0
1
1
1
1
1
1
1
1
1
1
1
1
0
0
1
0
0
1
0
0
0
0
0
0
0
0
0
0
0
0
0
0
0
0
0
0
0
0
0
0
0
0
0
0
0
0
0
0
0
0
0
0
0
0
0
0
0
0
0
0
0
0
0
0
0
0
0
0
0
0
0
0
0
0
0
0
0
0
0
0
0
0
0
0
0
0
0
0
0
0
0
0
0
0
0
0
0
0
0
0
0
0
0
0
0
0
0
0
0
0
0
0
0
0
0
0
0
0
0
0
0
0
0
0
0
0
0
0
0
0
0
0
0
0
0
0
0
0
0
0
0
0
0
0
0
0
0
0
0
0
0
0
0
0
0
0
0
0
0
0
0
0
0
0
0
0
0
0
0
0
0
0
0
0
0
0
0
0
0
0
0
0
0
0
0
0
0
0
0
0
0
0
0
0
0
0
0
0
0
0
0
0
0
0
0
0
0
0
0
0
0
0
0
0
0
0
0
0
0
0
0
0
0
0
0
0
0
0
0
0
0
0
0
0
0
0
0
0
0
0
0
0
0
0
0
0
0
0
0
0
0
0
0
0
0
0
0
0
0
0
0
0
0
0
0
0
0
0
0
0
0
0
0
0
0
0
0
0
0
0
0
0
0
0
0
0
0
0
0
0
0
0
0
0
0
0
0
0
0
0
0
0
0
0
0
0
0
0
0
0
0
0
0
0
0
0
0
0
0
0
0
0
0
0
0
0
0
0
0
0
0
0
0
0
0
0
0
0
0
0
0
0
0
0
0
0
0
0
0
0
0
0
0
0
0
0
0
0
0
0
0
0
0
0
0
0
0
0
0
0
0
0
0
0
0
0
0
0
0
0
8
0
0
8
0
0
7
0
0
6
0
0
4
0
0
7
0
0
4
0
0
7
0
0
9
0
3
7
0
12
6
0
0
6
0
2
6
0
7
4
0
0
8
0
0
6
0
0
8
0
0
6
0
7
7
0
10
13
6
6
5
0
5
3
0
9
9
0
10
13
0
14
7
0
7
9
0
5
5
0
10
1
0
9
20
0
16
33
0
2
24
0
1
4
0
