[0, 205, 0, 0, 242, 252, 0, 8, 250, 0, 143, 240, 0, 252, 248, 0, 193, 230, 0, 212, 249, 0, 167, 167, 0, 200, 230, 0, 253, 242, 0, 200, 200, 0, 215, 249, 0, 130, 124, 0, 215, 215, 0, 241, 241, 0, 227, 227, 0, 189, 189, 0, 167, 167, 0, 26, 26, 0, 43, 43, 0, 206, 206, 20, 50, 50, 0, 3, 30, 0, 26, 26, 0, 177, 177, 0, 93, 93, 0, 183, 147, 0, 30, 30, 0, 176, 176, 0, 27, 23, 0, 160, 17, 0, 145, 3, 0, 132, 198, 1, 71, 221, 1, 34, 34, 1, 105, 34, 1, 168, 168, 1, 135, 135, 1, 216, 155, 1, 196, 51, 1, 15, 136, 1, 245, 245, 13, 122, 122, 0, 241, 200, 0, 122, 241, 18, 241, 39, 58, 10, 41, 20, 200, 41, 0, 41, 0, 0, 81, 28, 0, 218, 168, 1, 1, 0, 0, 1, 1, 0, 1, 1, 0, 1, 1, 1, 1, 1, 1, 1, 1, 0, 1, 1, 1, 1, 1, 1, 1, 1, 1, 0, 1, 1, 0, 1, 1, 1, 1, 1, 1, 0, 1, 0, 0, 1, 0, 0, 1, 0, 0, 1, 1, 0, 1, 0, 0, 1, 0, 0, 1, 0, 0, 1, 0, 0, 1, 0, 0, 1, 0, 0, 1, 0, 0, 1, 0, 0, 1, 0, 0, 0, 0, 0, 0, 0, 0, 0, 0, 0, 0, 0, 0, 0, 0, 0, 0, 0, 0, 0, 0, 0, 0, 0, 0, 0, 0, 0, 0, 0, 0, 0, 0, 0, 0, 0, 0, 0, 0, 0, 0, 0, 0, 0, 0, 0, 0, 0, 0, 0, 0, 0, 0, 0, 0, 0, 0, 0, 0, 0, 0, 0, 0, 0, 0, 0, 0, 0, 0, 0, 0, 0, 0, 0, 0, 0, 0, 0, 0, 0, 0, 0, 0, 0, 0, 0, 0, 0, 0, 0, 0, 0, 0, 0, 0, 0, 0, 0, 0, 0, 0, 0, 0, 0, 0, 0, 0, 0, 0, 0, 0, 0, 0, 0, 0, 0, 0, 0, 0, 0, 0, 0, 0, 0, 0, 0, 0, 0, 0, 0, 0, 0, 0, 0, 0, 0, 0, 0, 0, 0, 0, 0, 0, 0, 0, 0, 0, 0, 0, 0, 0, 0, 0, 0, 0, 0, 0, 0, 0, 0, 0, 0, 0, 0, 0, 0, 0, 0, 0, 0, 0, 0, 0, 0, 0, 0, 0, 0, 0, 0, 0, 0, 0, 0, 0, 0, 0, 0, 0, 0, 0, 0, 0, 0, 0, 0, 0, 0, 0, 0, 0, 0, 0, 0, 0, 0, 0, 0, 0, 0, 0, 0, 0, 0, 0, 0, 0, 0, 0, 0, 0, 0, 0, 0, 0, 0, 0, 0, 0, 0, 0, 0, 0, 0, 0, 0, 0, 0, 0, 0, 0, 0, 0, 0, 0, 0, 0, 0, 0, 0, 0, 0, 0, 0, 0, 0, 0, 0, 0, 0, 0, 0, 0, 0, 0, 0, 0, 0, 0, 0, 0, 0, 0, 0, 0, 0, 0, 0, 0, 0, 0, 0, 0, 0, 0, 0, 0, 0, 0, 0, 0, 0, 0, 0, 0, 0, 0, 0, 0, 0, 0, 0, 0, 0, 0, 0, 0, 0, 0, 0, 0, 0, 0, 0, 0, 0, 0, 0, 0, 0, 0, 0, 0, 0, 0, 0, 0, 0, 0, 0, 0, 0, 0, 0, 0, 0, 0, 0, 0, 0, 0, 0, 0, 0, 0, 0, 0, 0, 0, 0, 0, 0, 0, 0, 0, 0, 0, 0, 0, 0, 0, 0, 0, 0, 0, 0, 0, 0, 0, 0, 0, 0, 0, 0, 0, 0, 0, 0, 0, 0, 0, 0, 0, 0, 0, 0, 0, 0, 0, 0, 0, 0, 0, 0, 0, 0, 0, 0, 0, 0, 0, 0, 0, 0, 0, 0, 0, 0, 8, 0, 0, 5, 0, 0, 7, 0, 0, 7, 0, 0, 8, 0, 0, 6, 0, 0, 5, 0, 0, 7, 0, 2, 6, 0, 0, 4, 0, 0, 6, 0, 0, 5, 0, 0, 6, 0, 0, 3, 0, 0, 5, 0, 0, 6, 0, 0, 5, 0, 0, 6, 0, 0, 6, 0, 0, 0, 0, 0, 247, 0]
0 0
1 205
2 0
3 0
4 242
5 252
6 0
7 8
8 250
9 0
10 143
11 240
12 0
13 252
14 248
15 0
16 193
17 230
18 0
19 212
20 249
21 0
22 167
23 167
24 0
25 200
26 230
27 0
28 253
29 242
30 0
31 200
32 200
33 0
34 215
35 249
36 0
37 130
38 124
39 0
40 215
41 215
42 0
43 241
44 241
45 0
46 227
47 227
48 0
49 189
50 189
51 0
52 167
53 167
54 0
55 26
56 26
57 0
58 43
59 43
60 0
61 206
62 206
63 20
64 50
65 50
66 0
67 3
68 30
69 0
70 26
71 26
72 0
73 177
74 177
75 0
76 93
77 93
78 0
79 183
80 147
81 0
82 30
83 30
84 0
85 176
86 176
87 0
88 27
89 23
90 0
91 160
92 17
93 0
94 145
95 3
96 0
97 132
98 198
99 1
100 71
101 221
102 1
103 34
104 34
105 1
106 105
107 34
108 1
109 168
110 168
111 1
112 135
113 135
114 1
115 216
116 155
117 1
118 196
119 51
120 1
121 15
122 136
123 1
124 245
125 245
126 13
127 122
128 122
129 0
130 241
131 200
132 0
133 122
134 241
135 18
136 241
137 39
138 58
139 10
140 41
141 20
142 200
143 41
144 0
145 41
146 0
147 0
148 81
149 28
150 0
151 218
152 168
153 1
154 1
155 0
156 0
157 1
158 1
159 0
160 1
161 1
162 0
163 1
164 1
165 1
166 1
167 1
168 1
169 1
170 1
171 0
172 1
173 1
174 1
175 1
176 1
177 1
178 1
179 1
180 1
181 0
182 1
183 1
184 0
185 1
186 1
187 1
188 1
189 1
190 1
191 0
192 1
193 0
194 0
195 1
196 0
197 0
198 1
199 0
200 0
201 1
202 1
203 0
204 1
205 0
206 0
207 1
208 0
209 0
210 1
211 0
212 0
213 1
214 0
215 0
216 1
217 0
218 0
219 1
220 0
221 0
222 1
223 0
224 0
225 1
226 0
227 0
228 1
229 0
230 0
231 0
232 0
233 0
234 0
235 0
236 0
237 0
238 0
239 0
240 0
241 0
242 0
243 0
244 0
245 0
246 0
247 0
248 0
249 0
250 0
251 0
252 0
253 0
254 0
255 0
256 0
257 0
258 0
259 0
260 0
261 0
262 0
263 0
264 0
265 0
266 0
267 0
268 0
269 0
270 0
271 0
272 0
273 0
274 0
275 0
276 0
277 0
278 0
279 0
280 0
281 0
282 0
283 0
284 0
285 0
286 0
287 0
288 0
289 0
290 0
291 0
292 0
293 0
294 0
295 0
296 0
297 0
298 0
299 0
300 0
301 0
302 0
303 0
304 0
305 0
306 0
307 0
308 0
309 0
310 0
311 0
312 0
313 0
314 0
315 0
316 0
317 0
318 0
319 0
320 0
321 0
322 0
323 0
324 0
325 0
326 0
327 0
328 0
329 0
330 0
331 0
332 0
333 0
334 0
335 0
336 0
337 0
338 0
339 0
340 0
341 0
342 0
343 0
344 0
345 0
346 0
347 0
348 0
349 0
350 0
351 0
352 0
353 0
354 0
355 0
356 0
357 0
358 0
359 0
360 0
361 0
362 0
363 0
364 0
365 0
366 0
367 0
368 0
369 0
370 0
371 0
372 0
373 0
374 0
375 0
376 0
377 0
378 0
379 0
380 0
381 0
382 0
383 0
384 0
385 0
386 0
387 0
388 0
389 0
390 0
391 0
392 0
393 0
394 0
395 0
396 0
397 0
398 0
399 0
400 0
401 0
402 0
403 0
404 0
405 0
406 0
407 0
408 0
409 0
410 0
411 0
412 0
413 0
414 0
415 0
416 0
417 0
418 0
419 0
420 0
421 0
422 0
423 0
424 0
425 0
426 0
427 0
428 0
429 0
430 0
431 0
432 0
433 0
434 0
435 0
436 0
437 0
438 0
439 0
440 0
441 0
442 0
443 0
444 0
445 0
446 0
447 0
448 0
449 0
450 0
451 0
452 0
453 0
454 0
455 0
456 0
457 0
458 0
459 0
460 0
461 0
462 0
463 0
464 0
465 0
466 0
467 0
468 0
469 0
470 0
471 0
472 0
473 0
474 0
475 0
476 0
477 0
478 0
479 0
480 0
481 0
482 0
483 0
484 0
485 0
486 0
487 0
488 0
489 0
490 0
491 0
492 0
493 0
494 0
495 0
496 0
497 0
498 0
499 0
500 0
501 0
502 0
503 0
504 0
505 0
506 0
507 0
508 0
509 0
510 0
511 0
512 0
513 0
514 0
515 0
516 0
517 0
518 0
519 0
520 0
521 0
522 0
523 0
524 0
525 0
526 0
527 0
528 0
529 0
530 0
531 0
532 0
533 0
534 0
535 0
536 0
537 0
538 0
539 0
540 0
541 0
542 0
543 0
544 0
545 0
546 0
547 0
548 0
549 0
550 0
551 0
552 0
553 0
554 0
555 0
556 0
557 0
558 0
559 0
560 0
561 0
562 0
563 0
564 0
565 0
566 0
567 0
568 0
569 0
570 0
571 0
572 0
573 0
574 0
575 0
576 0
577 0
578 0
579 0
580 0
581 0
582 0
583 0
584 0
585 0
586 0
587 0
588 0
589 0
590 0
591 0
592 0
593 0
594 0
595 0
596 0
597 0
598 0
599 0
600 0
601 0
602 0
603 0
604 0
605 0
606 0
607 0
608 0
609 0
610 0
611 0
612 0
613 0
614 0
615 0
616 0
617 0
618 0
619 0
620 0
621 0
622 0
623 0
624 0
625 0
626 0
627 0
628 0
629 0
630 0
631 0
632 0
633 0
634 0
635 0
636 0
637 0
638 8
639 0
640 0
641 5
642 0
643 0
644 7
645 0
646 0
647 7
648 0
649 0
650 8
651 0
652 0
653 6
654 0
655 0
656 5
657 0
658 0
659 7
660 0
661 2
662 6
663 0
664 0
665 4
666 0
667 0
668 6
669 0
670 0
671 5
672 0
673 0
674 6
675 0
676 0
677 3
678 0
679 0
680 5
681 0
682 0
683 6
684 0
685 0
686 5
687 0
688 0
689 6
690 0
691 0
692 6
693 0
694 0
695 0
696 0
697 0
698 247
699 0
0
205
0
0
242
252
0
8
250
0
143
240
0
252
248
0
193
230
0
212
249
0
167
167
0
200
230
0
253
242
0
200
200
0
215
249
0
130
124
0
215
215
0
241
241
0
227
227
0
189
189
0
167
167
0
26
26
0
43
43
0
206
206
20
50
50
0
3
30
0
26
26
0
177
177
0
93
93
0
183
147
0
30
30
0
176
176
0
27
23
0
160
17
0
145
3
0
132
198
1
71
221
1
34
34
1
105
34
1
168
168
1
135
135
1
216
155
1
196
51
1
15
136
1
245
245
13
122
122
0
241
200
0
122
241
18
241
39
58
10
41
20
200
41
0
41
0
0
81
28
0
218
168
1
1
0
0
1
1
0
1
1
0
1
1
1
1
1
1
1
1
0
1
1
1
1
1
1
1
1
1
0
1
1
0
1
1
1
1
1
1
0
1
0
0
1
0
0
1
0
0
1
1
0
1
0
0
1
0
0
1
0
0
1
0
0
1
0
0
1
0
0
1
0
0
1
0
0
1
0
0
0
0
0
0
0
0
0
0
0
0
0
0
0
0
0
0
0
0
0
0
0
0
0
0
0
0
0
0
0
0
0
0
0
0
0
0
0
0
0
0
0
0
0
0
0
0
0
0
0
0
0
0
0
0
0
0
0
0
0
0
0
0
0
0
0
0
0
0
0
0
0
0
0
0
0
0
0
0
0
0
0
0
0
0
0
0
0
0
0
0
0
0
0
0
0
0
0
0
0
0
0
0
0
0
0
0
0
0
0
0
0
0
0
0
0
0
0
0
0
0
0
0
0
0
0
0
0
0
0
0
0
0
0
0
0
0
0
0
0
0
0
0
0
0
0
0
0
0
0
0
0
0
0
0
0
0
0
0
0
0
0
0
0
0
0
0
0
0
0
0
0
0
0
0
0
0
0
0
0
0
0
0
0
0
0
0
0
0
0
0
0
0
0
0
0
0
0
0
0
0
0
0
0
0
0
0
0
0
0
0
0
0
0
0
0
0
0
0
0
0
0
0
0
0
0
0
0
0
0
0
0
0
0
0
0
0
0
0
0
0
0
0
0
0
0
0
0
0
0
0
0
0
0
0
0
0
0
0
0
0
0
0
0
0
0
0
0
0
0
0
0
0
0
0
0
0
0
0
0
0
0
0
0
0
0
0
0
0
0
0
0
0
0
0
0
0
0
0
0
0
0
0
0
0
0
0
0
0
0
0
0
0
0
0
0
0
0
0
0
0
0
0
0
0
0
0
0
0
0
0
0
0
0
0
0
0
0
0
0
0
0
0
0
0
0
0
0
0
0
0
0
0
0
0
0
0
0
0
0
0
0
0
0
0
0
0
0
0
0
0
0
0
0
0
0
0
0
0
0
0
0
0
0
0
0
0
0
0
0
0
0
0
0
0
0
0
0
0
0
0
0
0
0
0
0
0
0
8
0
0
5
0
0
7
0
0
7
0
0
8
0
0
6
0
0
5
0
0
7
0
2
6
0
0
4
0
0
6
0
0
5
0
0
6
0
0
3
0
0
5
0
0
6
0
0
5
0
0
6
0
0
6
0
0
0
0
0
247
0
