6
250
253
9
237
237
0
244
244
9
241
241
14
217
217
13
93
254
27
241
241
9
253
253
5
251
174
18
247
247
15
216
216
0
162
239
21
8
8
48
164
164
66
237
242
58
160
165
102
215
207
62
23
235
79
217
132
90
68
115
72
24
241
106
45
130
101
111
197
105
38
194
110
236
178
140
109
64
117
240
191
129
114
145
126
106
227
143
156
84
147
60
76
167
52
147
155
208
77
169
53
229
180
146
96
172
12
237
178
213
186
189
56
96
203
56
55
201
28
140
245
180
180
215
209
144
229
124
148
232
97
152
230
159
250
254
166
159
240
167
136
251
77
158
253
77
210
254
77
15
248
220
48
249
146
147
18
203
66
117
204
19
81
42
236
85
241
0
152
255
106
113
3
78
122
159
137
195
236
112
175
144
180
211
5
237
195
167
81
252
167
145
204
45
148
115
55
217
241
192
16
182
41
45
219
41
148
226
126
98
187
63
134
115
168
165
168
252
120
156
199
160
224
247
197
212
81
31
182
235
192
0
129
129
0
223
194
0
234
94
0
234
137
0
0
0
0
0
0
0
0
0
0
0
0
0
0
0
0
0
0
0
0
0
0
0
0
0
0
0
0
0
0
0
0
0
0
0
0
0
0
0
0
0
0
0
0
0
0
0
0
0
0
0
0
0
0
0
0
0
0
0
0
0
0
0
0
0
0
0
0
0
0
0
0
0
0
0
0
0
0
0
0
0
0
0
0
0
0
0
0
0
0
0
0
0
0
0
0
0
0
0
0
0
0
0
0
0
0
0
0
0
0
0
0
0
0
0
0
0
0
0
0
0
0
0
0
0
0
0
0
0
0
0
0
0
0
0
0
0
0
0
0
0
0
0
0
0
0
0
0
0
0
0
0
0
0
0
0
0
0
0
0
0
0
0
0
0
0
0
0
0
0
0
0
0
0
0
0
0
0
0
0
0
0
0
0
0
0
0
0
0
0
0
0
0
0
0
0
0
0
0
0
0
0
0
0
0
0
0
0
0
0
0
0
0
0
0
0
0
0
0
0
0
0
0
0
0
0
0
0
0
0
0
0
0
0
0
0
0
0
0
0
0
0
0
0
0
0
0
0
0
0
0
0
0
0
0
0
0
0
0
0
0
0
0
0
0
0
0
0
0
0
0
0
0
0
0
0
0
0
0
0
0
0
0
0
0
0
0
0
0
0
0
0
0
0
0
0
0
0
0
0
0
0
0
0
0
0
0
0
0
0
0
0
0
0
0
0
0
0
0
0
0
0
0
0
0
0
0
0
0
0
0
0
0
0
0
0
0
0
0
0
0
0
0
0
0
0
0
0
0
0
0
0
0
0
0
0
0
0
0
0
0
0
0
0
0
0
0
0
0
0
0
0
0
0
0
0
0
0
0
0
0
0
0
0
0
0
0
0
0
0
0
0
0
0
0
0
0
0
0
0
0
0
0
0
0
0
0
4
0
0
5
0
0
0
0
0
11
0
0
5
0
0
7
0
0
1
0
0
1
0
0
5
0
0
12
0
0
2
0
0
6
0
0
3
0
0
5
0
0
7
0
0
7
0
0
27
0
