0
246
98
0
137
247
0
250
205
0
239
239
0
232
232
0
246
246
0
194
194
0
212
212
0
199
199
0
248
248
0
246
27
0
60
60
0
174
112
0
210
246
0
238
240
0
29
252
0
182
212
0
197
213
0
176
160
0
250
20
0
79
0
0
192
7
0
164
30
0
146
247
0
130
183
0
154
238
0
228
236
0
82
156
0
255
84
0
61
76
0
187
188
0
238
141
0
92
147
0
254
65
0
177
3
0
123
158
0
249
143
0
228
122
0
119
165
0
154
147
0
97
138
0
227
34
0
7
191
0
95
91
0
214
97
0
36
84
0
112
245
0
27
206
0
2
200
0
22
48
0
236
102
0
78
10
0
68
180
0
211
240
0
130
144
0
167
155
0
133
130
0
23
75
0
88
99
0
59
190
0
26
216
0
82
29
0
252
2
0
90
146
0
205
152
0
61
243
0
61
142
0
246
246
0
132
38
0
204
145
0
84
171
0
151
162
0
21
216
0
23
29
0
236
190
0
236
37
0
119
184
0
252
192
0
221
215
0
208
88
0
229
9
0
0
0
0
0
0
0
0
0
0
0
0
0
0
0
0
0
0
0
0
0
0
0
0
0
0
0
0
0
0
0
0
0
0
0
0
0
0
0
0
0
0
0
0
0
0
0
0
0
0
0
0
0
0
0
0
0
0
0
0
0
0
0
0
0
0
0
0
0
0
0
0
0
0
0
0
0
0
0
0
0
0
0
0
0
0
0
0
0
0
0
0
0
0
0
0
0
0
0
0
0
0
0
0
0
0
0
0
0
0
0
0
0
0
0
0
0
0
0
0
0
0
0
0
0
0
0
0
0
0
0
0
0
0
0
0
0
0
0
0
0
0
0
0
0
0
0
0
0
0
0
0
0
0
0
0
0
0
0
0
0
0
0
0
0
0
0
0
0
0
0
0
0
0
0
0
0
0
0
0
0
0
0
0
0
0
0
0
0
0
0
0
0
0
0
0
0
0
0
0
0
0
0
0
0
0
0
0
0
0
0
0
0
0
0
0
0
0
0
0
0
0
0
0
0
0
0
0
0
0
0
0
0
0
0
0
0
0
0
0
0
0
0
0
0
0
0
0
0
0
0
0
0
0
0
0
0
0
0
0
0
0
0
0
0
0
0
0
0
0
0
0
0
0
0
0
0
0
0
0
0
0
0
0
0
0
0
0
0
0
0
0
0
0
0
0
0
0
0
0
0
0
0
0
0
0
0
0
0
0
0
0
0
0
0
0
0
0
0
0
0
0
0
0
0
0
0
0
0
0
0
0
0
0
0
0
0
0
0
0
0
0
0
0
0
0
0
0
0
0
0
0
0
0
0
0
0
0
0
0
0
0
0
0
0
0
0
0
0
0
0
0
0
0
0
0
0
0
0
0
0
0
0
0
0
0
0
0
0
0
0
0
0
0
0
0
0
0
0
0
0
2
0
0
13
0
0
16
0
0
15
0
0
19
0
0
21
0
0
21
0
0
25
0
0
27
0
0
27
0
0
30
0
0
31
0
27
32
0
0
34
0
0
34
0
0
35
0
0
37
0
0
45
0
0
56
0
