0
240
228
0
240
246
0
192
192
0
203
65
0
218
64
0
247
238
0
95
50
0
116
200
0
137
206
0
227
85
0
226
99
0
182
93
0
212
127
0
195
63
0
202
168
0
45
45
0
43
73
0
188
233
0
2
27
0
229
227
0
172
8
0
138
238
0
52
52
0
179
151
0
140
61
0
137
134
0
115
43
0
220
124
0
41
224
0
174
21
0
109
214
0
67
208
0
106
76
0
147
70
0
119
176
0
149
4
0
180
236
0
207
95
0
243
152
0
37
143
0
37
29
0
145
17
0
74
127
0
122
188
0
18
15
0
230
18
0
230
74
0
185
204
0
185
175
0
185
136
0
136
213
0
179
179
0
179
55
0
240
75
0
240
32
0
62
62
0
177
178
0
178
64
0
36
142
0
80
184
0
61
55
0
232
42
0
232
1
0
232
99
0
44
47
0
44
188
0
188
143
0
255
57
0
51
226
0
229
159
0
64
166
0
194
194
0
237
237
0
243
243
0
211
202
0
242
242
0
249
249
0
251
251
0
239
239
0
213
213
0
143
45
0
0
0
0
0
0
0
0
0
0
0
0
0
0
0
0
0
0
0
0
0
0
0
0
0
0
0
0
0
0
0
0
0
0
0
0
0
0
0
0
0
0
0
0
0
0
0
0
0
0
0
0
0
0
0
0
0
0
0
0
0
0
0
0
0
0
0
0
0
0
0
0
0
0
0
0
0
0
0
0
0
0
0
0
0
0
0
0
0
0
0
0
0
0
0
0
0
0
0
0
0
0
0
0
0
0
0
0
0
0
0
0
0
0
0
0
0
0
0
0
0
0
0
0
0
0
0
0
0
0
0
0
0
0
0
0
0
0
0
0
0
0
0
0
0
0
0
0
0
0
0
0
0
0
0
0
0
0
0
0
0
0
0
0
0
0
0
0
0
0
0
0
0
0
0
0
0
0
0
0
0
0
0
0
0
0
0
0
0
0
0
0
0
0
0
0
0
0
0
0
0
0
0
0
0
0
0
0
0
0
0
0
0
0
0
0
0
0
0
0
0
0
0
0
0
0
0
0
0
0
0
0
0
0
0
0
0
0
0
0
0
0
0
0
0
0
0
0
0
0
0
0
0
0
0
0
0
0
0
0
0
0
0
0
0
0
0
0
0
0
0
0
0
0
0
0
0
0
0
0
0
0
0
0
0
0
0
0
0
0
0
0
0
0
0
0
0
0
0
0
0
0
0
0
0
0
0
0
0
0
0
0
0
0
0
0
0
0
0
0
0
0
0
0
0
0
0
0
0
0
0
0
0
0
0
0
0
0
0
0
0
0
0
0
0
0
0
0
0
0
0
0
0
0
0
0
0
0
0
0
0
0
0
0
0
0
0
0
0
0
0
0
0
0
0
0
0
0
0
0
0
0
0
0
0
0
0
0
0
0
0
0
0
0
0
0
0
0
0
0
0
10
0
0
7
0
0
2
0
0
4
0
0
18
0
0
17
0
0
16
0
0
19
0
0
23
0
0
23
0
0
29
0
0
29
0
0
33
0
0
33
0
0
33
0
0
26
0
0
35
0
0
38
0
0
249
0
