29
254
245
0
246
246
0
246
252
0
132
241
23
252
252
17
246
245
3
180
180
15
245
241
24
235
181
16
254
254
21
186
249
15
236
249
28
199
231
43
164
164
47
186
186
18
227
199
85
172
214
83
124
59
67
144
218
81
236
254
104
153
212
99
178
208
123
84
223
126
28
146
124
41
101
146
69
59
142
219
88
147
252
120
155
153
111
165
191
146
183
134
113
180
95
157
190
162
9
206
208
249
223
208
221
245
46
216
231
150
46
255
22
167
253
6
173
240
4
99
254
250
194
247
212
212
27
172
147
108
62
220
149
172
77
70
81
138
78
155
142
93
211
198
30
198
204
4
124
104
73
68
172
4
232
125
193
102
1
166
152
152
114
10
200
205
0
183
0
0
0
0
0
0
0
0
0
0
0
0
0
0
0
0
0
0
0
0
0
0
0
0
0
0
0
0
0
0
0
0
0
0
0
0
0
0
0
0
0
0
0
0
0
0
0
0
0
0
0
0
0
0
0
0
0
0
0
0
0
0
0
0
0
0
0
0
0
0
0
0
0
0
0
0
0
0
0
0
0
0
0
0
0
0
0
0
0
0
0
0
0
0
0
0
0
0
0
0
0
0
0
0
0
0
0
0
0
0
0
0
0
0
0
0
0
0
0
0
0
0
0
0
0
0
0
0
0
0
0
0
0
0
0
0
0
0
0
0
0
0
0
0
0
0
0
0
0
0
0
0
0
0
0
0
0
0
0
0
0
0
0
0
0
0
0
0
0
0
0
0
0
0
0
0
0
0
0
0
0
0
0
0
0
0
0
0
0
0
0
0
0
0
0
0
0
0
0
0
0
0
0
0
0
0
0
0
0
0
0
0
0
0
0
0
0
0
0
0
0
0
0
0
0
0
0
0
0
0
0
0
0
0
0
0
0
0
0
0
0
0
0
0
0
0
0
0
0
0
0
0
0
0
0
0
0
0
0
0
0
0
0
0
0
0
0
0
0
0
0
0
0
0
0
0
0
0
0
0
0
0
0
0
0
0
0
0
0
0
0
0
0
0
0
0
0
0
0
0
0
0
0
0
0
0
0
0
0
0
0
0
0
0
0
0
0
0
0
0
0
0
0
0
0
0
0
0
0
0
0
0
0
0
0
0
0
0
0
0
0
0
0
0
0
0
0
0
0
0
0
0
0
0
0
0
0
0
0
0
0
0
0
0
0
0
0
0
0
0
0
0
0
0
0
0
0
0
0
0
0
0
0
0
0
0
0
0
0
0
0
0
0
0
0
0
0
0
0
0
0
0
0
0
0
0
0
0
0
0
0
0
0
0
0
0
0
0
0
0
0
0
0
0
0
0
0
0
0
0
0
0
0
0
0
0
0
0
0
0
0
0
0
0
0
0
0
0
0
0
0
0
0
0
0
0
0
0
0
0
0
0
0
0
0
0
0
0
0
0
0
0
0
0
0
0
0
0
0
5
0
0
0
0
0
2
0
0
1
0
0
1
0
0
6
0
0
7
0
0
4
0
0
0
0
0
11
0
0
2
0
0
3
0
0
4
0
0
1
0
0
2
0
0
11
0
15
19
0
10
245
0
