0
254
0
0
103
239
0
103
254
0
239
238
0
241
244
0
116
249
0
248
248
0
253
253
0
192
192
0
245
212
0
238
173
0
227
223
0
236
236
0
207
247
0
241
241
0
244
243
0
115
179
0
181
228
0
237
237
0
142
248
0
185
153
0
240
157
0
235
202
0
234
234
0
231
232
0
219
177
0
174
71
0
191
195
0
116
144
0
248
180
0
112
193
0
222
192
0
119
92
0
240
45
0
148
242
0
144
242
0
165
118
0
250
90
0
168
53
0
182
181
0
49
88
0
246
231
0
150
150
0
146
222
0
247
223
0
254
37
0
196
206
0
219
84
0
95
221
0
18
16
0
135
215
0
209
12
0
165
123
150
1
158
1
1
1
1
1
1
1
1
1
1
1
1
1
1
1
1
1
1
1
1
1
1
1
1
1
1
1
0
1
1
1
1
1
1
1
1
1
1
1
1
1
1
0
1
1
1
1
1
0
1
1
1
1
1
0
1
1
1
1
1
0
1
1
0
1
1
0
1
1
0
1
1
0
1
1
0
1
1
0
1
1
0
0
0
0
0
0
0
0
0
0
0
0
0
0
0
0
0
0
0
0
0
0
0
0
0
0
0
0
0
0
0
0
0
0
0
0
0
0
0
0
0
0
0
0
0
0
0
0
0
0
0
0
0
0
0
0
0
0
0
0
0
0
0
0
0
0
0
0
0
0
0
0
0
0
0
0
0
0
0
0
0
0
0
0
0
0
0
0
0
0
0
0
0
0
0
0
0
0
0
0
0
0
0
0
0
0
0
0
0
0
0
0
0
0
0
0
0
0
0
0
0
0
0
0
0
0
0
0
0
0
0
0
0
0
0
0
0
0
0
0
0
0
0
0
0
0
0
0
0
0
0
0
0
0
0
0
0
0
0
0
0
0
0
0
0
0
0
0
0
0
0
0
0
0
0
0
0
0
0
0
0
0
0
0
0
0
0
0
0
0
0
0
0
0
0
0
0
0
0
0
0
0
0
0
0
0
0
0
0
0
0
0
0
0
0
0
0
0
0
0
0
0
0
0
0
0
0
0
0
0
0
0
0
0
0
0
0
0
0
0
0
0
0
0
0
0
0
0
0
0
0
0
0
0
0
0
0
0
0
0
0
0
0
0
0
0
0
0
0
0
0
0
0
0
0
0
0
0
0
0
0
0
0
0
0
0
0
0
0
0
0
0
0
0
0
0
0
0
0
0
0
0
0
0
0
0
0
0
0
0
0
0
0
0
0
0
0
0
0
0
0
0
0
0
0
0
0
0
0
0
0
0
0
0
0
0
0
0
0
0
0
0
0
0
0
0
0
0
0
0
0
0
0
0
0
0
0
0
0
0
0
0
0
0
0
0
0
0
0
0
0
0
0
0
0
0
0
0
0
0
0
0
0
0
0
0
0
0
0
0
0
0
0
0
0
0
0
0
5
0
0
3
0
0
9
0
0
12
0
0
17
0
0
19
0
0
20
0
0
23
0
0
24
0
0
27
0
0
28
0
0
29
0
0
31
0
0
32
0
0
34
0
0
35
0
0
37
0
0
35
0
0
52
0
0
215
0
