14:36:31.830, Timestamp, Temperature (ºC), Setpoint, Error, Delta_T, State, PWM output, Current, PWM / Current
14:36:33.357, Timestamp, Temperature (ºC), Setpoint, Error, Delta_T, State, PWM output, Current, PWM / Current
14:36:35.993, Timestamp, Temperature (ºC), Setpoint, Error, Delta_T, State, PWM output, Current, PWM / Current
14:36:37.052, 23.91, 0.00, 23.91, 23.91, 875, 0, -0.00, 0.00
14:36:38.039, 23.91, 0.00, 23.91, 0.00, 874, 0, 0.04, 0.00
14:36:39.070, 23.91, 0.00, 23.91, 0.00, 874, 0, -0.00, 0.00
14:36:40.107, 23.91, 0.00, 23.91, 0.00, 874, 0, 0.04, 0.00
14:36:41.119, 23.91, 0.00, 23.91, 0.00, 874, 0, -0.00, 0.00
14:36:42.143, 28.71
14:36:42.143, 23.91, 28.71, -4.80, 0.00, 13, 252, 0.04, 6930.58
14:36:43.175, 23.91, 28.71, -4.80, 0.00, 13, 252, 3.60, 69.91
14:36:44.211, 23.91, 28.71, -4.80, 0.00, 13, 252, 3.57, 70.65
14:36:45.234, 23.91, 28.71, -4.80, 0.00, 13, 252, 3.57, 70.65
14:36:46.253, 23.91, 28.71, -4.80, 0.00, 13, 252, 3.57, 70.65
14:36:47.255, 23.91, 28.71, -4.80, 0.00, 13, 252, 3.60, 69.91
14:36:48.294, 23.91, 28.71, -4.80, 0.00, 13, 252, 3.57, 70.65
14:36:49.317, 23.91, 28.71, -4.80, 0.00, 13, 252, 3.60, 69.91
14:36:50.318, 23.91, 28.71, -4.80, 0.00, 13, 252, 3.60, 69.91
14:36:51.344, 23.91, 28.71, -4.80, 0.00, 13, 252, 3.57, 70.65
14:36:52.383, 23.91, 28.71, -4.80, 0.00, 13, 252, 3.57, 70.65
14:36:53.412, 23.91, 28.71, -4.80, 0.00, 13, 252, 3.57, 70.65
14:36:54.431, 23.91, 28.71, -4.80, 0.00, 13, 252, 3.57, 70.65
14:36:55.462, 23.91, 28.71, -4.80, 0.00, 13, 252, 3.57, 70.65
14:36:56.456, 23.91, 28.71, -4.80, 0.00, 13, 252, 3.60, 69.91
14:36:57.482, 23.91, 28.71, -4.80, 0.00, 13, 252, 3.57, 70.65
14:36:58.503, 24.00, 28.71, -4.71, 0.09, 17, 245, 3.57, 68.68
14:36:59.540, 24.00, 28.71, -4.71, 0.00, 16, 245, 3.57, 68.68
14:37:00.571, 24.00, 28.71, -4.71, 0.00, 16, 245, 3.53, 69.42
14:37:01.597, 24.08, 28.71, -4.63, 0.09, 20, 228, 3.42, 66.73
14:37:02.595, 24.08, 28.71, -4.63, 0.00, 19, 119, 3.45, 34.45
14:37:03.626, 24.17, 28.71, -4.54, 0.09, 23, 226, 2.55, 88.53
14:37:04.676, 24.17, 28.71, -4.54, 0.00, 22, 226, 3.00, 75.24
14:37:05.692, 24.17, 28.71, -4.54, 0.00, 22, 226, 3.45, 65.43
14:37:06.707, 24.17, 28.71, -4.54, 0.00, 22, 226, 3.23, 69.99
14:37:07.726, 24.26, 28.71, -4.45, 0.09, 26, 156, 3.27, 47.76
14:37:08.760, 24.26, 28.71, -4.45, 0.00, 25, 185, 2.55, 72.47
14:37:09.762, 24.26, 28.71, -4.45, 0.00, 25, 185, 3.04, 60.83
14:37:10.784, 24.35, 28.71, -4.36, 0.09, 26, 156, 2.29, 68.12
14:37:11.801, 24.35, 28.71, -4.36, 0.00, 25, 185, 1.31, 140.86
14:37:12.855, 24.35, 28.71, -4.36, 0.00, 25, 185, 3.23, 57.29
14:37:13.859, 24.35, 28.71, -4.36, 0.00, 25, 185, 3.04, 60.83
14:37:14.896, 24.43, 28.71, -4.27, 0.09, 29, 245, 2.37, 103.59
14:37:15.904, 24.43, 28.71, -4.27, 0.00, 28, 245, 3.53, 69.42
14:37:16.934, 24.43, 28.71, -4.27, 0.00, 28, 245, 3.34, 73.32
14:37:17.954, 24.52, 28.71, -4.19, 0.09, 32, 168, 3.57, 47.10
14:37:18.980, 24.52, 28.71, -4.19, 0.00, 31, 171, 2.85, 59.93
14:37:20.005, 24.52, 28.71, -4.19, 0.00, 31, 171, 1.46, 116.83
14:37:21.041, 24.61, 28.71, -4.10, 0.09, 35, 100, 3.12, 32.09
14:37:22.054, 24.61, 28.71, -4.10, 0.00, 34, 219, 2.18, 100.58
14:37:23.056, 24.61, 28.71, -4.10, 0.00, 34, 219, 3.27, 67.04
14:37:24.096, 24.70, 28.71, -4.01, 0.09, 38, 174, 3.49, 49.83
14:37:25.117, 24.70, 28.71, -4.01, 0.00, 37, 174, 3.08, 56.52
14:37:26.145, 24.79, 28.71, -3.92, 0.09, 41, 207, 2.14, 96.74
14:37:27.175, 24.79, 28.71, -3.92, 0.00, 40, 153, 3.38, 45.28
14:37:28.173, 24.79, 28.71, -3.92, 0.00, 40, 153, 2.85, 53.62
14:37:29.209, 24.87, 28.71, -3.83, 0.09, 44, 111, 2.63, 42.24
14:37:30.245, 24.87, 28.71, -3.83, 0.00, 43, 216, 2.52, 85.87
14:37:31.265, 24.87, 28.71, -3.83, 0.00, 43, 216, 2.63, 82.19
14:37:32.273, 24.96, 28.71, -3.75, 0.09, 47, 40, 3.49, 11.46
14:37:33.305, 24.96, 28.71, -3.75, 0.00, 46, 220, 0.37, 587.60
14:37:34.337, 24.96, 28.71, -3.75, 0.00, 46, 220, 3.27, 67.35
14:37:35.362, 25.05, 28.71, -3.66, 0.09, 47, 40, 3.04, 13.15
14:37:36.363, 25.05, 28.71, -3.66, 0.00, 46, 220, 0.22, 981.44
14:37:37.385, 25.14, 28.71, -3.57, 0.09, 50, 153, 3.49, 43.82
14:37:38.421, 25.14, 28.71, -3.57, 0.00, 49, 32, 2.89, 11.07
14:37:39.441, 25.14, 28.71, -3.57, 0.00, 49, 32, 0.75, 42.67
14:37:40.459, 25.23, 28.71, -3.48, 0.09, 53, 227, 1.13, 201.67
14:37:41.481, 25.23, 28.71, -3.48, 0.00, 52, 233, 3.49, 66.73
14:37:42.496, 25.23, 28.71, -3.48, 0.00, 52, 233, 3.45, 67.45
14:37:43.520, 25.32, 28.71, -3.39, 0.09, 56, 172, 3.27, 52.66
14:37:44.562, 25.32, 28.71, -3.39, 0.00, 55, 145, 1.88, 77.26
14:37:45.563, 25.41, 28.71, -3.30, 0.09, 59, 142, 2.40, 59.10
14:37:46.605, 25.41, 28.71, -3.30, 0.00, 58, 197, 2.82, 69.96
14:37:47.632, 25.41, 28.71, -3.30, 0.00, 58, 197, 2.59, 76.05
14:37:48.636, 25.49, 28.71, -3.21, 0.09, 62, 201, 3.08, 65.29
14:37:49.689, 25.49, 28.71, -3.21, 0.00, 61, 152, 3.15, 48.20
14:37:50.694, 25.49, 28.71, -3.21, 0.00, 61, 152, 2.63, 57.84
14:37:51.716, 25.58, 28.71, -3.13, 0.09, 65, 120, 1.20, 99.94
14:37:52.746, 25.58, 28.71, -3.13, 0.00, 64, 169, 1.65, 102.33
14:37:53.775, 25.58, 28.71, -3.13, 0.00, 64, 169, 3.08, 54.89
14:37:54.798, 25.67, 28.71, -3.04, 0.09, 68, 100, 2.29, 43.67
14:37:55.831, 25.67, 28.71, -3.04, 0.00, 67, 205, 0.83, 248.45
14:37:56.826, 25.76, 28.71, -2.95, 0.09, 71, 116, 3.27, 35.51
14:37:57.858, 25.76, 28.71, -2.95, 0.00, 70, 198, 2.25, 87.91
14:37:58.891, 25.85, 28.71, -2.86, 0.09, 71, 116, 2.06, 56.19
14:37:59.917, 25.85, 28.71, -2.86, 0.00, 70, 198, 1.31, 150.75
14:38:00.939, 25.85, 28.71, -2.86, 0.00, 70, 198, 3.19, 62.04
14:38:01.938, 25.94, 28.71, -2.77, 0.09, 74, 97, 2.89, 33.55
14:38:02.982, 25.94, 28.71, -2.77, 0.00, 73, 231, 1.20, 192.38
14:38:03.995, 26.03, 28.71, -2.68, 0.09, 77, 170, 3.49, 48.68
14:38:05.037, 26.03, 28.71, -2.68, 0.00, 76, 239, 2.89, 82.67
14:38:06.033, 26.03, 28.71, -2.68, 0.00, 76, 239, 3.30, 72.33
14:38:07.063, 26.12, 28.71, -2.59, 0.09, 80, 108, 3.53, 30.60
14:38:08.078, 26.12, 28.71, -2.59, 0.00, 79, 173, 1.99, 86.96
14:38:09.118, 26.21, 28.71, -2.50, 0.09, 83, 255, 2.67, 95.66
14:38:10.131, 26.21, 28.71, -2.50, 0.00, 82, 253, 3.60, 70.19
14:38:11.159, 26.21, 28.71, -2.50, 0.00, 82, 253, 3.57, 70.93
14:38:12.200, 26.30, 28.71, -2.41, 0.09, 86, 115, 3.57, 32.24
14:38:13.209, 26.30, 28.71, -2.41, 0.00, 85, 137, 0.79, 173.95
14:38:14.245, 26.39, 28.71, -2.32, 0.09, 89, 130, 2.78, 46.79
14:38:15.263, 26.39, 28.71, -2.32, 0.00, 88, 182, 2.78, 65.51
14:38:16.275, 26.48, 28.71, -2.23, 0.09, 92, 2, 2.40, 0.83
14:38:17.304, 26.56, 28.71, -2.14, 0.09, 95, 209, -0.00, -174237.28
14:38:18.303, 26.56, 28.71, -2.14, 0.00, 94, 239, 3.30, 72.33
14:38:19.364, 26.56, 28.71, -2.14, 0.00, 94, 239, 3.27, 73.17
14:38:20.380, 26.65, 28.71, -2.05, 0.09, 95, 209, 3.53, 59.22
14:38:21.399, 26.65, 28.71, -2.05, 0.00, 94, 239, 3.23, 74.02
14:38:22.402, 26.74, 28.71, -1.96, 0.09, 98, 201, 3.27, 61.53
14:38:23.443, 26.83, 28.71, -1.87, 0.09, 101, 242, 3.42, 70.83
14:38:24.456, 26.83, 28.71, -1.87, 0.00, 100, 194, 3.42, 56.78
14:38:25.476, 26.92, 28.71, -1.78, 0.09, 104, 0, 1.95, 0.00
14:38:26.492, 26.92, 28.71, -1.78, 0.00, 103, 101, -0.00, -84200.79
14:38:27.536, 27.01, 28.71, -1.69, 0.09, 107, 125, 0.71, 175.45
14:38:28.550, 27.01, 28.71, -1.69, 0.00, 106, 213, 1.73, 123.37
14:38:29.576, 27.01, 28.71, -1.69, 0.00, 106, 213, 3.23, 65.97
14:38:30.608, 27.10, 28.71, -1.60, 0.09, 110, 53, 2.97, 17.87
14:38:31.631, 27.20, 28.71, -1.51, 0.09, 113, 213, 0.64, 334.21
14:38:32.649, 27.20, 28.71, -1.51, 0.00, 112, 164, 3.38, 48.53
14:38:33.668, 27.29, 28.71, -1.42, 0.09, 116, 10, 3.04, 3.29
14:38:34.709, 27.38, 28.71, -1.33, 0.09, 119, 220, 0.19, 1178.99
14:38:35.703, 27.38, 28.71, -1.33, 0.00, 118, 14, 3.12, 4.49
14:38:36.728, 27.47, 28.71, -1.24, 0.09, 122, 147, 0.30, 491.18
14:38:37.748, 27.47, 28.71, -1.24, 0.00, 121, 192, 1.80, 106.57
14:38:38.781, 27.47, 28.71, -1.24, 0.00, 121, 192, 3.15, 60.88
14:38:39.803, 27.56, 28.71, -1.15, 0.09, 122, 147, 2.67, 55.15
14:38:40.834, 27.56, 28.71, -1.15, 0.00, 121, 192, 1.28, 150.49
14:38:41.841, 27.65, 28.71, -1.06, 0.09, 125, 218, 2.67, 81.78
14:38:42.897, 27.65, 28.71, -1.06, 0.00, 124, 71, 3.27, 21.74
14:38:43.896, 27.74, 28.71, -0.97, 0.09, 128, 110, 1.99, 55.29
14:38:44.921, 27.74, 28.71, -0.97, 0.00, 127, 202, 1.76, 114.50
14:38:45.941, 27.74, 28.71, -0.97, 0.00, 127, 202, 2.18, 92.78
14:38:46.968, 27.83, 28.71, -0.88, 0.09, 131, 81, 3.30, 24.52
14:38:48.002, 27.83, 28.71, -0.88, 0.00, 130, 225, 1.61, 139.42
14:38:49.016, 27.92, 28.71, -0.79, 0.09, 134, 11, 3.00, 3.66
14:38:50.025, 28.01, 28.71, -0.70, 0.09, 137, 163, 0.07, 2205.07
14:38:51.057, 28.01, 28.71, -0.70, 0.00, 136, 126, 2.89, 43.58
14:38:52.090, 28.01, 28.71, -0.70, 0.00, 136, 126, 2.55, 49.36
14:38:53.106, 28.10, 28.71, -0.60, 0.09, 140, 161, 1.91, 84.10
14:38:54.150, 28.10, 28.71, -0.60, 0.00, 139, 109, 1.39, 78.50
14:38:55.172, 28.20, 28.71, -0.51, 0.09, 143, 24, 1.09, 22.06
14:38:56.190, 28.29, 28.71, -0.42, 0.09, 146, 243, 0.26, 928.47
14:38:57.214, 28.29, 28.71, -0.42, 0.00, 145, 34, 3.45, 9.84
14:38:58.210, 28.38, 28.71, -0.33, 0.09, 149, 103, 0.67, 152.62
14:38:59.234, 28.38, 28.71, -0.33, 0.00, 148, 82, 1.54, 53.29
14:39:00.256, 28.38, 28.71, -0.33, 0.00, 148, 82, 0.64, 128.66
14:39:01.286, 28.47, 28.71, -0.24, 0.09, 152, 217, 0.90, 241.05
14:39:02.326, 28.47, 28.71, -0.24, 0.00, 151, 34, 3.04, 11.18
14:39:03.346, 28.56, 28.71, -0.15, 0.09, 155, 217, 0.15, 1455.98
14:39:04.379, 28.56, 28.71, -0.15, 0.00, 154, 1, 3.45, 0.29
14:39:05.383, 28.65, 28.71, -0.05, 0.09, 155, 217, 0.04, 5968.00
14:39:06.411, 28.65, 28.71, -0.05, 0.00, 154, 1, 3.12, 0.32
14:39:07.445, 28.75, 28.71, 0.04, 0.09, 158, 96, 0.15, 644.12
14:39:08.450, 28.75, 28.71, 0.04, 0.00, 157, 151, 0.83, 183.00
14:39:09.479, 28.75, 28.71, 0.04, 0.00, 157, 151, 2.93, 51.56
14:39:10.489, 28.84, 28.71, 0.13, 0.09, 161, 1, 2.52, 0.40
14:39:11.515, 28.84, 28.71, 0.13, 0.00, 160, 1, 0.11, 8.97
14:39:12.542, 28.93, 28.71, 0.22, 0.09, 164, 0, 0.04, 0.00
14:39:13.586, 28.93, 28.71, 0.22, 0.00, 163, 0, -0.00, 0.00
14:39:14.598, 29.02, 28.71, 0.32, 0.09, 167, 0, -0.00, 0.00
14:39:15.627, 29.02, 28.71, 0.32, 0.00, 166, 0, -0.00, 0.00
14:39:16.629, 29.02, 28.71, 0.32, 0.00, 166, 0, -0.00, 0.00
14:39:17.651, 29.12, 28.71, 0.41, 0.09, 170, 0, -0.00, 0.00
14:39:18.675, 29.12, 28.71, 0.41, 0.00, 169, 0, -0.00, 0.00
14:39:19.700, 29.21, 28.71, 0.50, 0.09, 173, 0, -0.00, 0.00
14:39:20.739, 29.21, 28.71, 0.50, 0.00, 172, 0, -0.00, 0.00
14:39:21.739, 29.21, 28.71, 0.50, 0.00, 172, 0, -0.00, 0.00
14:39:22.768, 29.30, 28.71, 0.59, 0.09, 176, 0, -0.00, 0.00
14:39:23.795, 29.30, 28.71, 0.59, 0.00, 175, 0, 0.04, 0.00
14:39:24.827, 29.30, 28.71, 0.59, 0.00, 175, 0, -0.00, 0.00
14:39:25.859, 29.30, 28.71, 0.59, 0.00, 175, 0, 0.04, 0.00
14:39:26.888, 29.39, 28.71, 0.69, 0.09, 179, 0, -0.00, 0.00
14:39:27.890, 29.39, 28.71, 0.69, 0.00, 178, 0, -0.00, 0.00
14:39:28.924, 29.39, 28.71, 0.69, 0.00, 178, 0, -0.00, 0.00
14:39:29.960, 29.39, 28.71, 0.69, 0.00, 178, 0, -0.00, 0.00
14:39:30.966, 29.49, 28.71, 0.78, 0.09, 182, 0, -0.00, 0.00
14:39:31.992, 29.49, 28.71, 0.78, 0.00, 181, 0, -0.00, 0.00
14:39:33.016, 29.49, 28.71, 0.78, 0.00, 181, 0, -0.00, 0.00
14:39:34.048, 29.49, 28.71, 0.78, 0.00, 181, 0, -0.00, 0.00
14:39:35.061, 29.49, 28.71, 0.78, 0.00, 181, 0, -0.00, 0.00
14:39:36.064, 29.49, 28.71, 0.78, 0.00, 181, 0, -0.00, 0.00
14:39:37.104, 29.49, 28.71, 0.78, 0.00, 181, 0, -0.00, 0.00
14:39:38.136, 29.58, 28.71, 0.87, 0.09, 185, 0, -0.00, 0.00
14:39:39.152, 29.58, 28.71, 0.87, 0.00, 184, 0, -0.00, 0.00
14:39:40.184, 29.58, 28.71, 0.87, 0.00, 184, 0, -0.00, 0.00
14:39:41.177, 29.58, 28.71, 0.87, 0.00, 184, 0, -0.00, 0.00
14:39:42.206, 29.58, 28.71, 0.87, 0.00, 184, 0, -0.00, 0.00
14:39:43.241, 29.58, 28.71, 0.87, 0.00, 184, 0, -0.00, 0.00
14:39:44.278, 29.58, 28.71, 0.87, 0.00, 184, 0, -0.00, 0.00
14:39:45.301, 29.67, 28.71, 0.97, 0.09, 188, 0, -0.00, 0.00
14:39:46.321, 29.67, 28.71, 0.97, 0.00, 187, 0, -0.00, 0.00
14:39:47.325, 29.67, 28.71, 0.97, 0.00, 187, 0, -0.00, 0.00
14:39:48.345, 29.67, 28.71, 0.97, 0.00, 187, 0, -0.00, 0.00
14:39:49.373, 29.67, 28.71, 0.97, 0.00, 187, 0, 0.04, 0.00
14:39:50.409, 29.67, 28.71, 0.97, 0.00, 187, 0, 0.04, 0.00
14:39:51.441, 29.67, 28.71, 0.97, 0.00, 187, 0, -0.00, 0.00
14:39:52.457, 29.67, 28.71, 0.97, 0.00, 187, 0, -0.00, 0.00
14:39:53.457, 29.67, 28.71, 0.97, 0.00, 187, 0, -0.00, 0.00
14:39:54.491, 29.67, 28.71, 0.97, 0.00, 187, 0, -0.00, 0.00
14:39:55.534, 29.67, 28.71, 0.97, 0.00, 187, 0, -0.00, 0.00
14:39:56.558, 29.77, 28.71, 1.06, 0.09, 191, 0, -0.00, 0.00
14:39:57.574, 29.77, 28.71, 1.06, 0.00, 190, 0, -0.00, 0.00
14:39:58.576, 29.77, 28.71, 1.06, 0.00, 190, 0, -0.00, 0.00
14:39:59.605, 29.77, 28.71, 1.06, 0.00, 190, 0, -0.00, 0.00
14:40:00.627, 29.77, 28.71, 1.06, 0.00, 190, 0, 0.04, 0.00
14:40:01.658, 29.77, 28.71, 1.06, 0.00, 190, 0, -0.00, 0.00
14:40:02.674, 29.77, 28.71, 1.06, 0.00, 190, 0, -0.00, 0.00
14:40:03.689, 29.77, 28.71, 1.06, 0.00, 190, 0, -0.00, 0.00
14:40:04.724, 29.77, 28.71, 1.06, 0.00, 190, 0, -0.00, 0.00
14:40:05.770, 29.77, 28.71, 1.06, 0.00, 190, 0, 0.04, 0.00
14:40:06.790, 29.77, 28.71, 1.06, 0.00, 190, 0, 0.04, 0.00
14:40:07.788, 29.86, 28.71, 1.15, 0.09, 194, 0, -0.00, 0.00
14:40:08.818, 29.86, 28.71, 1.15, 0.00, 193, 0, -0.00, 0.00
14:40:09.860, 29.86, 28.71, 1.15, 0.00, 193, 0, -0.00, 0.00
14:40:10.857, 29.86, 28.71, 1.15, 0.00, 193, 0, 0.04, 0.00
14:40:11.882, 29.86, 28.71, 1.15, 0.00, 193, 0, -0.00, 0.00
14:40:12.909, 29.86, 28.71, 1.15, 0.00, 193, 0, -0.00, 0.00
14:40:13.935, 29.86, 28.71, 1.15, 0.00, 193, 0, 0.04, 0.00
14:40:14.954, 29.86, 28.71, 1.15, 0.00, 193, 0, -0.00, 0.00
14:40:15.966, 29.86, 28.71, 1.15, 0.00, 193, 0, -0.00, 0.00
14:40:17.009, 29.86, 28.71, 1.15, 0.00, 193, 0, 0.04, 0.00
14:40:18.037, 29.86, 28.71, 1.15, 0.00, 193, 0, -0.00, 0.00
14:40:19.036, 29.86, 28.71, 1.15, 0.00, 193, 0, 0.04, 0.00
14:40:20.071, 29.86, 28.71, 1.15, 0.00, 193, 0, -0.00, 0.00
14:40:21.098, 29.86, 28.71, 1.15, 0.00, 193, 0, 0.04, 0.00
14:40:22.131, 29.86, 28.71, 1.15, 0.00, 193, 0, -0.00, 0.00
14:40:23.155, 29.95, 28.71, 1.25, 0.09, 194, 0, -0.00, 0.00
14:40:24.179, 29.95, 28.71, 1.25, 0.00, 193, 0, 0.04, 0.00
14:40:25.197, 29.95, 28.71, 1.25, 0.00, 193, 0, -0.00, 0.00
14:40:26.212, 29.95, 28.71, 1.25, 0.00, 193, 0, -0.00, 0.00
14:40:27.243, 29.95, 28.71, 1.25, 0.00, 193, 0, 0.04, 0.00
14:40:28.259, 29.95, 28.71, 1.25, 0.00, 193, 0, 0.04, 0.00
14:40:29.296, 29.95, 28.71, 1.25, 0.00, 193, 0, 0.04, 0.00
14:40:30.319, 29.95, 28.71, 1.25, 0.00, 193, 0, -0.00, 0.00
14:40:31.317, 29.95, 28.71, 1.25, 0.00, 193, 0, -0.00, 0.00
14:40:32.364, 29.95, 28.71, 1.25, 0.00, 193, 0, -0.00, 0.00
14:40:33.359, 29.95, 28.71, 1.25, 0.00, 193, 0, -0.00, 0.00
14:40:34.412, 29.95, 28.71, 1.25, 0.00, 193, 0, -0.00, 0.00
14:40:35.439, 29.95, 28.71, 1.25, 0.00, 193, 0, -0.00, 0.00
14:40:36.460, 29.95, 28.71, 1.25, 0.00, 193, 0, -0.00, 0.00
14:40:37.479, 29.95, 28.71, 1.25, 0.00, 193, 0, -0.00, 0.00
14:40:38.496, 29.95, 28.71, 1.25, 0.00, 193, 0, -0.00, 0.00
14:40:39.527, 29.95, 28.71, 1.25, 0.00, 193, 0, -0.00, 0.00
14:40:40.532, 29.95, 28.71, 1.25, 0.00, 193, 0, -0.00, 0.00
14:40:41.556, 30.05, 28.71, 1.34, 0.09, 197, 0, -0.00, 0.00
14:40:42.590, 30.05, 28.71, 1.34, 0.00, 196, 0, -0.00, 0.00
14:40:43.622, 30.05, 28.71, 1.34, 0.00, 196, 0, -0.00, 0.00
14:40:44.640, 30.05, 28.71, 1.34, 0.00, 196, 0, -0.00, 0.00
14:40:45.677, 30.05, 28.71, 1.34, 0.00, 196, 0, -0.00, 0.00
14:40:46.687, 30.05, 28.71, 1.34, 0.00, 196, 0, -0.00, 0.00
14:40:47.717, 30.05, 28.71, 1.34, 0.00, 196, 0, 0.04, 0.00
14:40:48.743, 30.05, 28.71, 1.34, 0.00, 196, 0, -0.00, 0.00
14:40:49.770, 30.05, 28.71, 1.34, 0.00, 196, 0, -0.00, 0.00
14:40:50.801, 30.05, 28.71, 1.34, 0.00, 196, 0, -0.00, 0.00
14:40:51.804, 30.05, 28.71, 1.34, 0.00, 196, 0, -0.00, 0.00
14:40:52.823, 30.05, 28.71, 1.34, 0.00, 196, 0, -0.00, 0.00
14:40:53.853, 30.05, 28.71, 1.34, 0.00, 196, 0, -0.00, 0.00
14:40:54.883, 30.05, 28.71, 1.34, 0.00, 196, 0, 0.04, 0.00
14:40:55.916, 30.05, 28.71, 1.34, 0.00, 196, 0, -0.00, 0.00
14:40:56.937, 30.05, 28.71, 1.34, 0.00, 196, 0, -0.00, 0.00
14:40:57.940, 30.05, 28.71, 1.34, 0.00, 196, 0, 0.04, 0.00
14:40:58.975, 30.05, 28.71, 1.34, 0.00, 196, 0, -0.00, 0.00
14:40:59.999, 30.05, 28.71, 1.34, 0.00, 196, 0, -0.00, 0.00
14:41:01.013, 30.05, 28.71, 1.34, 0.00, 196, 0, -0.00, 0.00
14:41:02.069, 30.05, 28.71, 1.34, 0.00, 196, 0, 0.04, 0.00
14:41:03.089, 30.05, 28.71, 1.34, 0.00, 196, 0, 0.04, 0.00
14:41:04.082, 30.05, 28.71, 1.34, 0.00, 196, 0, 0.04, 0.00
14:41:05.138, 30.05, 28.71, 1.34, 0.00, 196, 0, -0.00, 0.00
14:41:06.140, 30.05, 28.71, 1.34, 0.00, 196, 0, -0.00, 0.00
14:41:07.161, 30.05, 28.71, 1.34, 0.00, 196, 0, -0.00, 0.00
14:41:08.175, 30.05, 28.71, 1.34, 0.00, 196, 0, -0.00, 0.00
14:41:09.204, 30.05, 28.71, 1.34, 0.00, 196, 0, -0.00, 0.00
14:41:10.249, 30.05, 28.71, 1.34, 0.00, 196, 0, -0.00, 0.00
14:41:11.253, 30.05, 28.71, 1.34, 0.00, 196, 0, -0.00, 0.00
14:41:12.304, 30.05, 28.71, 1.34, 0.00, 196, 0, -0.00, 0.00
14:41:13.293, 30.05, 28.71, 1.34, 0.00, 196, 0, 0.04, 0.00
14:41:14.342, 30.05, 28.71, 1.34, 0.00, 196, 0, -0.00, 0.00
14:41:15.366, 30.05, 28.71, 1.34, 0.00, 196, 0, -0.00, 0.00
14:41:16.374, 30.14, 28.71, 1.43, 0.09, 200, 0, -0.00, 0.00
14:41:17.388, 30.14, 28.71, 1.43, 0.00, 199, 0, -0.00, 0.00
14:41:18.409, 30.14, 28.71, 1.43, 0.00, 199, 0, 0.04, 0.00
14:41:19.446, 30.14, 28.71, 1.43, 0.00, 199, 0, 0.04, 0.00
14:41:20.484, 30.14, 28.71, 1.43, 0.00, 199, 0, 0.04, 0.00
14:41:21.507, 30.14, 28.71, 1.43, 0.00, 199, 0, -0.00, 0.00
14:41:22.508, 30.14, 28.71, 1.43, 0.00, 199, 0, 0.04, 0.00
14:41:23.547, 30.14, 28.71, 1.43, 0.00, 199, 0, -0.00, 0.00
14:41:24.560, 30.14, 28.71, 1.43, 0.00, 199, 0, -0.00, 0.00
14:41:25.580, 30.14, 28.71, 1.43, 0.00, 199, 0, -0.00, 0.00
14:41:26.617, 30.14, 28.71, 1.43, 0.00, 199, 0, -0.00, 0.00
14:41:27.637, 30.14, 28.71, 1.43, 0.00, 199, 0, -0.00, 0.00
14:41:28.668, 30.14, 28.71, 1.43, 0.00, 199, 0, -0.00, 0.00
14:41:29.673, 30.14, 28.71, 1.43, 0.00, 199, 0, -0.00, 0.00
14:41:30.724, 30.14, 28.71, 1.43, 0.00, 199, 0, -0.00, 0.00
14:41:31.719, 30.14, 28.71, 1.43, 0.00, 199, 0, -0.00, 0.00
14:41:32.744, 30.14, 28.71, 1.43, 0.00, 199, 0, -0.00, 0.00
14:41:33.782, 30.14, 28.71, 1.43, 0.00, 199, 0, -0.00, 0.00
14:41:34.798, 30.14, 28.71, 1.43, 0.00, 199, 0, -0.00, 0.00
14:41:35.811, 30.14, 28.71, 1.43, 0.00, 199, 0, -0.00, 0.00
14:41:36.854, 30.14, 28.71, 1.43, 0.00, 199, 0, -0.00, 0.00
14:41:37.874, 30.14, 28.71, 1.43, 0.00, 199, 0, -0.00, 0.00
14:41:38.901, 30.14, 28.71, 1.43, 0.00, 199, 0, -0.00, 0.00
14:41:39.902, 30.14, 28.71, 1.43, 0.00, 199, 0, -0.00, 0.00
14:41:40.924, 30.14, 28.71, 1.43, 0.00, 199, 0, -0.00, 0.00
14:41:41.944, 30.14, 28.71, 1.43, 0.00, 199, 0, -0.00, 0.00
14:41:42.973, 30.14, 28.71, 1.43, 0.00, 199, 0, 0.04, 0.00
14:41:44.022, 30.14, 28.71, 1.43, 0.00, 199, 0, -0.00, 0.00
14:41:45.039, 30.14, 28.71, 1.43, 0.00, 199, 0, -0.00, 0.00
14:41:46.039, 30.14, 28.71, 1.43, 0.00, 199, 0, -0.00, 0.00
14:41:47.083, 30.14, 28.71, 1.43, 0.00, 199, 0, -0.00, 0.00
14:41:48.105, 30.14, 28.71, 1.43, 0.00, 199, 0, -0.00, 0.00
14:41:49.142, 30.14, 28.71, 1.43, 0.00, 199, 0, -0.00, 0.00
14:41:50.147, 30.14, 28.71, 1.43, 0.00, 199, 0, -0.00, 0.00
14:41:51.183, 30.14, 28.71, 1.43, 0.00, 199, 0, -0.00, 0.00
14:41:52.185, 30.14, 28.71, 1.43, 0.00, 199, 0, -0.00, 0.00
14:41:53.227, 30.14, 28.71, 1.43, 0.00, 199, 0, -0.00, 0.00
14:41:54.223, 30.14, 28.71, 1.43, 0.00, 199, 0, -0.00, 0.00
14:41:55.253, 30.14, 28.71, 1.43, 0.00, 199, 0, -0.00, 0.00
14:41:56.308, 30.14, 28.71, 1.43, 0.00, 199, 0, -0.00, 0.00
14:41:57.301, 30.14, 28.71, 1.43, 0.00, 199, 0, -0.00, 0.00
14:41:58.353, 30.14, 28.71, 1.43, 0.00, 199, 0, -0.00, 0.00
14:41:59.352, 30.14, 28.71, 1.43, 0.00, 199, 0, 0.04, 0.00
14:42:00.381, 30.14, 28.71, 1.43, 0.00, 199, 0, -0.00, 0.00
14:42:01.412, 30.14, 28.71, 1.43, 0.00, 199, 0, -0.00, 0.00
14:42:02.429, 30.14, 28.71, 1.43, 0.00, 199, 0, 0.04, 0.00
14:42:03.457, 30.14, 28.71, 1.43, 0.00, 199, 0, -0.00, 0.00
14:42:04.464, 30.14, 28.71, 1.43, 0.00, 199, 0, 0.04, 0.00
14:42:05.482, 30.14, 28.71, 1.43, 0.00, 199, 0, -0.00, 0.00
14:42:06.517, 30.14, 28.71, 1.43, 0.00, 199, 0, 0.04, 0.00
14:42:07.535, 30.14, 28.71, 1.43, 0.00, 199, 0, -0.00, 0.00
14:42:08.553, 30.05, 28.71, 1.34, -0.09, 195, 0, -0.00, 0.00
14:42:09.601, 30.14, 28.71, 1.43, 0.09, 200, 0, -0.00, 0.00
14:42:10.603, 30.14, 28.71, 1.43, 0.00, 199, 0, -0.00, 0.00
14:42:11.622, 30.14, 28.71, 1.43, 0.00, 199, 0, -0.00, 0.00
14:42:12.675, 30.14, 28.71, 1.43, 0.00, 199, 0, 0.04, 0.00
14:42:13.683, 30.05, 28.71, 1.34, -0.09, 195, 0, -0.00, 0.00
14:42:14.703, 30.14, 28.71, 1.43, 0.09, 200, 0, 0.04, 0.00
14:42:15.738, 30.14, 28.71, 1.43, 0.00, 199, 0, -0.00, 0.00
14:42:16.770, 30.14, 28.71, 1.43, 0.00, 199, 0, -0.00, 0.00
14:42:17.765, 30.14, 28.71, 1.43, 0.00, 199, 0, 0.04, 0.00
14:42:18.790, 30.14, 28.71, 1.43, 0.00, 199, 0, 0.04, 0.00
14:42:19.816, 30.14, 28.71, 1.43, 0.00, 199, 0, -0.00, 0.00
14:42:20.854, 30.14, 28.71, 1.43, 0.00, 199, 0, -0.00, 0.00
14:42:21.859, 30.14, 28.71, 1.43, 0.00, 199, 0, -0.00, 0.00
14:42:22.879, 30.14, 28.71, 1.43, 0.00, 199, 0, 0.04, 0.00
14:42:23.925, 30.05, 28.71, 1.34, -0.09, 195, 0, 0.04, 0.00
14:42:24.931, 30.14, 28.71, 1.43, 0.09, 200, 0, -0.00, 0.00
14:42:25.947, 30.05, 28.71, 1.34, -0.09, 195, 0, -0.00, 0.00
14:42:26.973, 30.05, 28.71, 1.34, 0.00, 196, 0, -0.00, 0.00
14:42:27.997, 30.05, 28.71, 1.34, 0.00, 196, 0, -0.00, 0.00
14:42:29.020, 30.14, 28.71, 1.43, 0.09, 200, 0, -0.00, 0.00
14:42:30.041, 30.05, 28.71, 1.34, -0.09, 195, 0, -0.00, 0.00
14:42:31.070, 30.14, 28.71, 1.43, 0.09, 200, 0, -0.00, 0.00
14:42:32.107, 30.05, 28.71, 1.34, -0.09, 195, 0, -0.00, 0.00
14:42:33.103, 30.05, 28.71, 1.34, 0.00, 196, 0, -0.00, 0.00
14:42:34.143, 30.05, 28.71, 1.34, 0.00, 196, 0, -0.00, 0.00
14:42:35.184, 30.05, 28.71, 1.34, 0.00, 196, 0, -0.00, 0.00
14:42:36.177, 30.05, 28.71, 1.34, 0.00, 196, 0, -0.00, 0.00
14:42:37.235, 30.05, 28.71, 1.34, 0.00, 196, 0, -0.00, 0.00
14:42:38.231, 30.05, 28.71, 1.34, 0.00, 196, 0, 0.04, 0.00
14:42:39.258, 30.05, 28.71, 1.34, 0.00, 196, 0, -0.00, 0.00
14:42:40.279, 30.05, 28.71, 1.34, 0.00, 196, 0, -0.00, 0.00
14:42:41.320, 30.05, 28.71, 1.34, 0.00, 196, 0, -0.00, 0.00
14:42:42.319, 30.05, 28.71, 1.34, 0.00, 196, 0, -0.00, 0.00
14:42:43.352, 30.05, 28.71, 1.34, 0.00, 196, 0, -0.00, 0.00
14:42:44.387, 30.05, 28.71, 1.34, 0.00, 196, 0, -0.00, 0.00
14:42:45.391, 30.05, 28.71, 1.34, 0.00, 196, 0, -0.00, 0.00
14:42:46.412, 30.05, 28.71, 1.34, 0.00, 196, 0, 0.04, 0.00
14:42:47.454, 30.05, 28.71, 1.34, 0.00, 196, 0, -0.00, 0.00
14:42:48.459, 30.05, 28.71, 1.34, 0.00, 196, 0, -0.00, 0.00
14:42:49.514, 30.05, 28.71, 1.34, 0.00, 196, 0, -0.00, 0.00
14:42:50.523, 30.05, 28.71, 1.34, 0.00, 196, 0, 0.04, 0.00
14:42:51.556, 30.05, 28.71, 1.34, 0.00, 196, 0, -0.00, 0.00
14:42:52.565, 29.95, 28.71, 1.25, -0.09, 192, 0, -0.00, 0.00
14:42:53.573, 30.05, 28.71, 1.34, 0.09, 197, 0, -0.00, 0.00
14:42:54.594, 29.95, 28.71, 1.25, -0.09, 192, 0, -0.00, 0.00
14:42:55.623, 29.95, 28.71, 1.25, 0.00, 193, 0, -0.00, 0.00
14:42:56.676, 29.95, 28.71, 1.25, 0.00, 193, 0, -0.00, 0.00
14:42:57.694, 29.95, 28.71, 1.25, 0.00, 193, 0, -0.00, 0.00
14:42:58.721, 29.95, 28.71, 1.25, 0.00, 193, 0, -0.00, 0.00
14:42:59.716, 29.95, 28.71, 1.25, 0.00, 193, 0, 0.04, 0.00
14:43:00.756, 29.95, 28.71, 1.25, 0.00, 193, 0, -0.00, 0.00
14:43:01.766, 29.95, 28.71, 1.25, 0.00, 193, 0, 0.04, 0.00
14:43:02.806, 29.95, 28.71, 1.25, 0.00, 193, 0, 0.04, 0.00
14:43:03.825, 29.95, 28.71, 1.25, 0.00, 193, 0, -0.00, 0.00
14:43:04.840, 29.95, 28.71, 1.25, 0.00, 193, 0, -0.00, 0.00
14:43:05.848, 29.95, 28.71, 1.25, 0.00, 193, 0, -0.00, 0.00
14:43:06.906, 29.95, 28.71, 1.25, 0.00, 193, 0, 0.04, 0.00
14:43:07.910, 29.95, 28.71, 1.25, 0.00, 193, 0, -0.00, 0.00
14:43:08.941, 29.95, 28.71, 1.25, 0.00, 193, 0, -0.00, 0.00
14:43:09.957, 29.95, 28.71, 1.25, 0.00, 193, 0, -0.00, 0.00
14:43:10.993, 29.95, 28.71, 1.25, 0.00, 193, 0, -0.00, 0.00
14:43:12.001, 29.95, 28.71, 1.25, 0.00, 193, 0, -0.00, 0.00
14:43:13.008, 29.95, 28.71, 1.25, 0.00, 193, 0, -0.00, 0.00
14:43:14.057, 29.95, 28.71, 1.25, 0.00, 193, 0, -0.00, 0.00
14:43:15.086, 29.86, 28.71, 1.15, -0.09, 192, 0, -0.00, 0.00
14:43:16.085, 29.86, 28.71, 1.15, 0.00, 193, 0, 0.04, 0.00
14:43:17.114, 29.86, 28.71, 1.15, 0.00, 193, 0, -0.00, 0.00
14:43:18.141, 29.86, 28.71, 1.15, 0.00, 193, 0, -0.00, 0.00
14:43:19.157, 29.86, 28.71, 1.15, 0.00, 193, 0, 0.04, 0.00
14:43:20.178, 29.86, 28.71, 1.15, 0.00, 193, 0, -0.00, 0.00
14:43:21.207, 29.86, 28.71, 1.15, 0.00, 193, 0, -0.00, 0.00
14:43:22.217, 29.86, 28.71, 1.15, 0.00, 193, 0, -0.00, 0.00
14:43:23.258, 29.86, 28.71, 1.15, 0.00, 193, 0, 0.04, 0.00
14:43:24.274, 29.86, 28.71, 1.15, 0.00, 193, 0, -0.00, 0.00
14:43:25.294, 29.86, 28.71, 1.15, 0.00, 193, 0, -0.00, 0.00
14:43:26.306, 29.86, 28.71, 1.15, 0.00, 193, 0, -0.00, 0.00
14:43:27.364, 29.86, 28.71, 1.15, 0.00, 193, 0, 0.04, 0.00
14:43:28.372, 29.86, 28.71, 1.15, 0.00, 193, 0, 0.04, 0.00
14:43:29.388, 29.86, 28.71, 1.15, 0.00, 193, 0, -0.00, 0.00
14:43:30.418, 29.86, 28.71, 1.15, 0.00, 193, 0, -0.00, 0.00
14:43:31.438, 29.86, 28.71, 1.15, 0.00, 193, 0, -0.00, 0.00
14:43:32.459, 29.86, 28.71, 1.15, 0.00, 193, 0, -0.00, 0.00
14:43:33.491, 29.86, 28.71, 1.15, 0.00, 193, 0, -0.00, 0.00
14:43:34.527, 29.86, 28.71, 1.15, 0.00, 193, 0, -0.00, 0.00
14:43:35.516, 29.86, 28.71, 1.15, 0.00, 193, 0, 0.04, 0.00
14:43:36.551, 29.86, 28.71, 1.15, 0.00, 193, 0, -0.00, 0.00
14:43:37.566, 29.86, 28.71, 1.15, 0.00, 193, 0, -0.00, 0.00
14:43:38.614, 29.86, 28.71, 1.15, 0.00, 193, 0, -0.00, 0.00
14:43:39.643, 29.86, 28.71, 1.15, 0.00, 193, 0, -0.00, 0.00
14:43:40.647, 29.77, 28.71, 1.06, -0.09, 189, 0, -0.00, 0.00
14:43:41.675, 29.77, 28.71, 1.06, 0.00, 190, 0, -0.00, 0.00
14:43:42.703, 29.77, 28.71, 1.06, 0.00, 190, 0, -0.00, 0.00
14:43:43.732, 29.77, 28.71, 1.06, 0.00, 190, 0, 0.04, 0.00
14:43:44.748, 29.77, 28.71, 1.06, 0.00, 190, 0, -0.00, 0.00
14:43:45.767, 29.77, 28.71, 1.06, 0.00, 190, 0, 0.04, 0.00
14:43:46.805, 29.77, 28.71, 1.06, 0.00, 190, 0, -0.00, 0.00
14:43:47.811, 29.77, 28.71, 1.06, 0.00, 190, 0, -0.00, 0.00
14:43:48.833, 29.77, 28.71, 1.06, 0.00, 190, 0, -0.00, 0.00
14:43:49.867, 29.77, 28.71, 1.06, 0.00, 190, 0, -0.00, 0.00
14:43:50.884, 29.77, 28.71, 1.06, 0.00, 190, 0, -0.00, 0.00
14:43:51.896, 29.77, 28.71, 1.06, 0.00, 190, 0, -0.00, 0.00
14:43:52.926, 29.77, 28.71, 1.06, 0.00, 190, 0, -0.00, 0.00
14:43:53.961, 29.77, 28.71, 1.06, 0.00, 190, 0, 0.04, 0.00
14:43:54.972, 29.77, 28.71, 1.06, 0.00, 190, 0, -0.00, 0.00
14:43:55.985, 29.77, 28.71, 1.06, 0.00, 190, 0, -0.00, 0.00
14:43:57.014, 29.67, 28.71, 0.97, -0.09, 186, 0, 0.04, 0.00
14:43:58.052, 29.67, 28.71, 0.97, 0.00, 187, 0, -0.00, 0.00
14:43:59.062, 29.67, 28.71, 0.97, 0.00, 187, 0, -0.00, 0.00
14:44:00.090, 29.67, 28.71, 0.97, 0.00, 187, 0, -0.00, 0.00
14:44:01.113, 29.67, 28.71, 0.97, 0.00, 187, 0, -0.00, 0.00
14:44:02.133, 29.67, 28.71, 0.97, 0.00, 187, 0, -0.00, 0.00
14:44:03.143, 29.67, 28.71, 0.97, 0.00, 187, 0, -0.00, 0.00
14:44:04.196, 29.67, 28.71, 0.97, 0.00, 187, 0, -0.00, 0.00
14:44:05.209, 29.67, 28.71, 0.97, 0.00, 187, 0, -0.00, 0.00
14:44:06.234, 29.67, 28.71, 0.97, 0.00, 187, 0, -0.00, 0.00
14:44:07.264, 29.67, 28.71, 0.97, 0.00, 187, 0, -0.00, 0.00
14:44:08.295, 29.67, 28.71, 0.97, 0.00, 187, 0, -0.00, 0.00
14:44:09.318, 29.67, 28.71, 0.97, 0.00, 187, 0, -0.00, 0.00
14:44:10.329, 29.67, 28.71, 0.97, 0.00, 187, 0, 0.04, 0.00
14:44:11.345, 29.67, 28.71, 0.97, 0.00, 187, 0, -0.00, 0.00
14:44:12.369, 29.67, 28.71, 0.97, 0.00, 187, 0, -0.00, 0.00
14:44:13.389, 29.67, 28.71, 0.97, 0.00, 187, 0, -0.00, 0.00
14:44:14.426, 29.67, 28.71, 0.97, 0.00, 187, 0, 0.04, 0.00
14:44:15.425, 29.67, 28.71, 0.97, 0.00, 187, 0, -0.00, 0.00
14:44:16.475, 29.58, 28.71, 0.87, -0.09, 183, 0, -0.00, 0.00
14:44:17.479, 29.58, 28.71, 0.87, 0.00, 184, 0, -0.00, 0.00
14:44:18.520, 29.58, 28.71, 0.87, 0.00, 184, 0, -0.00, 0.00
14:44:19.525, 29.58, 28.71, 0.87, 0.00, 184, 0, 0.04, 0.00
14:44:20.541, 29.58, 28.71, 0.87, 0.00, 184, 0, -0.00, 0.00
14:44:21.568, 29.58, 28.71, 0.87, 0.00, 184, 0, 0.04, 0.00
14:44:22.593, 29.58, 28.71, 0.87, 0.00, 184, 0, -0.00, 0.00
14:44:23.626, 29.58, 28.71, 0.87, 0.00, 184, 0, -0.00, 0.00
14:44:24.630, 29.58, 28.71, 0.87, 0.00, 184, 0, -0.00, 0.00
14:44:25.655, 29.58, 28.71, 0.87, 0.00, 184, 0, -0.00, 0.00
14:44:26.685, 29.58, 28.71, 0.87, 0.00, 184, 0, -0.00, 0.00
14:44:27.722, 29.58, 28.71, 0.87, 0.00, 184, 0, -0.00, 0.00
14:44:28.747, 29.58, 28.71, 0.87, 0.00, 184, 0, -0.00, 0.00
14:44:29.770, 29.58, 28.71, 0.87, 0.00, 184, 0, 0.04, 0.00
14:44:30.787, 29.58, 28.71, 0.87, 0.00, 184, 0, -0.00, 0.00
14:44:31.799, 29.58, 28.71, 0.87, 0.00, 184, 0, -0.00, 0.00
14:44:32.839, 29.58, 28.71, 0.87, 0.00, 184, 0, -0.00, 0.00
14:44:33.844, 29.58, 28.71, 0.87, 0.00, 184, 0, -0.00, 0.00
14:44:34.895, 29.49, 28.71, 0.78, -0.09, 180, 0, -0.00, 0.00
14:44:35.899, 29.49, 28.71, 0.78, 0.00, 181, 0, -0.00, 0.00
14:44:36.940, 29.49, 28.71, 0.78, 0.00, 181, 0, -0.00, 0.00
14:44:37.944, 29.49, 28.71, 0.78, 0.00, 181, 0, -0.00, 0.00
14:44:38.967, 29.49, 28.71, 0.78, 0.00, 181, 0, -0.00, 0.00
14:44:40.008, 29.49, 28.71, 0.78, 0.00, 181, 0, -0.00, 0.00
14:44:41.033, 29.49, 28.71, 0.78, 0.00, 181, 0, 0.04, 0.00
14:44:42.036, 29.49, 28.71, 0.78, 0.00, 181, 0, 0.04, 0.00
14:44:43.055, 29.49, 28.71, 0.78, 0.00, 181, 0, -0.00, 0.00
14:44:44.092, 29.49, 28.71, 0.78, 0.00, 181, 0, -0.00, 0.00
14:44:45.116, 29.49, 28.71, 0.78, 0.00, 181, 0, -0.00, 0.00
14:44:46.132, 29.49, 28.71, 0.78, 0.00, 181, 0, -0.00, 0.00
14:44:47.159, 29.49, 28.71, 0.78, 0.00, 181, 0, -0.00, 0.00
14:44:48.188, 29.49, 28.71, 0.78, 0.00, 181, 0, -0.00, 0.00
14:44:49.208, 29.39, 28.71, 0.69, -0.09, 177, 0, -0.00, 0.00
14:44:50.222, 29.39, 28.71, 0.69, 0.00, 178, 0, -0.00, 0.00
14:44:51.254, 29.39, 28.71, 0.69, 0.00, 178, 0, -0.00, 0.00
14:44:52.256, 29.39, 28.71, 0.69, 0.00, 178, 0, -0.00, 0.00
14:44:53.280, 29.39, 28.71, 0.69, 0.00, 178, 0, -0.00, 0.00
14:44:54.340, 29.39, 28.71, 0.69, 0.00, 178, 0, -0.00, 0.00
14:44:55.336, 29.39, 28.71, 0.69, 0.00, 178, 0, -0.00, 0.00
14:44:56.372, 29.39, 28.71, 0.69, 0.00, 178, 0, -0.00, 0.00
14:44:57.392, 29.39, 28.71, 0.69, 0.00, 178, 0, -0.00, 0.00
14:44:58.406, 29.39, 28.71, 0.69, 0.00, 178, 0, -0.00, 0.00
14:44:59.434, 29.39, 28.71, 0.69, 0.00, 178, 0, -0.00, 0.00
14:45:00.454, 29.39, 28.71, 0.69, 0.00, 178, 0, -0.00, 0.00
14:45:01.480, 29.39, 28.71, 0.69, 0.00, 178, 0, -0.00, 0.00
14:45:02.496, 29.39, 28.71, 0.69, 0.00, 178, 0, -0.00, 0.00
14:45:03.529, 29.39, 28.71, 0.69, 0.00, 178, 0, 0.04, 0.00
14:45:04.552, 29.39, 28.71, 0.69, 0.00, 178, 0, -0.00, 0.00
14:45:05.566, 29.30, 28.71, 0.59, -0.09, 174, 0, -0.00, 0.00
14:45:06.591, 29.30, 28.71, 0.59, 0.00, 175, 0, -0.00, 0.00
14:45:07.609, 29.30, 28.71, 0.59, 0.00, 175, 0, -0.00, 0.00
14:45:08.659, 29.30, 28.71, 0.59, 0.00, 175, 0, -0.00, 0.00
14:45:09.666, 29.30, 28.71, 0.59, 0.00, 175, 0, -0.00, 0.00
14:45:10.701, 29.30, 28.71, 0.59, 0.00, 175, 0, -0.00, 0.00
14:45:11.715, 29.30, 28.71, 0.59, 0.00, 175, 0, 0.04, 0.00
14:45:12.721, 29.30, 28.71, 0.59, 0.00, 175, 0, -0.00, 0.00
14:45:13.772, 29.30, 28.71, 0.59, 0.00, 175, 0, -0.00, 0.00
14:45:14.773, 29.30, 28.71, 0.59, 0.00, 175, 0, -0.00, 0.00
14:45:15.797, 29.30, 28.71, 0.59, 0.00, 175, 0, -0.00, 0.00
14:45:16.827, 29.30, 28.71, 0.59, 0.00, 175, 0, 0.04, 0.00
14:45:17.846, 29.30, 28.71, 0.59, 0.00, 175, 0, 0.04, 0.00
14:45:18.892, 29.30, 28.71, 0.59, 0.00, 175, 0, -0.00, 0.00
14:45:19.911, 29.21, 28.71, 0.50, -0.09, 171, 0, 0.04, 0.00
14:45:20.921, 29.21, 28.71, 0.50, 0.00, 172, 0, -0.00, 0.00
14:45:21.958, 29.21, 28.71, 0.50, 0.00, 172, 0, -0.00, 0.00
14:45:22.957, 29.21, 28.71, 0.50, 0.00, 172, 0, -0.00, 0.00
14:45:24.007, 29.21, 28.71, 0.50, 0.00, 172, 0, -0.00, 0.00
14:45:25.013, 29.21, 28.71, 0.50, 0.00, 172, 0, -0.00, 0.00
14:45:26.028, 29.21, 28.71, 0.50, 0.00, 172, 0, -0.00, 0.00
14:45:27.076, 29.21, 28.71, 0.50, 0.00, 172, 0, -0.00, 0.00
14:45:28.067, 29.21, 28.71, 0.50, 0.00, 172, 0, -0.00, 0.00
14:45:29.102, 29.21, 28.71, 0.50, 0.00, 172, 0, -0.00, 0.00
14:45:30.125, 29.21, 28.71, 0.50, 0.00, 172, 0, -0.00, 0.00
14:45:31.167, 29.21, 28.71, 0.50, 0.00, 172, 0, -0.00, 0.00
14:45:32.177, 29.12, 28.71, 0.41, -0.09, 168, 0, -0.00, 0.00
14:45:33.182, 29.21, 28.71, 0.50, 0.09, 173, 0, -0.00, 0.00
14:45:34.220, 29.12, 28.71, 0.41, -0.09, 168, 0, -0.00, 0.00
14:45:35.263, 29.12, 28.71, 0.41, 0.00, 169, 0, -0.00, 0.00
14:45:36.264, 29.12, 28.71, 0.41, 0.00, 169, 0, 0.04, 0.00
14:45:37.306, 29.12, 28.71, 0.41, 0.00, 169, 0, 0.04, 0.00
14:45:38.302, 29.12, 28.71, 0.41, 0.00, 169, 0, -0.00, 0.00
14:45:39.331, 29.12, 28.71, 0.41, 0.00, 169, 0, 0.04, 0.00
14:45:40.376, 29.12, 28.71, 0.41, 0.00, 169, 0, -0.00, 0.00
14:45:41.378, 29.12, 28.71, 0.41, 0.00, 169, 0, -0.00, 0.00
14:45:42.411, 29.12, 28.71, 0.41, 0.00, 169, 0, 0.04, 0.00
14:45:43.416, 29.12, 28.71, 0.41, 0.00, 169, 0, -0.00, 0.00
14:45:44.467, 29.12, 28.71, 0.41, 0.00, 169, 0, 0.04, 0.00
14:45:45.468, 29.02, 28.71, 0.32, -0.09, 165, 0, -0.00, 0.00
14:45:46.520, 29.02, 28.71, 0.32, 0.00, 166, 0, -0.00, 0.00
14:45:47.509, 29.02, 28.71, 0.32, 0.00, 166, 0, -0.00, 0.00
14:45:48.552, 29.02, 28.71, 0.32, 0.00, 166, 0, -0.00, 0.00
14:45:49.572, 29.02, 28.71, 0.32, 0.00, 166, 0, -0.00, 0.00
14:45:50.596, 29.02, 28.71, 0.32, 0.00, 166, 0, 0.04, 0.00
14:45:51.603, 29.02, 28.71, 0.32, 0.00, 166, 0, -0.00, 0.00
14:45:52.636, 29.02, 28.71, 0.32, 0.00, 166, 0, -0.00, 0.00
14:45:53.647, 29.02, 28.71, 0.32, 0.00, 166, 0, 0.04, 0.00
14:45:54.672, 29.02, 28.71, 0.32, 0.00, 166, 0, -0.00, 0.00
14:45:55.718, 29.02, 28.71, 0.32, 0.00, 166, 0, 0.04, 0.00
14:45:56.721, 29.02, 28.71, 0.32, 0.00, 166, 0, -0.00, 0.00
14:45:57.742, 29.02, 28.71, 0.32, 0.00, 166, 0, -0.00, 0.00
14:45:58.786, 29.02, 28.71, 0.32, 0.00, 166, 0, 0.04, 0.00
14:45:59.797, 29.02, 28.71, 0.32, 0.00, 166, 0, -0.00, 0.00
14:46:00.808, 28.93, 28.71, 0.22, -0.09, 162, 0, 0.04, 0.00
14:46:01.840, 28.93, 28.71, 0.22, 0.00, 163, 0, -0.00, 0.00
14:46:02.878, 28.93, 28.71, 0.22, 0.00, 163, 0, -0.00, 0.00
14:46:03.920, 28.93, 28.71, 0.22, 0.00, 163, 0, 0.04, 0.00
14:46:04.925, 28.93, 28.71, 0.22, 0.00, 163, 0, 0.04, 0.00
14:46:05.923, 28.93, 28.71, 0.22, 0.00, 163, 0, -0.00, 0.00
14:46:06.957, 28.93, 28.71, 0.22, 0.00, 163, 0, -0.00, 0.00
14:46:07.993, 28.93, 28.71, 0.22, 0.00, 163, 0, -0.00, 0.00
14:46:09.007, 28.93, 28.71, 0.22, 0.00, 163, 0, -0.00, 0.00
14:46:10.045, 28.93, 28.71, 0.22, 0.00, 163, 0, -0.00, 0.00
14:46:11.046, 28.93, 28.71, 0.22, 0.00, 163, 0, -0.00, 0.00
14:46:12.071, 28.93, 28.71, 0.22, 0.00, 163, 0, -0.00, 0.00
14:46:13.090, 28.93, 28.71, 0.22, 0.00, 163, 0, -0.00, 0.00
14:46:14.117, 28.84, 28.71, 0.13, -0.09, 159, 1, -0.00, -833.67
14:46:15.166, 28.84, 28.71, 0.13, 0.00, 160, 1, 0.11, 8.97
14:46:16.160, 28.84, 28.71, 0.13, 0.00, 160, 1, 0.11, 8.97
14:46:17.185, 28.84, 28.71, 0.13, 0.00, 160, 1, 0.07, 13.53
14:46:18.227, 28.84, 28.71, 0.13, 0.00, 160, 1, 0.04, 27.50
14:46:19.261, 28.84, 28.71, 0.13, 0.00, 160, 1, 0.07, 13.53
14:46:20.289, 28.84, 28.71, 0.13, 0.00, 160, 1, 0.11, 8.97
14:46:21.286, 28.84, 28.71, 0.13, 0.00, 160, 1, 0.15, 6.71
14:46:22.305, 28.84, 28.71, 0.13, 0.00, 160, 1, 0.11, 8.97
14:46:23.345, 28.84, 28.71, 0.13, 0.00, 160, 1, 0.04, 27.50
14:46:24.346, 28.84, 28.71, 0.13, 0.00, 160, 1, 0.04, 27.50
14:46:25.372, 28.84, 28.71, 0.13, 0.00, 160, 1, 0.07, 13.53
14:46:26.423, 28.75, 28.71, 0.04, -0.09, 156, 185, 0.04, 5087.93
14:46:27.419, 28.84, 28.71, 0.13, 0.09, 161, 1, 3.23, 0.31
14:46:28.477, 28.75, 28.71, 0.04, -0.09, 156, 185, 0.07, 2502.68
14:46:29.479, 28.75, 28.71, 0.04, 0.00, 157, 151, 2.82, 53.63
14:46:30.503, 28.75, 28.71, 0.04, 0.00, 157, 151, 2.52, 60.03
14:46:31.527, 28.75, 28.71, 0.04, 0.00, 157, 151, 2.67, 56.65
14:46:32.555, 28.75, 28.71, 0.04, 0.00, 157, 151, 2.21, 68.18
14:46:33.557, 28.75, 28.71, 0.04, 0.00, 157, 151, 1.46, 103.17
14:46:34.604, 28.75, 28.71, 0.04, 0.00, 157, 151, 1.46, 103.17
14:46:35.595, 28.75, 28.71, 0.04, 0.00, 157, 151, 1.46, 103.17
14:46:36.655, 28.75, 28.71, 0.04, 0.00, 157, 151, 1.65, 91.44
14:46:37.679, 28.75, 28.71, 0.04, 0.00, 157, 151, 2.82, 53.63
14:46:38.678, 28.75, 28.71, 0.04, 0.00, 157, 151, 2.89, 52.23
14:46:39.694, 28.75, 28.71, 0.04, 0.00, 157, 151, 2.63, 57.46
14:46:40.745, 28.75, 28.71, 0.04, 0.00, 157, 151, 2.29, 65.94
14:46:41.736, 28.75, 28.71, 0.04, 0.00, 157, 151, 1.13, 134.15
14:46:42.766, 28.75, 28.71, 0.04, 0.00, 157, 151, 2.18, 69.35
14:46:43.808, 28.75, 28.71, 0.04, 0.00, 157, 151, 2.55, 59.15
14:46:44.810, 28.75, 28.71, 0.04, 0.00, 157, 151, 2.82, 53.63
14:46:45.839, 28.75, 28.71, 0.04, 0.00, 157, 151, 2.10, 71.83
14:46:46.865, 28.84, 28.71, 0.13, 0.09, 161, 1, 1.20, 0.83
14:46:47.910, 28.84, 28.71, 0.13, 0.00, 160, 1, 0.04, 27.50
14:46:48.920, 28.84, 28.71, 0.13, 0.00, 160, 1, 0.04, 27.50
14:46:49.932, 28.84, 28.71, 0.13, 0.00, 160, 1, 0.07, 13.53
14:46:50.952, 28.93, 28.71, 0.22, 0.09, 164, 0, 0.07, 0.00
14:46:51.972, 28.93, 28.71, 0.22, 0.00, 163, 0, -0.00, 0.00
14:46:53.008, 28.93, 28.71, 0.22, 0.00, 163, 0, -0.00, 0.00
14:46:54.027, 28.93, 28.71, 0.22, 0.00, 163, 0, -0.00, 0.00
14:46:55.052, 28.93, 28.71, 0.22, 0.00, 163, 0, -0.00, 0.00
14:46:56.086, 28.93, 28.71, 0.22, 0.00, 163, 0, -0.00, 0.00
14:46:57.107, 29.02, 28.71, 0.32, 0.09, 167, 0, 0.04, 0.00
14:46:58.138, 29.02, 28.71, 0.32, 0.00, 166, 0, 0.04, 0.00
14:46:59.153, 29.02, 28.71, 0.32, 0.00, 166, 0, -0.00, 0.00
14:47:00.177, 29.02, 28.71, 0.32, 0.00, 166, 0, -0.00, 0.00
14:47:01.202, 29.02, 28.71, 0.32, 0.00, 166, 0, -0.00, 0.00
14:47:02.225, 29.02, 28.71, 0.32, 0.00, 166, 0, 0.04, 0.00
14:47:03.230, 29.02, 28.71, 0.32, 0.00, 166, 0, -0.00, 0.00
14:47:04.267, 29.02, 28.71, 0.32, 0.00, 166, 0, -0.00, 0.00
14:47:05.299, 29.02, 28.71, 0.32, 0.00, 166, 0, -0.00, 0.00
14:47:06.325, 29.02, 28.71, 0.32, 0.00, 166, 0, -0.00, 0.00
14:47:07.331, 29.02, 28.71, 0.32, 0.00, 166, 0, -0.00, 0.00
14:47:08.370, 29.02, 28.71, 0.32, 0.00, 166, 0, -0.00, 0.00
14:47:09.365, 29.02, 28.71, 0.32, 0.00, 166, 0, -0.00, 0.00
14:47:10.391, 29.02, 28.71, 0.32, 0.00, 166, 0, -0.00, 0.00
14:47:11.434, 29.02, 28.71, 0.32, 0.00, 166, 0, -0.00, 0.00
14:47:12.433, 29.02, 28.71, 0.32, 0.00, 166, 0, 0.04, 0.00
14:47:13.461, 29.02, 28.71, 0.32, 0.00, 166, 0, 0.04, 0.00
14:47:14.481, 29.02, 28.71, 0.32, 0.00, 166, 0, -0.00, 0.00
14:47:15.532, 29.02, 28.71, 0.32, 0.00, 166, 0, -0.00, 0.00
14:47:16.554, 29.02, 28.71, 0.32, 0.00, 166, 0, -0.00, 0.00
14:47:17.545, 29.02, 28.71, 0.32, 0.00, 166, 0, 0.04, 0.00
14:47:18.576, 29.02, 28.71, 0.32, 0.00, 166, 0, -0.00, 0.00
14:47:19.626, 29.02, 28.71, 0.32, 0.00, 166, 0, 0.04, 0.00
14:47:20.650, 29.02, 28.71, 0.32, 0.00, 166, 0, 0.04, 0.00
14:47:21.671, 29.02, 28.71, 0.32, 0.00, 166, 0, -0.00, 0.00
14:47:22.667, 29.02, 28.71, 0.32, 0.00, 166, 0, -0.00, 0.00
14:47:23.698, 29.02, 28.71, 0.32, 0.00, 166, 0, -0.00, 0.00
14:47:24.738, 28.93, 28.71, 0.22, -0.09, 162, 0, -0.00, 0.00
14:47:25.754, 29.02, 28.71, 0.32, 0.09, 167, 0, 0.04, 0.00
14:47:26.783, 29.02, 28.71, 0.32, 0.00, 166, 0, -0.00, 0.00
14:47:27.783, 28.93, 28.71, 0.22, -0.09, 162, 0, -0.00, 0.00
14:47:28.812, 28.93, 28.71, 0.22, 0.00, 163, 0, -0.00, 0.00
14:47:29.826, 28.93, 28.71, 0.22, 0.00, 163, 0, 0.04, 0.00
14:47:30.883, 28.93, 28.71, 0.22, 0.00, 163, 0, -0.00, 0.00
14:47:31.885, 28.93, 28.71, 0.22, 0.00, 163, 0, -0.00, 0.00
14:47:32.909, 28.93, 28.71, 0.22, 0.00, 163, 0, -0.00, 0.00
14:47:33.942, 28.93, 28.71, 0.22, 0.00, 163, 0, -0.00, 0.00
14:47:34.974, 28.93, 28.71, 0.22, 0.00, 163, 0, -0.00, 0.00
14:47:35.971, 28.93, 28.71, 0.22, 0.00, 163, 0, 0.04, 0.00
14:47:37.011, 28.93, 28.71, 0.22, 0.00, 163, 0, -0.00, 0.00
14:47:38.044, 28.93, 28.71, 0.22, 0.00, 163, 0, -0.00, 0.00
14:47:39.068, 28.93, 28.71, 0.22, 0.00, 163, 0, -0.00, 0.00
14:47:40.092, 28.93, 28.71, 0.22, 0.00, 163, 0, -0.00, 0.00
14:47:41.111, 28.93, 28.71, 0.22, 0.00, 163, 0, -0.00, 0.00
14:47:42.111, 28.93, 28.71, 0.22, 0.00, 163, 0, -0.00, 0.00
14:47:43.139, 28.93, 28.71, 0.22, 0.00, 163, 0, 0.04, 0.00
14:47:44.166, 28.93, 28.71, 0.22, 0.00, 163, 0, -0.00, 0.00
14:47:45.186, 28.93, 28.71, 0.22, 0.00, 163, 0, -0.00, 0.00
14:47:46.212, 28.93, 28.71, 0.22, 0.00, 163, 0, -0.00, 0.00
14:47:47.226, 28.93, 28.71, 0.22, 0.00, 163, 0, -0.00, 0.00
14:47:48.256, 28.93, 28.71, 0.22, 0.00, 163, 0, -0.00, 0.00
14:47:49.288, 28.93, 28.71, 0.22, 0.00, 163, 0, 0.04, 0.00
14:47:50.301, 28.93, 28.71, 0.22, 0.00, 163, 0, -0.00, 0.00
14:47:51.335, 28.93, 28.71, 0.22, 0.00, 163, 0, -0.00, 0.00
14:47:52.366, 28.93, 28.71, 0.22, 0.00, 163, 0, 0.04, 0.00
14:47:53.393, 28.93, 28.71, 0.22, 0.00, 163, 0, -0.00, 0.00
14:47:54.417, 28.93, 28.71, 0.22, 0.00, 163, 0, 0.04, 0.00
14:47:55.412, 28.93, 28.71, 0.22, 0.00, 163, 0, -0.00, 0.00
14:47:56.432, 28.93, 28.71, 0.22, 0.00, 163, 0, -0.00, 0.00
14:47:57.485, 28.93, 28.71, 0.22, 0.00, 163, 0, 0.04, 0.00
14:47:58.479, 28.93, 28.71, 0.22, 0.00, 163, 0, -0.00, 0.00
14:47:59.529, 28.84, 28.71, 0.13, -0.09, 159, 1, -0.00, -833.67
14:48:00.545, 28.93, 28.71, 0.22, 0.09, 164, 0, 0.04, 0.00
14:48:01.577, 28.84, 28.71, 0.13, -0.09, 159, 1, -0.00, -833.67
14:48:02.581, 28.84, 28.71, 0.13, 0.00, 160, 1, 0.04, 27.50
14:48:03.599, 28.84, 28.71, 0.13, 0.00, 160, 1, 0.07, 13.53
14:48:04.641, 28.84, 28.71, 0.13, 0.00, 160, 1, 0.11, 8.97
14:48:05.669, 28.84, 28.71, 0.13, 0.00, 160, 1, 0.04, 27.50
14:48:06.672, 28.84, 28.71, 0.13, 0.00, 160, 1, -0.00, -833.67
14:48:07.717, 28.84, 28.71, 0.13, 0.00, 160, 1, 0.04, 27.50
14:48:08.713, 28.84, 28.71, 0.13, 0.00, 160, 1, 0.04, 27.50
14:48:09.737, 28.84, 28.71, 0.13, 0.00, 160, 1, 0.04, 27.50
14:48:10.765, 28.84, 28.71, 0.13, 0.00, 160, 1, 0.07, 13.53
14:48:11.806, 28.84, 28.71, 0.13, 0.00, 160, 1, 0.04, 27.50
14:48:12.810, 28.84, 28.71, 0.13, 0.00, 160, 1, 0.04, 27.50
14:48:13.848, 28.84, 28.71, 0.13, 0.00, 160, 1, 0.07, 13.53
14:48:14.849, 28.84, 28.71, 0.13, 0.00, 160, 1, 0.11, 8.97
14:48:15.890, 28.84, 28.71, 0.13, 0.00, 160, 1, 0.15, 6.71
14:48:16.930, 28.84, 28.71, 0.13, 0.00, 160, 1, 0.04, 27.50
14:48:17.916, 28.84, 28.71, 0.13, 0.00, 160, 1, 0.04, 27.50
14:48:18.940, 28.84, 28.71, 0.13, 0.00, 160, 1, 0.07, 13.53
14:48:19.980, 28.84, 28.71, 0.13, 0.00, 160, 1, 0.11, 8.97
14:48:20.994, 28.84, 28.71, 0.13, 0.00, 160, 1, 0.04, 27.50
14:48:22.038, 28.84, 28.71, 0.13, 0.00, 160, 1, 0.04, 27.50
14:48:23.038, 28.84, 28.71, 0.13, 0.00, 160, 1, 0.04, 27.50
14:48:24.083, 28.84, 28.71, 0.13, 0.00, 160, 1, 0.07, 13.53
14:48:25.111, 28.84, 28.71, 0.13, 0.00, 160, 1, 0.07, 13.53
14:48:26.116, 28.84, 28.71, 0.13, 0.00, 160, 1, 0.15, 6.71
14:48:27.158, 28.84, 28.71, 0.13, 0.00, 160, 1, 0.11, 8.97
14:48:28.148, 28.84, 28.71, 0.13, 0.00, 160, 1, 0.04, 27.50
14:48:29.177, 28.84, 28.71, 0.13, 0.00, 160, 1, 0.04, 27.50
14:48:30.197, 28.84, 28.71, 0.13, 0.00, 160, 1, 0.04, 27.50
14:48:31.252, 28.75, 28.71, 0.04, -0.09, 156, 185, 0.04, 5087.93
14:48:32.249, 28.75, 28.71, 0.04, 0.00, 157, 151, 3.27, 46.23
14:48:33.275, 28.75, 28.71, 0.04, 0.00, 157, 151, 2.74, 55.10
14:48:34.295, 28.75, 28.71, 0.04, 0.00, 157, 151, 2.63, 57.46
14:48:35.343, 28.75, 28.71, 0.04, 0.00, 157, 151, 1.80, 83.81
14:48:36.360, 28.75, 28.71, 0.04, 0.00, 157, 151, 2.25, 67.04
14:48:37.368, 28.75, 28.71, 0.04, 0.00, 157, 151, 2.18, 69.35
14:48:38.393, 28.75, 28.71, 0.04, 0.00, 157, 151, 3.12, 48.46
14:48:39.410, 28.75, 28.71, 0.04, 0.00, 157, 151, 2.89, 52.23
14:48:40.448, 28.75, 28.71, 0.04, 0.00, 157, 151, 1.76, 85.59
14:48:41.459, 28.75, 28.71, 0.04, 0.00, 157, 151, 1.16, 129.82
14:48:42.491, 28.75, 28.71, 0.04, 0.00, 157, 151, 2.59, 58.29
14:48:43.532, 28.75, 28.71, 0.04, 0.00, 157, 151, 3.04, 49.65
14:48:44.544, 28.84, 28.71, 0.13, 0.09, 161, 1, 3.08, 0.32
14:48:45.567, 28.84, 28.71, 0.13, 0.00, 160, 1, 0.07, 13.53
14:48:46.570, 28.84, 28.71, 0.13, 0.00, 160, 1, 0.11, 8.97
14:48:47.600, 28.84, 28.71, 0.13, 0.00, 160, 1, 0.04, 27.50
14:48:48.624, 28.84, 28.71, 0.13, 0.00, 160, 1, 0.07, 13.53
14:48:49.651, 28.84, 28.71, 0.13, 0.00, 160, 1, 0.07, 13.53
14:48:50.688, 28.84, 28.71, 0.13, 0.00, 160, 1, 0.07, 13.53
14:48:51.709, 28.93, 28.71, 0.22, 0.09, 164, 0, 0.15, 0.00
14:48:52.741, 28.93, 28.71, 0.22, 0.00, 163, 0, -0.00, 0.00
14:48:53.748, 28.93, 28.71, 0.22, 0.00, 163, 0, -0.00, 0.00
14:48:54.760, 28.93, 28.71, 0.22, 0.00, 163, 0, 0.04, 0.00
14:48:55.788, 28.93, 28.71, 0.22, 0.00, 163, 0, 0.04, 0.00
14:48:56.821, 28.93, 28.71, 0.22, 0.00, 163, 0, -0.00, 0.00
14:48:57.824, 28.93, 28.71, 0.22, 0.00, 163, 0, -0.00, 0.00
14:48:58.868, 29.02, 28.71, 0.32, 0.09, 167, 0, -0.00, 0.00
14:48:59.897, 28.93, 28.71, 0.22, -0.09, 162, 0, 0.04, 0.00
14:49:00.925, 29.02, 28.71, 0.32, 0.09, 167, 0, 0.04, 0.00
14:49:01.919, 29.02, 28.71, 0.32, 0.00, 166, 0, 0.04, 0.00
14:49:02.949, 29.02, 28.71, 0.32, 0.00, 166, 0, -0.00, 0.00
14:49:03.978, 29.02, 28.71, 0.32, 0.00, 166, 0, 0.04, 0.00
14:49:05.015, 29.02, 28.71, 0.32, 0.00, 166, 0, -0.00, 0.00
14:49:06.013, 29.02, 28.71, 0.32, 0.00, 166, 0, -0.00, 0.00
14:49:07.041, 29.02, 28.71, 0.32, 0.00, 166, 0, -0.00, 0.00
14:49:08.073, 29.02, 28.71, 0.32, 0.00, 166, 0, 0.04, 0.00
14:49:09.114, 29.02, 28.71, 0.32, 0.00, 166, 0, -0.00, 0.00
14:49:10.105, 29.02, 28.71, 0.32, 0.00, 166, 0, -0.00, 0.00
14:49:11.129, 29.02, 28.71, 0.32, 0.00, 166, 0, -0.00, 0.00
14:49:12.150, 29.02, 28.71, 0.32, 0.00, 166, 0, -0.00, 0.00
14:49:13.202, 29.02, 28.71, 0.32, 0.00, 166, 0, -0.00, 0.00
14:49:14.196, 29.02, 28.71, 0.32, 0.00, 166, 0, 0.04, 0.00
14:49:15.249, 29.02, 28.71, 0.32, 0.00, 166, 0, -0.00, 0.00
14:49:16.242, 29.02, 28.71, 0.32, 0.00, 166, 0, -0.00, 0.00
14:49:17.264, 29.02, 28.71, 0.32, 0.00, 166, 0, -0.00, 0.00
14:49:18.294, 29.02, 28.71, 0.32, 0.00, 166, 0, -0.00, 0.00
14:49:19.334, 29.02, 28.71, 0.32, 0.00, 166, 0, -0.00, 0.00
14:49:20.344, 29.02, 28.71, 0.32, 0.00, 166, 0, -0.00, 0.00
14:49:21.372, 29.02, 28.71, 0.32, 0.00, 166, 0, 0.04, 0.00
14:49:22.393, 29.02, 28.71, 0.32, 0.00, 166, 0, -0.00, 0.00
14:49:23.416, 29.02, 28.71, 0.32, 0.00, 166, 0, -0.00, 0.00
14:49:24.437, 29.02, 28.71, 0.32, 0.00, 166, 0, -0.00, 0.00
14:49:25.458, 29.02, 28.71, 0.32, 0.00, 166, 0, -0.00, 0.00
14:49:26.497, 28.93, 28.71, 0.22, -0.09, 162, 0, 0.04, 0.00
14:49:27.515, 28.93, 28.71, 0.22, 0.00, 163, 0, 0.04, 0.00
14:49:28.545, 28.93, 28.71, 0.22, 0.00, 163, 0, -0.00, 0.00
14:49:29.575, 28.93, 28.71, 0.22, 0.00, 163, 0, 0.04, 0.00
14:49:30.564, 28.93, 28.71, 0.22, 0.00, 163, 0, -0.00, 0.00
14:49:31.595, 28.93, 28.71, 0.22, 0.00, 163, 0, -0.00, 0.00
14:49:32.619, 28.93, 28.71, 0.22, 0.00, 163, 0, 0.04, 0.00
14:49:33.642, 28.93, 28.71, 0.22, 0.00, 163, 0, -0.00, 0.00
14:49:34.671, 28.93, 28.71, 0.22, 0.00, 163, 0, -0.00, 0.00
14:49:35.699, 28.93, 28.71, 0.22, 0.00, 163, 0, -0.00, 0.00
14:49:36.723, 28.93, 28.71, 0.22, 0.00, 163, 0, -0.00, 0.00
14:49:37.739, 28.93, 28.71, 0.22, 0.00, 163, 0, -0.00, 0.00
14:49:38.771, 28.93, 28.71, 0.22, 0.00, 163, 0, 0.04, 0.00
14:49:39.800, 28.93, 28.71, 0.22, 0.00, 163, 0, 0.04, 0.00
14:49:40.804, 28.93, 28.71, 0.22, 0.00, 163, 0, -0.00, 0.00
14:49:41.843, 28.93, 28.71, 0.22, 0.00, 163, 0, -0.00, 0.00
14:49:42.841, 28.93, 28.71, 0.22, 0.00, 163, 0, 0.04, 0.00
14:49:43.876, 28.93, 28.71, 0.22, 0.00, 163, 0, -0.00, 0.00
14:49:44.915, 28.93, 28.71, 0.22, 0.00, 163, 0, 0.04, 0.00
14:49:45.944, 28.93, 28.71, 0.22, 0.00, 163, 0, -0.00, 0.00
14:49:46.964, 28.93, 28.71, 0.22, 0.00, 163, 0, -0.00, 0.00
14:49:47.982, 28.93, 28.71, 0.22, 0.00, 163, 0, 0.04, 0.00
14:49:48.990, 28.93, 28.71, 0.22, 0.00, 163, 0, -0.00, 0.00
14:49:50.024, 28.93, 28.71, 0.22, 0.00, 163, 0, -0.00, 0.00
14:49:51.039, 28.84, 28.71, 0.13, -0.09, 159, 1, -0.00, -833.67
14:49:52.077, 28.93, 28.71, 0.22, 0.09, 164, 0, 0.04, 0.00
14:49:53.105, 28.84, 28.71, 0.13, -0.09, 159, 1, -0.00, -833.67
14:49:54.104, 28.84, 28.71, 0.13, 0.00, 160, 1, 0.04, 27.50
14:49:55.134, 28.84, 28.71, 0.13, 0.00, 160, 1, 0.04, 27.50
14:49:56.176, 28.84, 28.71, 0.13, 0.00, 160, 1, 0.04, 27.50
14:49:57.180, 28.84, 28.71, 0.13, 0.00, 160, 1, 0.04, 27.50
14:49:58.214, 28.84, 28.71, 0.13, 0.00, 160, 1, 0.04, 27.50
14:49:59.241, 28.84, 28.71, 0.13, 0.00, 160, 1, 0.04, 27.50
14:50:00.251, 28.84, 28.71, 0.13, 0.00, 160, 1, 0.07, 13.53
14:50:01.287, 28.84, 28.71, 0.13, 0.00, 160, 1, 0.11, 8.97
14:50:02.293, 28.84, 28.71, 0.13, 0.00, 160, 1, 0.15, 6.71
14:50:03.318, 28.84, 28.71, 0.13, 0.00, 160, 1, 0.04, 27.50
14:50:04.352, 28.84, 28.71, 0.13, 0.00, 160, 1, 0.07, 13.53
14:50:05.387, 28.84, 28.71, 0.13, 0.00, 160, 1, 0.07, 13.53
14:50:06.387, 28.84, 28.71, 0.13, 0.00, 160, 1, 0.11, 8.97
14:50:07.409, 28.84, 28.71, 0.13, 0.00, 160, 1, 0.15, 6.71
14:50:08.426, 28.84, 28.71, 0.13, 0.00, 160, 1, -0.00, -833.67
14:50:09.478, 28.84, 28.71, 0.13, 0.00, 160, 1, 0.04, 27.50
14:50:10.506, 28.84, 28.71, 0.13, 0.00, 160, 1, 0.07, 13.53
14:50:11.505, 28.84, 28.71, 0.13, 0.00, 160, 1, 0.11, 8.97
14:50:12.539, 28.84, 28.71, 0.13, 0.00, 160, 1, 0.04, 27.50
14:50:13.559, 28.84, 28.71, 0.13, 0.00, 160, 1, 0.04, 27.50
14:50:14.570, 28.84, 28.71, 0.13, 0.00, 160, 1, 0.04, 27.50
14:50:15.615, 28.84, 28.71, 0.13, 0.00, 160, 1, 0.07, 13.53
14:50:16.642, 28.84, 28.71, 0.13, 0.00, 160, 1, 0.07, 13.53
14:50:17.666, 28.84, 28.71, 0.13, 0.00, 160, 1, 0.11, 8.97
14:50:18.676, 28.84, 28.71, 0.13, 0.00, 160, 1, 0.11, 8.97
14:50:19.694, 28.84, 28.71, 0.13, 0.00, 160, 1, 0.15, 6.71
14:50:20.732, 28.75, 28.71, 0.04, -0.09, 156, 185, -0.00, -154229.17
14:50:21.728, 28.75, 28.71, 0.04, 0.00, 157, 151, 1.80, 83.81
14:50:22.775, 28.75, 28.71, 0.04, 0.00, 157, 151, 2.18, 69.35
14:50:23.788, 28.75, 28.71, 0.04, 0.00, 157, 151, 2.93, 51.56
14:50:24.809, 28.75, 28.71, 0.04, 0.00, 157, 151, 2.37, 63.85
14:50:25.840, 28.75, 28.71, 0.04, 0.00, 157, 151, 1.28, 118.35
14:50:26.856, 28.75, 28.71, 0.04, 0.00, 157, 151, 2.85, 52.92
14:50:27.876, 28.75, 28.71, 0.04, 0.00, 157, 151, 2.89, 52.23
14:50:28.904, 28.75, 28.71, 0.04, 0.00, 157, 151, 2.52, 60.03
14:50:29.943, 28.75, 28.71, 0.04, 0.00, 157, 151, 2.52, 60.03
14:50:30.964, 28.75, 28.71, 0.04, 0.00, 157, 151, 1.16, 129.82
14:50:31.988, 28.75, 28.71, 0.04, 0.00, 157, 151, 1.91, 78.88
14:50:33.012, 28.75, 28.71, 0.04, 0.00, 157, 151, 2.93, 51.56
14:50:34.031, 28.75, 28.71, 0.04, 0.00, 157, 151, 2.33, 64.88
14:50:35.043, 28.75, 28.71, 0.04, 0.00, 157, 151, 1.80, 83.81
14:50:36.080, 28.75, 28.71, 0.04, 0.00, 157, 151, 1.43, 105.88
14:50:37.079, 28.84, 28.71, 0.13, 0.09, 161, 1, 1.39, 0.72
14:50:38.107, 28.84, 28.71, 0.13, 0.00, 160, 1, 0.07, 13.53
14:50:39.127, 28.84, 28.71, 0.13, 0.00, 160, 1, 0.07, 13.53
14:50:40.158, 28.84, 28.71, 0.13, 0.00, 160, 1, 0.11, 8.97
14:50:41.196, 28.93, 28.71, 0.22, 0.09, 164, 0, 0.15, 0.00
14:50:42.195, 28.93, 28.71, 0.22, 0.00, 163, 0, 0.04, 0.00
14:50:43.218, 28.93, 28.71, 0.22, 0.00, 163, 0, -0.00, 0.00
14:50:44.256, 28.93, 28.71, 0.22, 0.00, 163, 0, -0.00, 0.00
14:50:45.268, 28.93, 28.71, 0.22, 0.00, 163, 0, -0.00, 0.00
14:50:46.293, 28.93, 28.71, 0.22, 0.00, 163, 0, 0.04, 0.00
14:50:47.324, 29.02, 28.71, 0.32, 0.09, 167, 0, -0.00, 0.00
14:50:48.360, 29.02, 28.71, 0.32, 0.00, 166, 0, -0.00, 0.00
14:50:49.363, 29.02, 28.71, 0.32, 0.00, 166, 0, 0.04, 0.00
14:50:50.389, 29.02, 28.71, 0.32, 0.00, 166, 0, -0.00, 0.00
14:50:51.408, 29.02, 28.71, 0.32, 0.00, 166, 0, -0.00, 0.00
14:50:52.445, 29.02, 28.71, 0.32, 0.00, 166, 0, -0.00, 0.00
14:50:53.460, 29.02, 28.71, 0.32, 0.00, 166, 0, -0.00, 0.00
14:50:54.489, 29.02, 28.71, 0.32, 0.00, 166, 0, 0.04, 0.00
14:50:55.510, 29.02, 28.71, 0.32, 0.00, 166, 0, 0.04, 0.00
14:50:56.549, 29.02, 28.71, 0.32, 0.00, 166, 0, -0.00, 0.00
14:50:57.559, 29.02, 28.71, 0.32, 0.00, 166, 0, -0.00, 0.00
14:50:58.581, 29.02, 28.71, 0.32, 0.00, 166, 0, -0.00, 0.00
14:50:59.583, 29.02, 28.71, 0.32, 0.00, 166, 0, -0.00, 0.00
14:51:00.607, 29.02, 28.71, 0.32, 0.00, 166, 0, -0.00, 0.00
14:51:01.655, 29.02, 28.71, 0.32, 0.00, 166, 0, -0.00, 0.00
14:51:02.657, 29.02, 28.71, 0.32, 0.00, 166, 0, -0.00, 0.00
14:51:03.700, 29.02, 28.71, 0.32, 0.00, 166, 0, -0.00, 0.00
14:51:04.733, 29.02, 28.71, 0.32, 0.00, 166, 0, -0.00, 0.00
14:51:05.732, 29.02, 28.71, 0.32, 0.00, 166, 0, -0.00, 0.00
14:51:06.754, 29.02, 28.71, 0.32, 0.00, 166, 0, 0.04, 0.00
14:51:07.798, 29.02, 28.71, 0.32, 0.00, 166, 0, -0.00, 0.00
14:51:08.792, 29.02, 28.71, 0.32, 0.00, 166, 0, -0.00, 0.00
14:51:09.819, 29.02, 28.71, 0.32, 0.00, 166, 0, -0.00, 0.00
14:51:10.844, 29.02, 28.71, 0.32, 0.00, 166, 0, 0.04, 0.00
14:51:11.889, 29.02, 28.71, 0.32, 0.00, 166, 0, -0.00, 0.00
14:51:12.902, 29.02, 28.71, 0.32, 0.00, 166, 0, -0.00, 0.00
14:51:13.916, 29.02, 28.71, 0.32, 0.00, 166, 0, -0.00, 0.00
14:51:14.957, 29.02, 28.71, 0.32, 0.00, 166, 0, -0.00, 0.00
14:51:15.978, 29.02, 28.71, 0.32, 0.00, 166, 0, -0.00, 0.00
14:51:16.978, 29.02, 28.71, 0.32, 0.00, 166, 0, 0.04, 0.00
14:51:18.014, 29.02, 28.71, 0.32, 0.00, 166, 0, -0.00, 0.00
14:51:19.050, 29.02, 28.71, 0.32, 0.00, 166, 0, -0.00, 0.00
14:51:20.058, 29.02, 28.71, 0.32, 0.00, 166, 0, 0.04, 0.00
14:51:21.103, 29.02, 28.71, 0.32, 0.00, 166, 0, -0.00, 0.00
14:51:22.096, 29.02, 28.71, 0.32, 0.00, 166, 0, 0.04, 0.00
14:51:23.122, 29.02, 28.71, 0.32, 0.00, 166, 0, -0.00, 0.00
14:51:24.175, 29.02, 28.71, 0.32, 0.00, 166, 0, 0.04, 0.00
14:51:25.191, 29.02, 28.71, 0.32, 0.00, 166, 0, -0.00, 0.00
14:51:26.186, 29.02, 28.71, 0.32, 0.00, 166, 0, -0.00, 0.00
14:51:27.215, 29.02, 28.71, 0.32, 0.00, 166, 0, 0.04, 0.00
14:51:28.266, 29.02, 28.71, 0.32, 0.00, 166, 0, -0.00, 0.00
14:51:29.274, 29.02, 28.71, 0.32, 0.00, 166, 0, -0.00, 0.00
14:51:30.291, 29.02, 28.71, 0.32, 0.00, 166, 0, -0.00, 0.00
14:51:31.307, 29.02, 28.71, 0.32, 0.00, 166, 0, -0.00, 0.00
14:51:32.342, 29.02, 28.71, 0.32, 0.00, 166, 0, -0.00, 0.00
14:51:33.377, 29.02, 28.71, 0.32, 0.00, 166, 0, -0.00, 0.00
14:51:34.375, 29.02, 28.71, 0.32, 0.00, 166, 0, -0.00, 0.00
14:51:35.425, 29.02, 28.71, 0.32, 0.00, 166, 0, 0.04, 0.00
14:51:36.431, 28.93, 28.71, 0.22, -0.09, 162, 0, -0.00, 0.00
14:51:37.464, 28.93, 28.71, 0.22, 0.00, 163, 0, -0.00, 0.00
14:51:38.463, 28.93, 28.71, 0.22, 0.00, 163, 0, -0.00, 0.00
14:51:39.510, 28.93, 28.71, 0.22, 0.00, 163, 0, -0.00, 0.00
14:51:40.509, 28.93, 28.71, 0.22, 0.00, 163, 0, -0.00, 0.00
14:51:41.542, 28.93, 28.71, 0.22, 0.00, 163, 0, -0.00, 0.00
14:51:42.580, 28.93, 28.71, 0.22, 0.00, 163, 0, -0.00, 0.00
14:51:43.608, 28.93, 28.71, 0.22, 0.00, 163, 0, -0.00, 0.00
14:51:44.634, 28.93, 28.71, 0.22, 0.00, 163, 0, -0.00, 0.00
14:51:45.630, 28.93, 28.71, 0.22, 0.00, 163, 0, -0.00, 0.00
14:51:46.664, 28.93, 28.71, 0.22, 0.00, 163, 0, -0.00, 0.00
14:51:47.683, 28.93, 28.71, 0.22, 0.00, 163, 0, -0.00, 0.00
14:51:48.724, 28.93, 28.71, 0.22, 0.00, 163, 0, -0.00, 0.00
14:51:49.728, 28.93, 28.71, 0.22, 0.00, 163, 0, -0.00, 0.00
14:51:50.759, 28.93, 28.71, 0.22, 0.00, 163, 0, -0.00, 0.00
14:51:51.767, 28.93, 28.71, 0.22, 0.00, 163, 0, 0.04, 0.00
14:51:52.813, 28.93, 28.71, 0.22, 0.00, 163, 0, -0.00, 0.00
14:51:53.818, 28.93, 28.71, 0.22, 0.00, 163, 0, 0.04, 0.00
14:51:54.840, 28.93, 28.71, 0.22, 0.00, 163, 0, -0.00, 0.00
14:51:55.864, 28.93, 28.71, 0.22, 0.00, 163, 0, -0.00, 0.00
14:51:56.900, 28.93, 28.71, 0.22, 0.00, 163, 0, -0.00, 0.00
14:51:57.911, 28.93, 28.71, 0.22, 0.00, 163, 0, -0.00, 0.00
14:51:58.933, 28.93, 28.71, 0.22, 0.00, 163, 0, -0.00, 0.00
14:51:59.957, 28.93, 28.71, 0.22, 0.00, 163, 0, -0.00, 0.00
14:52:00.981, 28.93, 28.71, 0.22, 0.00, 163, 0, -0.00, 0.00
14:52:02.003, 28.93, 28.71, 0.22, 0.00, 163, 0, -0.00, 0.00
14:52:03.028, 28.93, 28.71, 0.22, 0.00, 163, 0, 0.04, 0.00
14:52:04.066, 28.84, 28.71, 0.13, -0.09, 159, 1, -0.00, -833.67
14:52:05.094, 28.93, 28.71, 0.22, 0.09, 164, 0, -0.00, 0.00
14:52:06.093, 28.84, 28.71, 0.13, -0.09, 159, 1, -0.00, -833.67
14:52:07.139, 28.84, 28.71, 0.13, 0.00, 160, 1, 0.04, 27.50
14:52:08.141, 28.84, 28.71, 0.13, 0.00, 160, 1, 0.07, 13.53
14:52:09.190, 28.84, 28.71, 0.13, 0.00, 160, 1, 0.07, 13.53
14:52:10.189, 28.84, 28.71, 0.13, 0.00, 160, 1, 0.07, 13.53
14:52:11.226, 28.84, 28.71, 0.13, 0.00, 160, 1, 0.11, 8.97
14:52:12.247, 28.84, 28.71, 0.13, 0.00, 160, 1, 0.04, 27.50
14:52:13.282, 28.84, 28.71, 0.13, 0.00, 160, 1, 0.04, 27.50
14:52:14.276, 28.84, 28.71, 0.13, 0.00, 160, 1, 0.04, 27.50
14:52:15.305, 28.84, 28.71, 0.13, 0.00, 160, 1, 0.07, 13.53
14:52:16.329, 28.84, 28.71, 0.13, 0.00, 160, 1, 0.11, 8.97
14:52:17.380, 28.84, 28.71, 0.13, 0.00, 160, 1, -0.00, -833.67
14:52:18.403, 28.84, 28.71, 0.13, 0.00, 160, 1, 0.04, 27.50
14:52:19.414, 28.84, 28.71, 0.13, 0.00, 160, 1, 0.04, 27.50
14:52:20.435, 28.84, 28.71, 0.13, 0.00, 160, 1, 0.07, 13.53
14:52:21.446, 28.84, 28.71, 0.13, 0.00, 160, 1, 0.11, 8.97
14:52:22.481, 28.84, 28.71, 0.13, 0.00, 160, 1, 0.15, 6.71
14:52:23.485, 28.84, 28.71, 0.13, 0.00, 160, 1, 0.04, 27.50
14:52:24.538, 28.84, 28.71, 0.13, 0.00, 160, 1, 0.07, 13.53
14:52:25.559, 28.84, 28.71, 0.13, 0.00, 160, 1, 0.04, 27.50
14:52:26.578, 28.84, 28.71, 0.13, 0.00, 160, 1, 0.07, 13.53
14:52:27.594, 28.84, 28.71, 0.13, 0.00, 160, 1, 0.07, 13.53
14:52:28.616, 28.84, 28.71, 0.13, 0.00, 160, 1, 0.15, 6.71
14:52:29.633, 28.84, 28.71, 0.13, 0.00, 160, 1, 0.04, 27.50
14:52:30.660, 28.84, 28.71, 0.13, 0.00, 160, 1, -0.00, -833.67
14:52:31.676, 28.84, 28.71, 0.13, 0.00, 160, 1, 0.04, 27.50
14:52:32.728, 28.84, 28.71, 0.13, 0.00, 160, 1, 0.04, 27.50
14:52:33.731, 28.84, 28.71, 0.13, 0.00, 160, 1, 0.07, 13.53
14:52:34.763, 28.84, 28.71, 0.13, 0.00, 160, 1, 0.07, 13.53
14:52:35.777, 28.75, 28.71, 0.04, -0.09, 156, 185, 0.07, 2502.68
14:52:36.807, 28.75, 28.71, 0.04, 0.00, 157, 151, 2.52, 60.03
14:52:37.830, 28.75, 28.71, 0.04, 0.00, 157, 151, 1.50, 100.59
14:52:38.845, 28.75, 28.71, 0.04, 0.00, 157, 151, 2.25, 67.04
14:52:39.866, 28.75, 28.71, 0.04, 0.00, 157, 151, 3.00, 50.27
14:52:40.907, 28.75, 28.71, 0.04, 0.00, 157, 151, 1.99, 75.90
14:52:41.912, 28.75, 28.71, 0.04, 0.00, 157, 151, 1.61, 93.56
14:52:42.952, 28.75, 28.71, 0.04, 0.00, 157, 151, 1.73, 87.46
14:52:43.956, 28.75, 28.71, 0.04, 0.00, 157, 151, 3.00, 50.27
14:52:44.986, 28.75, 28.71, 0.04, 0.00, 157, 151, 2.52, 60.03
14:52:46.004, 28.75, 28.71, 0.04, 0.00, 157, 151, 1.73, 87.46
14:52:47.029, 28.75, 28.71, 0.04, 0.00, 157, 151, 2.29, 65.94
14:52:48.048, 28.75, 28.71, 0.04, 0.00, 157, 151, 2.85, 52.92
14:52:49.081, 28.75, 28.71, 0.04, 0.00, 157, 151, 2.78, 54.35
14:52:50.099, 28.75, 28.71, 0.04, 0.00, 157, 151, 2.18, 69.35
14:52:51.130, 28.75, 28.71, 0.04, 0.00, 157, 151, 1.20, 125.76
14:52:52.140, 28.75, 28.71, 0.04, 0.00, 157, 151, 1.73, 87.46
14:52:53.160, 28.84, 28.71, 0.13, 0.09, 161, 1, 3.04, 0.33
14:52:54.197, 28.84, 28.71, 0.13, 0.00, 160, 1, 0.07, 13.53
14:52:55.210, 28.84, 28.71, 0.13, 0.00, 160, 1, 0.11, 8.97
14:52:56.247, 28.84, 28.71, 0.13, 0.00, 160, 1, 0.04, 27.50
14:52:57.264, 28.93, 28.71, 0.22, 0.09, 164, 0, 0.04, 0.00
14:52:58.289, 28.93, 28.71, 0.22, 0.00, 163, 0, -0.00, 0.00
14:52:59.311, 28.93, 28.71, 0.22, 0.00, 163, 0, -0.00, 0.00
14:53:00.329, 28.93, 28.71, 0.22, 0.00, 163, 0, -0.00, 0.00
14:53:01.347, 28.93, 28.71, 0.22, 0.00, 163, 0, -0.00, 0.00
14:53:02.368, 28.93, 28.71, 0.22, 0.00, 163, 0, -0.00, 0.00
14:53:03.404, 28.93, 28.71, 0.22, 0.00, 163, 0, -0.00, 0.00
14:53:04.420, 29.02, 28.71, 0.32, 0.09, 167, 0, -0.00, 0.00
14:53:05.462, 29.02, 28.71, 0.32, 0.00, 166, 0, -0.00, 0.00
14:53:06.465, 29.02, 28.71, 0.32, 0.00, 166, 0, -0.00, 0.00
14:53:07.495, 29.02, 28.71, 0.32, 0.00, 166, 0, -0.00, 0.00
14:53:08.531, 29.02, 28.71, 0.32, 0.00, 166, 0, -0.00, 0.00
14:53:09.533, 29.02, 28.71, 0.32, 0.00, 166, 0, -0.00, 0.00
14:53:10.561, 29.02, 28.71, 0.32, 0.00, 166, 0, -0.00, 0.00
14:53:11.574, 29.02, 28.71, 0.32, 0.00, 166, 0, -0.00, 0.00
14:53:12.606, 29.02, 28.71, 0.32, 0.00, 166, 0, -0.00, 0.00
14:53:13.631, 29.02, 28.71, 0.32, 0.00, 166, 0, -0.00, 0.00
14:53:14.662, 29.02, 28.71, 0.32, 0.00, 166, 0, -0.00, 0.00
14:53:15.678, 29.02, 28.71, 0.32, 0.00, 166, 0, -0.00, 0.00
14:53:16.701, 29.02, 28.71, 0.32, 0.00, 166, 0, -0.00, 0.00
14:53:17.733, 29.02, 28.71, 0.32, 0.00, 166, 0, 0.04, 0.00
14:53:18.746, 29.02, 28.71, 0.32, 0.00, 166, 0, -0.00, 0.00
14:53:19.766, 29.02, 28.71, 0.32, 0.00, 166, 0, -0.00, 0.00
14:53:20.787, 29.02, 28.71, 0.32, 0.00, 166, 0, -0.00, 0.00
14:53:21.812, 29.02, 28.71, 0.32, 0.00, 166, 0, -0.00, 0.00
14:53:22.839, 29.02, 28.71, 0.32, 0.00, 166, 0, -0.00, 0.00
14:53:23.885, 29.02, 28.71, 0.32, 0.00, 166, 0, -0.00, 0.00
14:53:24.879, 29.02, 28.71, 0.32, 0.00, 166, 0, -0.00, 0.00
14:53:25.904, 29.02, 28.71, 0.32, 0.00, 166, 0, -0.00, 0.00
14:53:26.950, 29.02, 28.71, 0.32, 0.00, 166, 0, -0.00, 0.00
14:53:27.967, 29.02, 28.71, 0.32, 0.00, 166, 0, -0.00, 0.00
14:53:28.976, 29.02, 28.71, 0.32, 0.00, 166, 0, -0.00, 0.00
14:53:29.998, 29.02, 28.71, 0.32, 0.00, 166, 0, -0.00, 0.00
