14:00:23.493 -> Timestamp, Temperature (ºC), Setpoint, Error, Delta_T, State, PWM output, Current, PWM / Current
14:00:25.091 -> Timestamp, Temperature (ºC), Setpoint, Error, Delta_T, State, PWM output, Current, PWM / Current
14:00:26.157 -> 21.74, 26.74, 21.74, 21.74, 809, 0, -0.19, 0.00
14:00:27.156 -> 21.74, 26.74, 21.74, 0.00, 808, 0, -0.19, 0.00
14:00:29.991 -> Timestamp, Temperature (ºC), Setpoint, Error, Delta_T, State, PWM output, Current, PWM / Current
14:00:31.052 -> 21.74, 26.74, 21.74, 21.74, 809, 0, -0.19, 0.00
14:00:32.050 -> 21.74, 26.74, 21.74, 0.00, 808, 0, -0.19, 0.00
14:00:33.093 -> 21.74, 26.74, 21.74, 0.00, 808, 0, -0.19, 0.00
14:00:34.112 -> 21.74, 26.74, 21.74, 0.00, 808, 0, -0.19, 0.00
14:00:35.136 -> 21.74, 26.74, 21.74, 0.00, 808, 0, -0.19, 0.00
14:00:38.057 -> Timestamp, Temperature (ºC), Setpoint, Error, Delta_T, State, PWM output, Current, PWM / Current
14:00:39.096 -> 21.66, 26.66, 21.66, 21.66, 809, 0, -0.00, 0.00
14:00:40.126 -> 21.66, 26.66, 21.66, 0.00, 808, 0, -0.00, 0.00
14:00:41.166 -> 21.66, 26.66, 21.66, 0.00, 808, 0, -0.00, 0.00
14:00:42.190 -> 21.66, 26.66, 21.66, 0.00, 808, 0, -0.00, 0.00
14:00:43.194 -> 21.66, 26.66, 21.66, 0.00, 808, 0, 0.04, 0.00
14:00:44.222 -> 26.46
14:00:44.222 -> 21.66, 26.66, -4.80, 0.00, 13, 252, -0.00, -210085.14
14:00:45.260 -> 21.66, 26.66, -4.80, 0.00, 13, 252, 3.64, 69.19
14:00:46.286 -> 21.66, 26.66, -4.80, 0.00, 13, 252, 3.60, 69.91
14:00:47.313 -> 21.66, 26.66, -4.80, 0.00, 13, 252, 3.64, 69.19
14:00:48.324 -> 21.66, 26.66, -4.80, 0.00, 13, 252, 3.60, 69.91
14:00:49.351 -> 21.66, 26.66, -4.80, 0.00, 13, 252, 3.60, 69.91
14:00:50.362 -> 21.66, 26.66, -4.80, 0.00, 13, 252, 3.60, 69.91
14:00:51.398 -> 21.66, 26.66, -4.80, 0.00, 13, 252, 3.60, 69.91
14:00:52.415 -> 21.66, 26.66, -4.80, 0.00, 13, 252, 3.60, 69.91
14:00:53.445 -> 21.66, 26.66, -4.80, 0.00, 13, 252, 3.60, 69.91
14:00:54.452 -> 21.66, 26.66, -4.80, 0.00, 13, 252, 3.60, 69.91
14:00:55.475 -> 21.66, 26.66, -4.80, 0.00, 13, 252, 3.57, 70.65
14:00:56.501 -> 21.66, 26.66, -4.80, 0.00, 13, 252, 3.60, 69.91
14:00:57.523 -> 21.66, 26.66, -4.80, 0.00, 13, 252, 3.60, 69.91
14:00:58.556 -> 21.74, 26.74, -4.71, 0.09, 17, 238, 3.57, 66.72
14:00:59.575 -> 21.74, 26.74, -4.71, 0.00, 16, 238, 3.57, 66.72
14:01:00.600 -> 21.74, 26.74, -4.71, 0.00, 16, 238, 3.45, 68.90
14:01:01.619 -> 21.74, 26.74, -4.71, 0.00, 16, 238, 3.23, 73.71
14:01:02.632 -> 21.83, 26.83, -4.63, 0.09, 20, 207, 3.53, 58.65
14:01:03.661 -> 21.83, 26.83, -4.63, 0.00, 19, 207, 3.12, 66.43
14:01:04.677 -> 21.83, 26.83, -4.63, 0.00, 19, 207, 2.29, 90.39
14:01:05.711 -> 21.91, 26.91, -4.54, 0.09, 23, 243, 3.42, 71.12
14:01:06.735 -> 21.91, 26.91, -4.54, 0.00, 22, 243, 3.53, 68.85
14:01:07.756 -> 21.91, 26.91, -4.54, 0.00, 22, 243, 3.42, 71.12
14:01:08.784 -> 21.91, 26.91, -4.54, 0.00, 22, 243, 3.57, 68.12
14:01:09.789 -> 22.00, 27.00, -4.46, 0.09, 23, 243, 3.57, 68.12
14:01:10.814 -> 22.00, 27.00, -4.46, 0.00, 22, 243, 3.34, 72.72
14:01:11.851 -> 22.00, 27.00, -4.46, 0.00, 22, 243, 3.53, 68.85
14:01:12.882 -> 22.00, 27.00, -4.46, 0.00, 22, 243, 3.38, 71.91
14:01:13.908 -> 22.09, 27.09, -4.37, 0.09, 26, 238, 3.57, 66.72
14:01:14.916 -> 22.09, 27.09, -4.37, 0.00, 25, 238, 3.45, 68.90
14:01:15.952 -> 22.09, 27.09, -4.37, 0.00, 25, 238, 3.19, 74.58
14:01:16.951 -> 22.09, 27.09, -4.37, 0.00, 25, 238, 3.57, 66.72
14:01:17.976 -> 22.17, 27.17, -4.28, 0.09, 29, 253, 3.53, 71.68
14:01:18.997 -> 22.17, 27.17, -4.28, 0.00, 28, 239, 3.60, 66.30
14:01:20.028 -> 22.17, 27.17, -4.28, 0.00, 28, 239, 3.19, 74.89
14:01:21.045 -> 22.26, 27.26, -4.20, 0.09, 32, 255, 3.57, 71.49
14:01:22.079 -> 22.26, 27.26, -4.20, 0.00, 31, 253, 3.60, 70.19
14:01:23.103 -> 22.26, 27.26, -4.20, 0.00, 31, 253, 3.60, 70.19
14:01:24.141 -> 22.35, 27.35, -4.11, 0.09, 35, 253, 3.57, 70.93
14:01:25.132 -> 22.35, 27.35, -4.11, 0.00, 34, 255, 3.60, 70.74
14:01:26.174 -> 22.35, 27.35, -4.11, 0.00, 34, 255, 3.60, 70.74
14:01:27.194 -> 22.43, 27.43, -4.02, 0.09, 38, 247, 3.60, 68.52
14:01:28.217 -> 22.43, 27.43, -4.02, 0.00, 37, 254, 3.45, 73.53
14:01:29.235 -> 22.52, 27.52, -3.94, 0.09, 41, 247, 3.60, 68.52
14:01:30.248 -> 22.52, 27.52, -3.94, 0.00, 40, 254, 3.57, 71.21
14:01:31.300 -> 22.52, 27.52, -3.94, 0.00, 40, 254, 3.60, 70.47
14:01:32.297 -> 22.60, 27.60, -3.85, 0.09, 41, 247, 3.60, 68.52
14:01:33.332 -> 22.60, 27.60, -3.85, 0.00, 40, 254, 3.53, 71.97
14:01:34.357 -> 22.69, 27.69, -3.76, 0.09, 44, 247, 3.60, 68.52
14:01:35.379 -> 22.69, 27.69, -3.76, 0.00, 43, 253, 3.57, 70.93
14:01:36.405 -> 22.78, 27.78, -3.68, 0.09, 47, 253, 3.60, 70.19
14:01:37.438 -> 22.78, 27.78, -3.68, 0.00, 46, 252, 3.60, 69.91
14:01:38.442 -> 22.78, 27.78, -3.68, 0.00, 46, 252, 3.57, 70.65
14:01:39.459 -> 22.86, 27.86, -3.59, 0.09, 50, 253, 3.57, 70.93
14:01:40.514 -> 22.86, 27.86, -3.59, 0.00, 49, 227, 3.60, 62.98
14:01:41.514 -> 22.95, 27.95, -3.50, 0.09, 53, 239, 3.12, 76.69
14:01:42.555 -> 22.95, 27.95, -3.50, 0.00, 52, 252, 3.57, 70.65
14:01:43.567 -> 23.04, 28.04, -3.42, 0.09, 56, 251, 3.60, 69.63
14:01:44.599 -> 23.04, 28.04, -3.42, 0.00, 55, 244, 3.57, 68.40
14:01:45.622 -> 23.12, 28.12, -3.33, 0.09, 59, 251, 3.53, 71.12
14:01:46.637 -> 23.12, 28.12, -3.33, 0.00, 58, 244, 3.57, 68.40
14:01:47.655 -> 23.21, 28.21, -3.24, 0.09, 62, 238, 3.38, 70.43
14:01:48.670 -> 23.21, 28.21, -3.24, 0.00, 61, 238, 3.49, 68.16
14:01:49.683 -> 23.30, 28.30, -3.16, 0.09, 62, 238, 3.30, 72.03
14:01:50.730 -> 23.30, 28.30, -3.16, 0.00, 61, 238, 3.53, 67.43
14:01:51.738 -> 23.39, 28.39, -3.07, 0.09, 65, 238, 3.38, 70.43
14:01:52.780 -> 23.39, 28.39, -3.07, 0.00, 64, 244, 3.15, 77.37
14:01:53.786 -> 23.47, 28.47, -2.98, 0.09, 68, 227, 3.57, 63.64
14:01:54.818 -> 23.56, 28.56, -2.90, 0.09, 71, 227, 3.15, 71.98
14:01:55.842 -> 23.56, 28.56, -2.90, 0.00, 70, 251, 3.53, 71.12
14:01:56.864 -> 23.65, 28.65, -2.81, 0.09, 74, 254, 3.57, 71.21
14:01:57.877 -> 23.65, 28.65, -2.81, 0.00, 73, 254, 3.60, 70.47
14:01:58.920 -> 23.73, 28.73, -2.72, 0.09, 77, 248, 3.60, 68.80
14:01:59.947 -> 23.73, 28.73, -2.72, 0.00, 76, 164, 3.60, 45.50
14:02:00.958 -> 23.82, 28.82, -2.63, 0.09, 80, 251, 3.12, 80.54
14:02:01.963 -> 23.91, 28.91, -2.55, 0.09, 83, 249, 3.57, 69.81
14:02:03.003 -> 23.91, 28.91, -2.55, 0.00, 82, 247, 3.57, 69.25
14:02:04.031 -> 24.00, 29.00, -2.46, 0.09, 83, 249, 3.49, 71.31
14:02:05.035 -> 24.00, 29.00, -2.46, 0.00, 82, 247, 3.57, 69.25
14:02:06.055 -> 24.08, 29.08, -2.37, 0.09, 86, 241, 3.53, 68.28
14:02:07.087 -> 24.17, 29.17, -2.28, 0.09, 89, 226, 3.30, 68.40
14:02:08.118 -> 24.17, 29.17, -2.28, 0.00, 88, 146, 3.38, 43.21
14:02:09.131 -> 24.26, 29.26, -2.20, 0.09, 92, 252, 2.78, 90.70
14:02:10.145 -> 24.26, 29.26, -2.20, 0.00, 91, 252, 3.57, 70.65
14:02:11.200 -> 24.35, 29.35, -2.11, 0.09, 95, 238, 3.57, 66.72
14:02:12.199 -> 24.43, 29.43, -2.02, 0.09, 98, 248, 3.38, 73.39
14:02:13.212 -> 24.43, 29.43, -2.02, 0.00, 97, 143, 3.60, 39.67
14:02:14.263 -> 24.52, 29.52, -1.93, 0.09, 101, 248, 2.93, 84.69
14:02:15.275 -> 24.61, 29.61, -1.85, 0.09, 104, 123, 3.53, 34.85
14:02:16.322 -> 24.70, 29.70, -1.76, 0.09, 104, 123, 1.58, 78.03
14:02:17.326 -> 24.70, 29.70, -1.76, 0.00, 103, 234, 1.35, 173.21
14:02:18.340 -> 24.79, 29.79, -1.67, 0.09, 107, 231, 3.45, 66.87
14:02:19.355 -> 24.79, 29.79, -1.67, 0.00, 106, 253, 3.27, 77.45
14:02:20.388 -> 24.87, 29.87, -1.58, 0.09, 110, 131, 3.49, 37.52
14:02:21.429 -> 24.96, 29.96, -1.49, 0.09, 113, 221, 1.20, 184.06
14:02:22.428 -> 24.96, 29.96, -1.49, 0.00, 112, 2, 3.42, 0.59
14:02:23.478 -> 25.05, 30.05, -1.40, 0.09, 116, 157, 0.07, 2123.90
14:02:24.497 -> 25.14, 30.14, -1.32, 0.09, 119, 248, 2.33, 106.55
14:02:25.499 -> 25.14, 30.14, -1.32, 0.00, 118, 231, 3.45, 66.87
14:02:26.537 -> 25.23, 30.23, -1.23, 0.09, 122, 225, 3.49, 64.44
14:02:27.560 -> 25.23, 30.23, -1.23, 0.00, 121, 252, 3.38, 74.57
14:02:28.589 -> 25.32, 30.32, -1.14, 0.09, 125, 198, 3.53, 56.10
14:02:29.619 -> 25.41, 30.41, -1.05, 0.09, 125, 198, 3.15, 62.78
14:02:30.612 -> 25.41, 30.41, -1.05, 0.00, 124, 181, 3.34, 54.16
14:02:31.641 -> 25.49, 30.49, -0.96, 0.09, 128, 240, 3.00, 79.90
14:02:32.665 -> 25.58, 30.58, -0.87, 0.09, 131, 235, 3.34, 70.32
14:02:33.706 -> 25.58, 30.58, -0.87, 0.00, 130, 118, 3.38, 34.92
14:02:34.722 -> 25.67, 30.67, -0.78, 0.09, 134, 145, 1.20, 120.76
14:02:35.753 -> 25.76, 30.76, -0.70, 0.09, 137, 219, 1.84, 119.07
14:02:36.760 -> 25.76, 30.76, -0.70, 0.00, 136, 154, 3.27, 47.14
14:02:37.789 -> 25.85, 30.85, -0.61, 0.09, 140, 253, 2.37, 106.97
14:02:38.822 -> 25.85, 30.85, -0.61, 0.00, 139, 159, 3.60, 44.11
14:02:39.847 -> 25.94, 30.94, -0.52, 0.09, 143, 71, 3.15, 22.51
14:02:40.841 -> 26.03, 31.03, -0.43, 0.09, 146, 254, 1.31, 193.39
14:02:41.872 -> 26.03, 31.03, -0.43, 0.00, 145, 124, 3.57, 34.76
14:02:42.897 -> 26.12, 31.12, -0.34, 0.09, 149, 191, 1.46, 130.50
14:02:43.930 -> 26.21, 31.21, -0.25, 0.09, 152, 161, 2.52, 64.01
14:02:44.933 -> 26.30, 31.30, -0.16, 0.09, 152, 161, 3.08, 52.29
14:02:45.966 -> 26.30, 31.30, -0.16, 0.00, 151, 17, 2.63, 6.47
14:02:46.994 -> 26.39, 31.39, -0.07, 0.09, 155, 240, 0.07, 3246.72
14:02:48.030 -> 26.39, 31.39, -0.07, 0.00, 154, 0, 3.45, 0.00
14:02:49.026 -> 26.48, 31.48, 0.02, 0.09, 158, 161, 0.15, 1080.24
14:02:50.057 -> 26.56, 31.56, 0.11, 0.09, 161, 0, 2.82, 0.00
14:02:51.098 -> 26.65, 31.65, 0.20, 0.09, 164, 0, -0.00, 0.00
14:02:52.116 -> 26.65, 31.65, 0.20, 0.00, 163, 0, -0.00, 0.00
14:02:53.133 -> 26.74, 31.74, 0.29, 0.09, 167, 0, 0.04, 0.00
14:02:54.153 -> 26.74, 31.74, 0.29, 0.00, 166, 0, -0.00, 0.00
14:02:55.184 -> 26.83, 31.83, 0.38, 0.09, 170, 0, -0.00, 0.00
14:02:56.190 -> 26.92, 31.92, 0.47, 0.09, 173, 0, -0.00, 0.00
14:02:57.236 -> 26.92, 31.92, 0.47, 0.00, 172, 0, -0.00, 0.00
14:02:58.267 -> 27.01, 32.01, 0.56, 0.09, 176, 0, -0.00, 0.00
14:02:59.271 -> 27.01, 32.01, 0.56, 0.00, 175, 0, 0.04, 0.00
14:03:00.305 -> 27.10, 32.10, 0.65, 0.09, 176, 0, 0.04, 0.00
14:03:01.323 -> 27.10, 32.10, 0.65, 0.00, 175, 0, -0.00, 0.00
14:03:02.347 -> 27.10, 32.10, 0.65, 0.00, 175, 0, 0.04, 0.00
14:03:03.358 -> 27.20, 32.20, 0.74, 0.09, 179, 0, -0.00, 0.00
14:03:04.382 -> 27.20, 32.20, 0.74, 0.00, 178, 0, -0.00, 0.00
14:03:05.403 -> 27.20, 32.20, 0.74, 0.00, 178, 0, -0.00, 0.00
14:03:06.436 -> 27.10, 32.10, 0.65, -0.09, 174, 0, -0.00, 0.00
14:03:07.459 -> 27.29, 32.29, 0.83, 0.18, 182, 0, -0.00, 0.00
14:03:08.463 -> 27.29, 32.29, 0.83, 0.00, 181, 0, -0.00, 0.00
14:03:09.496 -> 27.38, 32.38, 0.92, 0.09, 185, 0, -0.00, 0.00
14:03:10.530 -> 27.38, 32.38, 0.92, 0.00, 184, 0, 0.04, 0.00
14:03:11.554 -> 27.38, 32.38, 0.92, 0.00, 184, 0, -0.00, 0.00
14:03:12.572 -> 27.38, 32.38, 0.92, 0.00, 184, 0, -0.00, 0.00
14:03:13.614 -> 27.47, 32.47, 1.01, 0.09, 188, 0, 0.04, 0.00
14:03:14.628 -> 27.47, 32.47, 1.01, 0.00, 187, 0, -0.00, 0.00
14:03:15.656 -> 27.47, 32.47, 1.01, 0.00, 187, 0, 0.04, 0.00
14:03:16.668 -> 27.47, 32.47, 1.01, 0.00, 187, 0, -0.00, 0.00
14:03:17.686 -> 27.56, 32.56, 1.10, 0.09, 191, 0, 0.04, 0.00
14:03:18.702 -> 27.56, 32.56, 1.10, 0.00, 190, 0, -0.00, 0.00
14:03:19.735 -> 27.56, 32.56, 1.10, 0.00, 190, 0, -0.00, 0.00
14:03:20.744 -> 27.56, 32.56, 1.10, 0.00, 190, 0, -0.00, 0.00
14:03:21.772 -> 27.56, 32.56, 1.10, 0.00, 190, 0, -0.00, 0.00
14:03:22.801 -> 27.65, 32.65, 1.19, 0.09, 194, 0, 0.04, 0.00
14:03:23.828 -> 27.65, 32.65, 1.19, 0.00, 193, 0, -0.00, 0.00
14:03:24.856 -> 27.65, 32.65, 1.19, 0.00, 193, 0, 0.04, 0.00
14:03:25.890 -> 27.65, 32.65, 1.19, 0.00, 193, 0, -0.00, 0.00
14:03:26.880 -> 27.65, 32.65, 1.19, 0.00, 193, 0, 0.04, 0.00
14:03:27.910 -> 27.65, 32.65, 1.19, 0.00, 193, 0, -0.00, 0.00
14:03:28.936 -> 27.74, 32.74, 1.28, 0.09, 197, 0, -0.00, 0.00
14:03:29.968 -> 27.74, 32.74, 1.28, 0.00, 196, 0, -0.00, 0.00
14:03:30.986 -> 27.74, 32.74, 1.28, 0.00, 196, 0, -0.00, 0.00
14:03:32.018 -> 27.74, 32.74, 1.28, 0.00, 196, 0, -0.00, 0.00
14:03:33.053 -> 27.74, 32.74, 1.28, 0.00, 196, 0, -0.00, 0.00
14:03:34.053 -> 27.83, 32.83, 1.37, 0.09, 200, 0, -0.00, 0.00
14:03:35.074 -> 27.83, 32.83, 1.37, 0.00, 199, 0, -0.00, 0.00
14:03:36.111 -> 27.83, 32.83, 1.37, 0.00, 199, 0, -0.00, 0.00
14:03:37.115 -> 27.83, 32.83, 1.37, 0.00, 199, 0, 0.04, 0.00
14:03:38.145 -> 27.83, 32.83, 1.37, 0.00, 199, 0, 0.04, 0.00
14:03:39.173 -> 27.83, 32.83, 1.37, 0.00, 199, 0, -0.00, 0.00
14:03:40.208 -> 27.92, 32.92, 1.47, 0.09, 203, 0, 0.04, 0.00
14:03:41.232 -> 27.92, 32.92, 1.47, 0.00, 202, 0, -0.00, 0.00
14:03:42.224 -> 27.92, 32.92, 1.47, 0.00, 202, 0, -0.00, 0.00
14:03:43.278 -> 27.92, 32.92, 1.47, 0.00, 202, 0, -0.00, 0.00
14:03:44.266 -> 27.92, 32.92, 1.47, 0.00, 202, 0, -0.00, 0.00
14:03:45.321 -> 27.92, 32.92, 1.47, 0.00, 202, 0, 0.04, 0.00
14:03:46.338 -> 28.01, 33.01, 1.56, 0.09, 206, 0, -0.00, 0.00
14:03:47.350 -> 28.01, 33.01, 1.56, 0.00, 205, 0, -0.00, 0.00
14:03:48.386 -> 28.01, 33.01, 1.56, 0.00, 205, 0, -0.00, 0.00
14:03:49.406 -> 28.01, 33.01, 1.56, 0.00, 205, 0, -0.00, 0.00
14:03:50.425 -> 28.01, 33.01, 1.56, 0.00, 205, 0, -0.00, 0.00
14:03:51.457 -> 28.01, 33.01, 1.56, 0.00, 205, 0, -0.00, 0.00
14:03:52.484 -> 28.01, 33.01, 1.56, 0.00, 205, 0, -0.00, 0.00
14:03:53.491 -> 28.10, 33.10, 1.65, 0.09, 206, 0, -0.00, 0.00
14:03:54.530 -> 28.10, 33.10, 1.65, 0.00, 205, 0, 0.04, 0.00
14:03:55.531 -> 28.10, 33.10, 1.65, 0.00, 205, 0, 0.04, 0.00
14:03:56.563 -> 28.10, 33.10, 1.65, 0.00, 205, 0, -0.00, 0.00
14:03:57.588 -> 28.10, 33.10, 1.65, 0.00, 205, 0, -0.00, 0.00
14:03:58.606 -> 28.10, 33.10, 1.65, 0.00, 205, 0, 0.04, 0.00
14:03:59.626 -> 28.10, 33.10, 1.65, 0.00, 205, 0, -0.00, 0.00
14:04:00.650 -> 28.10, 33.10, 1.65, 0.00, 205, 0, 0.04, 0.00
14:04:01.679 -> 28.10, 33.10, 1.65, 0.00, 205, 0, -0.00, 0.00
14:04:02.699 -> 28.10, 33.10, 1.65, 0.00, 205, 0, -0.00, 0.00
14:04:03.723 -> 28.10, 33.10, 1.65, 0.00, 205, 0, -0.00, 0.00
14:04:04.741 -> 28.20, 33.20, 1.74, 0.09, 209, 0, 0.04, 0.00
14:04:05.757 -> 28.20, 33.20, 1.74, 0.00, 208, 0, -0.00, 0.00
14:04:06.783 -> 28.20, 33.20, 1.74, 0.00, 208, 0, -0.00, 0.00
14:04:07.802 -> 28.20, 33.20, 1.74, 0.00, 208, 0, -0.00, 0.00
14:04:08.849 -> 28.20, 33.20, 1.74, 0.00, 208, 0, -0.00, 0.00
14:04:09.865 -> 28.20, 33.20, 1.74, 0.00, 208, 0, -0.00, 0.00
14:04:10.902 -> 28.20, 33.20, 1.74, 0.00, 208, 0, 0.04, 0.00
14:04:11.896 -> 28.20, 33.20, 1.74, 0.00, 208, 0, -0.00, 0.00
14:04:12.935 -> 28.20, 33.20, 1.74, 0.00, 208, 0, -0.00, 0.00
14:04:13.941 -> 28.20, 33.20, 1.74, 0.00, 208, 0, -0.00, 0.00
14:04:14.974 -> 28.29, 33.29, 1.83, 0.09, 212, 0, -0.00, 0.00
14:04:16.021 -> 28.29, 33.29, 1.83, 0.00, 211, 0, 0.04, 0.00
14:04:17.024 -> 28.29, 33.29, 1.83, 0.00, 211, 0, -0.00, 0.00
14:04:18.062 -> 28.29, 33.29, 1.83, 0.00, 211, 0, -0.00, 0.00
14:04:19.069 -> 28.29, 33.29, 1.83, 0.00, 211, 0, -0.00, 0.00
14:04:20.100 -> 28.29, 33.29, 1.83, 0.00, 211, 0, -0.00, 0.00
14:04:21.108 -> 28.29, 33.29, 1.83, 0.00, 211, 0, 0.04, 0.00
14:04:22.138 -> 28.29, 33.29, 1.83, 0.00, 211, 0, -0.00, 0.00
14:04:23.163 -> 28.29, 33.29, 1.83, 0.00, 211, 0, -0.00, 0.00
14:04:24.187 -> 28.29, 33.29, 1.83, 0.00, 211, 0, -0.00, 0.00
14:04:25.204 -> 28.38, 33.38, 1.92, 0.09, 215, 0, -0.00, 0.00
14:04:26.232 -> 28.38, 33.38, 1.92, 0.00, 214, 0, -0.00, 0.00
14:04:27.272 -> 28.38, 33.38, 1.92, 0.00, 214, 0, -0.00, 0.00
14:04:28.266 -> 28.38, 33.38, 1.92, 0.00, 214, 0, -0.00, 0.00
14:04:29.300 -> 28.38, 33.38, 1.92, 0.00, 214, 0, -0.00, 0.00
14:04:30.322 -> 28.38, 33.38, 1.92, 0.00, 214, 0, -0.00, 0.00
14:04:31.348 -> 28.38, 33.38, 1.92, 0.00, 214, 0, 0.04, 0.00
14:04:32.356 -> 28.38, 33.38, 1.92, 0.00, 214, 0, -0.00, 0.00
14:04:33.382 -> 28.38, 33.38, 1.92, 0.00, 214, 0, -0.00, 0.00
14:04:34.414 -> 28.38, 33.38, 1.92, 0.00, 214, 0, -0.00, 0.00
14:04:35.446 -> 28.38, 33.38, 1.92, 0.00, 214, 0, -0.00, 0.00
14:04:36.447 -> 28.38, 33.38, 1.92, 0.00, 214, 0, 0.04, 0.00
14:04:37.476 -> 28.47, 33.47, 2.02, 0.09, 218, 0, -0.00, 0.00
14:04:38.498 -> 28.47, 33.47, 2.02, 0.00, 217, 0, 0.04, 0.00
14:04:39.537 -> 28.47, 33.47, 2.02, 0.00, 217, 0, -0.00, 0.00
14:04:40.546 -> 28.47, 33.47, 2.02, 0.00, 217, 0, -0.00, 0.00
14:04:41.574 -> 28.47, 33.47, 2.02, 0.00, 217, 0, 0.04, 0.00
14:04:42.599 -> 28.47, 33.47, 2.02, 0.00, 217, 0, 0.04, 0.00
14:04:43.638 -> 28.47, 33.47, 2.02, 0.00, 217, 0, -0.00, 0.00
14:04:44.636 -> 28.47, 33.47, 2.02, 0.00, 217, 0, -0.00, 0.00
14:04:45.677 -> 28.47, 33.47, 2.02, 0.00, 217, 0, -0.00, 0.00
14:04:46.682 -> 28.47, 33.47, 2.02, 0.00, 217, 0, -0.00, 0.00
14:04:47.699 -> 28.47, 33.47, 2.02, 0.00, 217, 0, -0.00, 0.00
14:04:48.756 -> 28.47, 33.47, 2.02, 0.00, 217, 0, -0.00, 0.00
14:04:49.771 -> 28.47, 33.47, 2.02, 0.00, 217, 0, -0.00, 0.00
14:04:50.791 -> 28.47, 33.47, 2.02, 0.00, 217, 0, -0.00, 0.00
14:04:51.797 -> 28.47, 33.47, 2.02, 0.00, 217, 0, 0.04, 0.00
14:04:52.835 -> 28.47, 33.47, 2.02, 0.00, 217, 0, -0.00, 0.00
14:04:53.866 -> 28.47, 33.47, 2.02, 0.00, 217, 0, -0.00, 0.00
14:04:54.865 -> 28.47, 33.47, 2.02, 0.00, 217, 0, -0.00, 0.00
14:04:55.886 -> 28.47, 33.47, 2.02, 0.00, 217, 0, 0.04, 0.00
14:04:56.907 -> 28.47, 33.47, 2.02, 0.00, 217, 0, -0.00, 0.00
14:04:57.960 -> 28.47, 33.47, 2.02, 0.00, 217, 0, -0.00, 0.00
14:04:58.983 -> 28.47, 33.47, 2.02, 0.00, 217, 0, 0.04, 0.00
14:05:00.003 -> 28.47, 33.47, 2.02, 0.00, 217, 0, -0.00, 0.00
14:05:01.022 -> 28.47, 33.47, 2.02, 0.00, 217, 0, -0.00, 0.00
14:05:02.044 -> 28.47, 33.47, 2.02, 0.00, 217, 0, 0.04, 0.00
14:05:03.061 -> 28.47, 33.47, 2.02, 0.00, 217, 0, -0.00, 0.00
14:05:04.077 -> 28.47, 33.47, 2.02, 0.00, 217, 0, -0.00, 0.00
14:05:05.113 -> 28.56, 33.56, 2.11, 0.09, 221, 0, -0.00, 0.00
14:05:06.114 -> 28.56, 33.56, 2.11, 0.00, 220, 0, -0.00, 0.00
14:05:07.220 -> 28.56, 33.56, 2.11, 0.00, 220, 0, -0.00, 0.00
14:05:08.165 -> 28.56, 33.56, 2.11, 0.00, 220, 0, -0.00, 0.00
14:05:09.192 -> 28.56, 33.56, 2.11, 0.00, 220, 0, -0.00, 0.00
14:05:10.209 -> 28.56, 33.56, 2.11, 0.00, 220, 0, 0.04, 0.00
14:05:11.244 -> 28.56, 33.56, 2.11, 0.00, 220, 0, -0.00, 0.00
14:05:12.271 -> 28.56, 33.56, 2.11, 0.00, 220, 0, -0.00, 0.00
14:05:13.289 -> 28.56, 33.56, 2.11, 0.00, 220, 0, -0.00, 0.00
14:05:14.309 -> 28.56, 33.56, 2.11, 0.00, 220, 0, 0.04, 0.00
14:05:15.331 -> 28.56, 33.56, 2.11, 0.00, 220, 0, -0.00, 0.00
14:05:16.347 -> 28.56, 33.56, 2.11, 0.00, 220, 0, -0.00, 0.00
14:05:17.389 -> 28.56, 33.56, 2.11, 0.00, 220, 0, -0.00, 0.00
14:05:18.416 -> 28.56, 33.56, 2.11, 0.00, 220, 0, -0.00, 0.00
14:05:19.444 -> 28.56, 33.56, 2.11, 0.00, 220, 0, -0.00, 0.00
14:05:20.465 -> 28.56, 33.56, 2.11, 0.00, 220, 0, -0.00, 0.00
14:05:21.485 -> 28.56, 33.56, 2.11, 0.00, 220, 0, -0.00, 0.00
14:05:22.504 -> 28.56, 33.56, 2.11, 0.00, 220, 0, 0.04, 0.00
14:05:23.513 -> 28.56, 33.56, 2.11, 0.00, 220, 0, -0.00, 0.00
14:05:24.525 -> 28.56, 33.56, 2.11, 0.00, 220, 0, 0.04, 0.00
14:05:25.579 -> 28.56, 33.56, 2.11, 0.00, 220, 0, 0.04, 0.00
14:05:26.598 -> 28.56, 33.56, 2.11, 0.00, 220, 0, -0.00, 0.00
14:05:27.603 -> 28.56, 33.56, 2.11, 0.00, 220, 0, -0.00, 0.00
14:05:28.645 -> 28.65, 33.65, 2.20, 0.09, 224, 0, -0.00, 0.00
14:05:29.663 -> 28.56, 33.56, 2.11, -0.09, 219, 0, -0.00, 0.00
14:05:30.698 -> 28.56, 33.56, 2.11, 0.00, 220, 0, 0.04, 0.00
14:05:31.726 -> 28.65, 33.65, 2.20, 0.09, 224, 0, -0.00, 0.00
14:05:32.742 -> 28.65, 33.65, 2.20, 0.00, 223, 0, -0.00, 0.00
14:05:33.753 -> 28.65, 33.65, 2.20, 0.00, 223, 0, -0.00, 0.00
14:05:34.781 -> 28.65, 33.65, 2.20, 0.00, 223, 0, -0.00, 0.00
14:05:35.804 -> 28.65, 33.65, 2.20, 0.00, 223, 0, -0.00, 0.00
14:05:36.809 -> 28.65, 33.65, 2.20, 0.00, 223, 0, 0.04, 0.00
14:05:37.830 -> 28.65, 33.65, 2.20, 0.00, 223, 0, -0.00, 0.00
14:05:38.859 -> 28.65, 33.65, 2.20, 0.00, 223, 0, -0.00, 0.00
14:05:39.907 -> 28.65, 33.65, 2.20, 0.00, 223, 0, -0.00, 0.00
14:05:40.917 -> 28.65, 33.65, 2.20, 0.00, 223, 0, -0.00, 0.00
14:05:41.930 -> 28.65, 33.65, 2.20, 0.00, 223, 0, -0.00, 0.00
14:05:42.951 -> 28.65, 33.65, 2.20, 0.00, 223, 0, -0.00, 0.00
14:05:43.985 -> 28.65, 33.65, 2.20, 0.00, 223, 0, -0.00, 0.00
14:05:44.992 -> 28.65, 33.65, 2.20, 0.00, 223, 0, -0.00, 0.00
14:05:46.033 -> 28.65, 33.65, 2.20, 0.00, 223, 0, -0.00, 0.00
14:05:47.047 -> 28.65, 33.65, 2.20, 0.00, 223, 0, -0.00, 0.00
14:05:48.059 -> 28.65, 33.65, 2.20, 0.00, 223, 0, 0.04, 0.00
14:05:49.082 -> 28.65, 33.65, 2.20, 0.00, 223, 0, -0.00, 0.00
14:05:50.138 -> 28.65, 33.65, 2.20, 0.00, 223, 0, -0.00, 0.00
14:05:51.155 -> 28.65, 33.65, 2.20, 0.00, 223, 0, 0.04, 0.00
14:05:52.173 -> 28.65, 33.65, 2.20, 0.00, 223, 0, -0.00, 0.00
14:05:53.211 -> 28.65, 33.65, 2.20, 0.00, 223, 0, -0.00, 0.00
14:05:54.231 -> 28.65, 33.65, 2.20, 0.00, 223, 0, 0.04, 0.00
14:05:55.223 -> 28.65, 33.65, 2.20, 0.00, 223, 0, -0.00, 0.00
14:05:56.280 -> 28.65, 33.65, 2.20, 0.00, 223, 0, -0.00, 0.00
14:05:57.271 -> 28.65, 33.65, 2.20, 0.00, 223, 0, -0.00, 0.00
14:05:58.320 -> 28.65, 33.65, 2.20, 0.00, 223, 0, -0.00, 0.00
14:05:59.344 -> 28.65, 33.65, 2.20, 0.00, 223, 0, -0.00, 0.00
14:06:00.336 -> 28.65, 33.65, 2.20, 0.00, 223, 0, -0.00, 0.00
14:06:01.365 -> 28.65, 33.65, 2.20, 0.00, 223, 0, -0.00, 0.00
14:06:02.410 -> 28.65, 33.65, 2.20, 0.00, 223, 0, -0.00, 0.00
14:06:03.432 -> 28.65, 33.65, 2.20, 0.00, 223, 0, 0.04, 0.00
14:06:04.452 -> 28.65, 33.65, 2.20, 0.00, 223, 0, 0.04, 0.00
14:06:05.477 -> 28.65, 33.65, 2.20, 0.00, 223, 0, 0.04, 0.00
14:06:06.504 -> 28.65, 33.65, 2.20, 0.00, 223, 0, -0.00, 0.00
14:06:07.522 -> 28.65, 33.65, 2.20, 0.00, 223, 0, -0.00, 0.00
14:06:08.539 -> 28.65, 33.65, 2.20, 0.00, 223, 0, -0.00, 0.00
14:06:09.572 -> 28.65, 33.65, 2.20, 0.00, 223, 0, -0.00, 0.00
14:06:10.586 -> 28.65, 33.65, 2.20, 0.00, 223, 0, 0.04, 0.00
14:06:11.609 -> 28.65, 33.65, 2.20, 0.00, 223, 0, -0.00, 0.00
14:06:12.625 -> 28.65, 33.65, 2.20, 0.00, 223, 0, -0.00, 0.00
14:06:13.670 -> 28.65, 33.65, 2.20, 0.00, 223, 0, -0.00, 0.00
14:06:14.661 -> 28.65, 33.65, 2.20, 0.00, 223, 0, -0.00, 0.00
14:06:15.715 -> 28.65, 33.65, 2.20, 0.00, 223, 0, -0.00, 0.00
14:06:16.741 -> 28.65, 33.65, 2.20, 0.00, 223, 0, -0.00, 0.00
14:06:17.734 -> 28.65, 33.65, 2.20, 0.00, 223, 0, -0.00, 0.00
14:06:18.783 -> 28.65, 33.65, 2.20, 0.00, 223, 0, -0.00, 0.00
14:06:19.806 -> 28.65, 33.65, 2.20, 0.00, 223, 0, -0.00, 0.00
14:06:20.817 -> 28.65, 33.65, 2.20, 0.00, 223, 0, 0.04, 0.00
14:06:21.824 -> 28.65, 33.65, 2.20, 0.00, 223, 0, -0.00, 0.00
14:06:22.848 -> 28.65, 33.65, 2.20, 0.00, 223, 0, -0.00, 0.00
14:06:23.906 -> 28.65, 33.65, 2.20, 0.00, 223, 0, -0.00, 0.00
14:06:24.895 -> 28.65, 33.65, 2.20, 0.00, 223, 0, -0.00, 0.00
14:06:25.918 -> 28.65, 33.65, 2.20, 0.00, 223, 0, 0.04, 0.00
14:06:26.941 -> 28.65, 33.65, 2.20, 0.00, 223, 0, -0.00, 0.00
14:06:27.963 -> 28.65, 33.65, 2.20, 0.00, 223, 0, -0.00, 0.00
14:06:28.987 -> 28.65, 33.65, 2.20, 0.00, 223, 0, -0.00, 0.00
14:06:30.008 -> 28.65, 33.65, 2.20, 0.00, 223, 0, -0.00, 0.00
14:06:31.057 -> 28.65, 33.65, 2.20, 0.00, 223, 0, -0.00, 0.00
14:06:32.071 -> 28.65, 33.65, 2.20, 0.00, 223, 0, -0.00, 0.00
14:06:33.091 -> 28.65, 33.65, 2.20, 0.00, 223, 0, -0.00, 0.00
14:06:34.131 -> 28.65, 33.65, 2.20, 0.00, 223, 0, -0.00, 0.00
14:06:35.131 -> 28.65, 33.65, 2.20, 0.00, 223, 0, -0.00, 0.00
14:06:36.155 -> 28.65, 33.65, 2.20, 0.00, 223, 0, -0.00, 0.00
14:06:37.204 -> 28.65, 33.65, 2.20, 0.00, 223, 0, -0.00, 0.00
14:06:38.220 -> 28.65, 33.65, 2.20, 0.00, 223, 0, -0.00, 0.00
14:06:39.227 -> 28.65, 33.65, 2.20, 0.00, 223, 0, -0.00, 0.00
14:06:40.272 -> 28.65, 33.65, 2.20, 0.00, 223, 0, 0.04, 0.00
14:06:41.266 -> 28.65, 33.65, 2.20, 0.00, 223, 0, -0.00, 0.00
14:06:42.292 -> 28.65, 33.65, 2.20, 0.00, 223, 0, -0.00, 0.00
14:06:43.316 -> 28.65, 33.65, 2.20, 0.00, 223, 0, -0.00, 0.00
14:06:44.360 -> 28.65, 33.65, 2.20, 0.00, 223, 0, -0.00, 0.00
14:06:45.380 -> 28.65, 33.65, 2.20, 0.00, 223, 0, -0.00, 0.00
14:06:46.392 -> 28.65, 33.65, 2.20, 0.00, 223, 0, -0.00, 0.00
14:06:47.413 -> 28.65, 33.65, 2.20, 0.00, 223, 0, -0.00, 0.00
14:06:48.459 -> 28.65, 33.65, 2.20, 0.00, 223, 0, -0.00, 0.00
14:06:49.451 -> 28.65, 33.65, 2.20, 0.00, 223, 0, -0.00, 0.00
14:06:50.476 -> 28.65, 33.65, 2.20, 0.00, 223, 0, -0.00, 0.00
14:06:51.502 -> 28.65, 33.65, 2.20, 0.00, 223, 0, 0.04, 0.00
14:06:52.539 -> 28.65, 33.65, 2.20, 0.00, 223, 0, -0.00, 0.00
14:06:53.553 -> 28.65, 33.65, 2.20, 0.00, 223, 0, -0.00, 0.00
14:06:54.569 -> 28.65, 33.65, 2.20, 0.00, 223, 0, 0.04, 0.00
14:06:55.602 -> 28.65, 33.65, 2.20, 0.00, 223, 0, -0.00, 0.00
14:06:56.627 -> 28.65, 33.65, 2.20, 0.00, 223, 0, 0.04, 0.00
14:06:57.636 -> 28.65, 33.65, 2.20, 0.00, 223, 0, 0.04, 0.00
14:06:58.664 -> 28.65, 33.65, 2.20, 0.00, 223, 0, -0.00, 0.00
14:06:59.704 -> 28.65, 33.65, 2.20, 0.00, 223, 0, 0.04, 0.00
14:07:00.733 -> 28.65, 33.65, 2.20, 0.00, 223, 0, -0.00, 0.00
14:07:01.730 -> 28.65, 33.65, 2.20, 0.00, 223, 0, -0.00, 0.00
14:07:02.752 -> 28.65, 33.65, 2.20, 0.00, 223, 0, -0.00, 0.00
14:07:03.804 -> 28.65, 33.65, 2.20, 0.00, 223, 0, -0.00, 0.00
14:07:04.804 -> 28.65, 33.65, 2.20, 0.00, 223, 0, -0.00, 0.00
14:07:05.828 -> 28.65, 33.65, 2.20, 0.00, 223, 0, -0.00, 0.00
14:07:06.846 -> 28.65, 33.65, 2.20, 0.00, 223, 0, -0.00, 0.00
14:07:07.880 -> 28.65, 33.65, 2.20, 0.00, 223, 0, -0.00, 0.00
14:07:08.906 -> 28.65, 33.65, 2.20, 0.00, 223, 0, 0.04, 0.00
14:07:09.923 -> 28.65, 33.65, 2.20, 0.00, 223, 0, -0.00, 0.00
14:07:10.968 -> 28.65, 33.65, 2.20, 0.00, 223, 0, -0.00, 0.00
14:07:11.991 -> 28.65, 33.65, 2.20, 0.00, 223, 0, 0.04, 0.00
14:07:12.999 -> 28.65, 33.65, 2.20, 0.00, 223, 0, -0.00, 0.00
14:07:14.038 -> 28.65, 33.65, 2.20, 0.00, 223, 0, -0.00, 0.00
14:07:15.030 -> 28.65, 33.65, 2.20, 0.00, 223, 0, -0.00, 0.00
14:07:16.054 -> 28.65, 33.65, 2.20, 0.00, 223, 0, -0.00, 0.00
14:07:17.078 -> 28.65, 33.65, 2.20, 0.00, 223, 0, -0.00, 0.00
14:07:18.105 -> 28.65, 33.65, 2.20, 0.00, 223, 0, -0.00, 0.00
14:07:19.136 -> 28.65, 33.65, 2.20, 0.00, 223, 0, -0.00, 0.00
14:07:20.156 -> 28.65, 33.65, 2.20, 0.00, 223, 0, -0.00, 0.00
14:07:21.194 -> 28.65, 33.65, 2.20, 0.00, 223, 0, 0.04, 0.00
14:07:22.220 -> 28.65, 33.65, 2.20, 0.00, 223, 0, -0.00, 0.00
14:07:23.235 -> 28.65, 33.65, 2.20, 0.00, 223, 0, -0.00, 0.00
14:07:24.255 -> 28.65, 33.65, 2.20, 0.00, 223, 0, -0.00, 0.00
14:07:25.287 -> 28.65, 33.65, 2.20, 0.00, 223, 0, -0.00, 0.00
14:07:26.287 -> 28.65, 33.65, 2.20, 0.00, 223, 0, -0.00, 0.00
14:07:27.332 -> 28.65, 33.65, 2.20, 0.00, 223, 0, 0.04, 0.00
14:07:28.335 -> 28.56, 33.56, 2.11, -0.09, 219, 0, 0.04, 0.00
14:07:29.384 -> 28.65, 33.65, 2.20, 0.09, 224, 0, -0.00, 0.00
14:07:30.380 -> 28.56, 33.56, 2.11, -0.09, 219, 0, -0.00, 0.00
14:07:31.407 -> 28.56, 33.56, 2.11, 0.00, 220, 0, 0.04, 0.00
14:07:32.451 -> 28.56, 33.56, 2.11, 0.00, 220, 0, -0.00, 0.00
14:07:33.467 -> 28.56, 33.56, 2.11, 0.00, 220, 0, -0.00, 0.00
14:07:34.490 -> 28.56, 33.56, 2.11, 0.00, 220, 0, -0.00, 0.00
14:07:35.496 -> 28.56, 33.56, 2.11, 0.00, 220, 0, -0.00, 0.00
14:07:36.527 -> 28.56, 33.56, 2.11, 0.00, 220, 0, -0.00, 0.00
14:07:37.559 -> 28.56, 33.56, 2.11, 0.00, 220, 0, -0.00, 0.00
14:07:38.591 -> 28.56, 33.56, 2.11, 0.00, 220, 0, -0.00, 0.00
14:07:39.585 -> 28.56, 33.56, 2.11, 0.00, 220, 0, 0.04, 0.00
14:07:40.608 -> 28.56, 33.56, 2.11, 0.00, 220, 0, -0.00, 0.00
14:07:41.660 -> 28.56, 33.56, 2.11, 0.00, 220, 0, -0.00, 0.00
14:07:42.684 -> 28.56, 33.56, 2.11, 0.00, 220, 0, -0.00, 0.00
14:07:43.704 -> 28.56, 33.56, 2.11, 0.00, 220, 0, -0.00, 0.00
14:07:44.709 -> 28.56, 33.56, 2.11, 0.00, 220, 0, -0.00, 0.00
14:07:45.747 -> 28.56, 33.56, 2.11, 0.00, 220, 0, 0.04, 0.00
14:07:46.752 -> 28.56, 33.56, 2.11, 0.00, 220, 0, -0.00, 0.00
14:07:47.778 -> 28.56, 33.56, 2.11, 0.00, 220, 0, -0.00, 0.00
14:07:48.825 -> 28.56, 33.56, 2.11, 0.00, 220, 0, -0.00, 0.00
14:07:49.842 -> 28.56, 33.56, 2.11, 0.00, 220, 0, -0.00, 0.00
14:07:50.855 -> 28.56, 33.56, 2.11, 0.00, 220, 0, -0.00, 0.00
14:07:51.870 -> 28.56, 33.56, 2.11, 0.00, 220, 0, -0.00, 0.00
14:07:52.895 -> 28.56, 33.56, 2.11, 0.00, 220, 0, -0.00, 0.00
14:07:53.928 -> 28.56, 33.56, 2.11, 0.00, 220, 0, -0.00, 0.00
14:07:54.932 -> 28.56, 33.56, 2.11, 0.00, 220, 0, -0.00, 0.00
14:07:55.969 -> 28.56, 33.56, 2.11, 0.00, 220, 0, -0.00, 0.00
14:07:56.993 -> 28.56, 33.56, 2.11, 0.00, 220, 0, -0.00, 0.00
14:07:58.015 -> 28.56, 33.56, 2.11, 0.00, 220, 0, -0.00, 0.00
14:07:59.043 -> 28.56, 33.56, 2.11, 0.00, 220, 0, 0.04, 0.00
14:08:00.046 -> 28.56, 33.56, 2.11, 0.00, 220, 0, 0.04, 0.00
14:08:01.102 -> 28.56, 33.56, 2.11, 0.00, 220, 0, -0.00, 0.00
14:08:02.126 -> 28.56, 33.56, 2.11, 0.00, 220, 0, -0.00, 0.00
14:08:03.146 -> 28.47, 33.47, 2.02, -0.09, 216, 0, -0.00, 0.00
14:08:04.169 -> 28.47, 33.47, 2.02, 0.00, 217, 0, -0.00, 0.00
14:08:05.198 -> 28.47, 33.47, 2.02, 0.00, 217, 0, -0.00, 0.00
14:08:06.195 -> 28.47, 33.47, 2.02, 0.00, 217, 0, -0.00, 0.00
14:08:07.212 -> 28.47, 33.47, 2.02, 0.00, 217, 0, -0.00, 0.00
14:08:08.250 -> 28.47, 33.47, 2.02, 0.00, 217, 0, -0.00, 0.00
14:08:09.280 -> 28.47, 33.47, 2.02, 0.00, 217, 0, -0.00, 0.00
14:08:10.278 -> 28.47, 33.47, 2.02, 0.00, 217, 0, -0.00, 0.00
14:08:11.307 -> 28.47, 33.47, 2.02, 0.00, 217, 0, -0.00, 0.00
14:08:12.329 -> 28.47, 33.47, 2.02, 0.00, 217, 0, -0.00, 0.00
14:08:13.362 -> 28.47, 33.47, 2.02, 0.00, 217, 0, -0.00, 0.00
14:08:14.392 -> 28.47, 33.47, 2.02, 0.00, 217, 0, -0.00, 0.00
14:08:15.425 -> 28.47, 33.47, 2.02, 0.00, 217, 0, -0.00, 0.00
14:08:16.445 -> 28.47, 33.47, 2.02, 0.00, 217, 0, -0.00, 0.00
14:08:17.441 -> 28.47, 33.47, 2.02, 0.00, 217, 0, 0.04, 0.00
14:08:18.499 -> 28.47, 33.47, 2.02, 0.00, 217, 0, 0.04, 0.00
14:08:19.502 -> 28.47, 33.47, 2.02, 0.00, 217, 0, -0.00, 0.00
14:08:20.530 -> 28.47, 33.47, 2.02, 0.00, 217, 0, -0.00, 0.00
14:08:21.562 -> 28.47, 33.47, 2.02, 0.00, 217, 0, -0.00, 0.00
14:08:22.559 -> 28.47, 33.47, 2.02, 0.00, 217, 0, -0.00, 0.00
14:08:23.604 -> 28.47, 33.47, 2.02, 0.00, 217, 0, -0.00, 0.00
14:08:24.622 -> 28.47, 33.47, 2.02, 0.00, 217, 0, -0.00, 0.00
14:08:25.626 -> 28.47, 33.47, 2.02, 0.00, 217, 0, -0.00, 0.00
14:08:26.678 -> 28.47, 33.47, 2.02, 0.00, 217, 0, -0.00, 0.00
14:08:27.695 -> 28.47, 33.47, 2.02, 0.00, 217, 0, -0.00, 0.00
14:08:28.710 -> 28.47, 33.47, 2.02, 0.00, 217, 0, -0.00, 0.00
14:08:29.723 -> 28.47, 33.47, 2.02, 0.00, 217, 0, -0.00, 0.00
14:08:30.759 -> 28.47, 33.47, 2.02, 0.00, 217, 0, -0.00, 0.00
14:08:31.778 -> 28.38, 33.38, 1.92, -0.09, 213, 0, -0.00, 0.00
14:08:32.819 -> 28.38, 33.38, 1.92, 0.00, 214, 0, -0.00, 0.00
14:08:33.822 -> 28.38, 33.38, 1.92, 0.00, 214, 0, -0.00, 0.00
14:08:34.851 -> 28.38, 33.38, 1.92, 0.00, 214, 0, -0.00, 0.00
14:08:35.885 -> 28.38, 33.38, 1.92, 0.00, 214, 0, -0.00, 0.00
14:08:36.882 -> 28.38, 33.38, 1.92, 0.00, 214, 0, 0.04, 0.00
14:08:37.919 -> 28.38, 33.38, 1.92, 0.00, 214, 0, 0.04, 0.00
14:08:38.956 -> 28.38, 33.38, 1.92, 0.00, 214, 0, -0.00, 0.00
14:08:39.948 -> 28.38, 33.38, 1.92, 0.00, 214, 0, -0.00, 0.00
14:08:40.973 -> 28.38, 33.38, 1.92, 0.00, 214, 0, -0.00, 0.00
14:08:42.014 -> 28.38, 33.38, 1.92, 0.00, 214, 0, -0.00, 0.00
14:08:43.051 -> 28.38, 33.38, 1.92, 0.00, 214, 0, -0.00, 0.00
14:08:44.044 -> 28.38, 33.38, 1.92, 0.00, 214, 0, -0.00, 0.00
14:08:45.080 -> 28.38, 33.38, 1.92, 0.00, 214, 0, -0.00, 0.00
14:08:46.108 -> 28.38, 33.38, 1.92, 0.00, 214, 0, -0.00, 0.00
14:08:47.112 -> 28.38, 33.38, 1.92, 0.00, 214, 0, 0.04, 0.00
14:08:48.139 -> 28.38, 33.38, 1.92, 0.00, 214, 0, 0.04, 0.00
14:08:49.189 -> 28.38, 33.38, 1.92, 0.00, 214, 0, -0.00, 0.00
14:08:50.188 -> 28.29, 33.29, 1.83, -0.09, 210, 0, -0.00, 0.00
14:08:51.229 -> 28.38, 33.38, 1.92, 0.09, 215, 0, -0.00, 0.00
14:08:52.253 -> 28.29, 33.29, 1.83, -0.09, 210, 0, -0.00, 0.00
14:08:53.277 -> 28.29, 33.29, 1.83, 0.00, 211, 0, -0.00, 0.00
14:08:54.289 -> 28.29, 33.29, 1.83, 0.00, 211, 0, -0.00, 0.00
14:08:55.299 -> 28.29, 33.29, 1.83, 0.00, 211, 0, -0.00, 0.00
14:08:56.328 -> 28.29, 33.29, 1.83, 0.00, 211, 0, -0.00, 0.00
14:08:57.377 -> 28.29, 33.29, 1.83, 0.00, 211, 0, -0.00, 0.00
14:08:58.399 -> 28.29, 33.29, 1.83, 0.00, 211, 0, -0.00, 0.00
14:08:59.419 -> 28.29, 33.29, 1.83, 0.00, 211, 0, -0.00, 0.00
14:09:00.445 -> 28.29, 33.29, 1.83, 0.00, 211, 0, -0.00, 0.00
14:09:01.445 -> 28.29, 33.29, 1.83, 0.00, 211, 0, 0.04, 0.00
14:09:02.461 -> 28.29, 33.29, 1.83, 0.00, 211, 0, -0.00, 0.00
14:09:03.489 -> 28.29, 33.29, 1.83, 0.00, 211, 0, 0.04, 0.00
14:09:04.507 -> 28.29, 33.29, 1.83, 0.00, 211, 0, 0.04, 0.00
14:09:05.540 -> 28.29, 33.29, 1.83, 0.00, 211, 0, -0.00, 0.00
14:09:06.582 -> 28.29, 33.29, 1.83, 0.00, 211, 0, -0.00, 0.00
14:09:07.607 -> 28.29, 33.29, 1.83, 0.00, 211, 0, -0.00, 0.00
14:09:08.610 -> 28.29, 33.29, 1.83, 0.00, 211, 0, 0.04, 0.00
14:09:09.625 -> 28.29, 33.29, 1.83, 0.00, 211, 0, -0.00, 0.00
14:09:10.648 -> 28.20, 33.20, 1.74, -0.09, 207, 0, -0.00, 0.00
14:09:11.684 -> 28.29, 33.29, 1.83, 0.09, 212, 0, -0.00, 0.00
14:09:12.701 -> 28.20, 33.20, 1.74, -0.09, 207, 0, -0.00, 0.00
14:09:13.742 -> 28.20, 33.20, 1.74, 0.00, 208, 0, -0.00, 0.00
14:09:14.769 -> 28.20, 33.20, 1.74, 0.00, 208, 0, -0.00, 0.00
14:09:15.773 -> 28.20, 33.20, 1.74, 0.00, 208, 0, -0.00, 0.00
14:09:16.798 -> 28.20, 33.20, 1.74, 0.00, 208, 0, -0.00, 0.00
14:09:17.834 -> 28.20, 33.20, 1.74, 0.00, 208, 0, -0.00, 0.00
14:09:18.838 -> 28.20, 33.20, 1.74, 0.00, 208, 0, -0.00, 0.00
14:09:19.883 -> 28.20, 33.20, 1.74, 0.00, 208, 0, -0.00, 0.00
14:09:20.880 -> 28.20, 33.20, 1.74, 0.00, 208, 0, -0.00, 0.00
14:09:21.918 -> 28.20, 33.20, 1.74, 0.00, 208, 0, -0.00, 0.00
14:09:22.932 -> 28.20, 33.20, 1.74, 0.00, 208, 0, 0.04, 0.00
14:09:23.979 -> 28.20, 33.20, 1.74, 0.00, 208, 0, -0.00, 0.00
14:09:24.995 -> 28.20, 33.20, 1.74, 0.00, 208, 0, -0.00, 0.00
14:09:26.013 -> 28.20, 33.20, 1.74, 0.00, 208, 0, -0.00, 0.00
14:09:27.017 -> 28.20, 33.20, 1.74, 0.00, 208, 0, -0.00, 0.00
14:09:28.050 -> 28.20, 33.20, 1.74, 0.00, 208, 0, -0.00, 0.00
14:09:29.069 -> 28.20, 33.20, 1.74, 0.00, 208, 0, -0.00, 0.00
14:09:30.107 -> 28.10, 33.10, 1.65, -0.09, 204, 0, -0.00, 0.00
14:09:31.116 -> 28.10, 33.10, 1.65, 0.00, 205, 0, -0.00, 0.00
14:09:32.151 -> 28.10, 33.10, 1.65, 0.00, 205, 0, -0.00, 0.00
14:09:33.183 -> 28.10, 33.10, 1.65, 0.00, 205, 0, -0.00, 0.00
14:09:34.212 -> 28.10, 33.10, 1.65, 0.00, 205, 0, -0.00, 0.00
14:09:35.232 -> 28.10, 33.10, 1.65, 0.00, 205, 0, -0.00, 0.00
14:09:36.256 -> 28.10, 33.10, 1.65, 0.00, 205, 0, 0.04, 0.00
14:09:37.269 -> 28.10, 33.10, 1.65, 0.00, 205, 0, -0.00, 0.00
14:09:38.300 -> 28.10, 33.10, 1.65, 0.00, 205, 0, -0.00, 0.00
14:09:39.324 -> 28.10, 33.10, 1.65, 0.00, 205, 0, -0.00, 0.00
14:09:40.328 -> 28.10, 33.10, 1.65, 0.00, 205, 0, -0.00, 0.00
14:09:41.366 -> 28.10, 33.10, 1.65, 0.00, 205, 0, -0.00, 0.00
14:09:42.372 -> 28.01, 33.01, 1.56, -0.09, 204, 0, -0.00, 0.00
14:09:43.388 -> 28.10, 33.10, 1.65, 0.09, 206, 0, -0.00, 0.00
14:09:44.408 -> 28.10, 33.10, 1.65, 0.00, 205, 0, -0.00, 0.00
14:09:45.452 -> 28.10, 33.10, 1.65, 0.00, 205, 0, -0.00, 0.00
14:09:46.475 -> 28.01, 33.01, 1.56, -0.09, 204, 0, -0.00, 0.00
14:09:47.485 -> 28.10, 33.10, 1.65, 0.09, 206, 0, -0.00, 0.00
14:09:48.508 -> 28.01, 33.01, 1.56, -0.09, 204, 0, -0.00, 0.00
14:09:49.537 -> 28.01, 33.01, 1.56, 0.00, 205, 0, -0.00, 0.00
14:09:50.569 -> 28.01, 33.01, 1.56, 0.00, 205, 0, -0.00, 0.00
14:09:51.605 -> 28.01, 33.01, 1.56, 0.00, 205, 0, 0.04, 0.00
14:09:52.596 -> 28.01, 33.01, 1.56, 0.00, 205, 0, 0.04, 0.00
14:09:53.637 -> 28.01, 33.01, 1.56, 0.00, 205, 0, -0.00, 0.00
14:09:54.661 -> 28.01, 33.01, 1.56, 0.00, 205, 0, -0.00, 0.00
14:09:55.668 -> 28.01, 33.01, 1.56, 0.00, 205, 0, 0.04, 0.00
14:09:56.710 -> 28.01, 33.01, 1.56, 0.00, 205, 0, -0.00, 0.00
14:09:57.712 -> 28.01, 33.01, 1.56, 0.00, 205, 0, -0.00, 0.00
14:09:58.749 -> 28.01, 33.01, 1.56, 0.00, 205, 0, -0.00, 0.00
14:09:59.775 -> 28.01, 33.01, 1.56, 0.00, 205, 0, 0.04, 0.00
14:10:00.795 -> 27.92, 32.92, 1.47, -0.09, 201, 0, -0.00, 0.00
14:10:01.817 -> 28.01, 33.01, 1.56, 0.09, 206, 0, -0.00, 0.00
14:10:02.845 -> 27.92, 32.92, 1.47, -0.09, 201, 0, -0.00, 0.00
14:10:03.878 -> 28.01, 33.01, 1.56, 0.09, 206, 0, -0.00, 0.00
14:10:04.902 -> 27.92, 32.92, 1.47, -0.09, 201, 0, -0.00, 0.00
14:10:05.926 -> 27.92, 32.92, 1.47, 0.00, 202, 0, -0.00, 0.00
14:10:06.931 -> 27.92, 32.92, 1.47, 0.00, 202, 0, -0.00, 0.00
14:10:07.970 -> 27.92, 32.92, 1.47, 0.00, 202, 0, 0.04, 0.00
14:10:08.975 -> 27.92, 32.92, 1.47, 0.00, 202, 0, 0.04, 0.00
14:10:10.012 -> 27.92, 32.92, 1.47, 0.00, 202, 0, -0.00, 0.00
14:10:11.051 -> 27.92, 32.92, 1.47, 0.00, 202, 0, -0.00, 0.00
14:10:12.046 -> 27.92, 32.92, 1.47, 0.00, 202, 0, -0.00, 0.00
14:10:13.068 -> 27.92, 32.92, 1.47, 0.00, 202, 0, -0.00, 0.00
14:10:14.092 -> 27.92, 32.92, 1.47, 0.00, 202, 0, -0.00, 0.00
14:10:15.122 -> 27.92, 32.92, 1.47, 0.00, 202, 0, -0.00, 0.00
14:10:16.144 -> 27.92, 32.92, 1.47, 0.00, 202, 0, 0.04, 0.00
14:10:17.157 -> 27.92, 32.92, 1.47, 0.00, 202, 0, -0.00, 0.00
14:10:18.177 -> 27.92, 32.92, 1.47, 0.00, 202, 0, -0.00, 0.00
14:10:19.235 -> 27.92, 32.92, 1.47, 0.00, 202, 0, -0.00, 0.00
14:10:20.241 -> 27.92, 32.92, 1.47, 0.00, 202, 0, -0.00, 0.00
14:10:21.246 -> 27.92, 32.92, 1.47, 0.00, 202, 0, -0.00, 0.00
14:10:22.281 -> 27.92, 32.92, 1.47, 0.00, 202, 0, -0.00, 0.00
14:10:23.319 -> 27.83, 32.83, 1.37, -0.09, 198, 0, 0.04, 0.00
14:10:24.343 -> 27.83, 32.83, 1.37, 0.00, 199, 0, -0.00, 0.00
14:10:25.349 -> 27.83, 32.83, 1.37, 0.00, 199, 0, -0.00, 0.00
14:10:26.370 -> 27.83, 32.83, 1.37, 0.00, 199, 0, -0.00, 0.00
14:10:27.397 -> 27.83, 32.83, 1.37, 0.00, 199, 0, -0.00, 0.00
14:10:28.411 -> 27.83, 32.83, 1.37, 0.00, 199, 0, 0.04, 0.00
14:10:29.442 -> 27.83, 32.83, 1.37, 0.00, 199, 0, -0.00, 0.00
14:10:30.480 -> 27.83, 32.83, 1.37, 0.00, 199, 0, -0.00, 0.00
14:10:31.490 -> 27.83, 32.83, 1.37, 0.00, 199, 0, -0.00, 0.00
14:10:32.522 -> 27.83, 32.83, 1.37, 0.00, 199, 0, -0.00, 0.00
14:10:33.555 -> 27.83, 32.83, 1.37, 0.00, 199, 0, -0.00, 0.00
14:10:34.561 -> 27.83, 32.83, 1.37, 0.00, 199, 0, 0.04, 0.00
14:10:35.586 -> 27.83, 32.83, 1.37, 0.00, 199, 0, -0.00, 0.00
14:10:36.609 -> 27.74, 32.74, 1.28, -0.09, 195, 0, -0.00, 0.00
14:10:37.647 -> 27.74, 32.74, 1.28, 0.00, 196, 0, -0.00, 0.00
14:10:38.648 -> 27.74, 32.74, 1.28, 0.00, 196, 0, -0.00, 0.00
14:10:39.684 -> 27.74, 32.74, 1.28, 0.00, 196, 0, -0.00, 0.00
14:10:40.704 -> 27.74, 32.74, 1.28, 0.00, 196, 0, 0.04, 0.00
14:10:41.740 -> 27.74, 32.74, 1.28, 0.00, 196, 0, -0.00, 0.00
14:10:42.745 -> 27.74, 32.74, 1.28, 0.00, 196, 0, 0.04, 0.00
14:10:43.776 -> 27.74, 32.74, 1.28, 0.00, 196, 0, -0.00, 0.00
14:10:44.780 -> 27.74, 32.74, 1.28, 0.00, 196, 0, -0.00, 0.00
14:10:45.805 -> 27.74, 32.74, 1.28, 0.00, 196, 0, -0.00, 0.00
14:10:46.858 -> 27.74, 32.74, 1.28, 0.00, 196, 0, -0.00, 0.00
14:10:47.853 -> 27.74, 32.74, 1.28, 0.00, 196, 0, -0.00, 0.00
14:10:48.888 -> 27.74, 32.74, 1.28, 0.00, 196, 0, -0.00, 0.00
14:10:49.919 -> 27.74, 32.74, 1.28, 0.00, 196, 0, -0.00, 0.00
14:10:50.942 -> 27.74, 32.74, 1.28, 0.00, 196, 0, -0.00, 0.00
14:10:51.973 -> 27.74, 32.74, 1.28, 0.00, 196, 0, -0.00, 0.00
14:10:52.985 -> 27.65, 32.65, 1.19, -0.09, 192, 0, -0.00, 0.00
14:10:54.009 -> 27.65, 32.65, 1.19, 0.00, 193, 0, -0.00, 0.00
14:10:55.025 -> 27.65, 32.65, 1.19, 0.00, 193, 0, -0.00, 0.00
14:10:56.057 -> 27.65, 32.65, 1.19, 0.00, 193, 0, -0.00, 0.00
14:10:57.056 -> 27.65, 32.65, 1.19, 0.00, 193, 0, -0.00, 0.00
14:10:58.105 -> 27.65, 32.65, 1.19, 0.00, 193, 0, 0.04, 0.00
14:10:59.106 -> 27.65, 32.65, 1.19, 0.00, 193, 0, 0.04, 0.00
14:11:00.126 -> 27.65, 32.65, 1.19, 0.00, 193, 0, -0.00, 0.00
14:11:01.181 -> 27.65, 32.65, 1.19, 0.00, 193, 0, -0.00, 0.00
14:11:02.177 -> 27.65, 32.65, 1.19, 0.00, 193, 0, -0.00, 0.00
14:11:03.213 -> 27.65, 32.65, 1.19, 0.00, 193, 0, -0.00, 0.00
14:11:04.254 -> 27.65, 32.65, 1.19, 0.00, 193, 0, -0.00, 0.00
14:11:05.275 -> 27.65, 32.65, 1.19, 0.00, 193, 0, -0.00, 0.00
14:11:06.263 -> 27.65, 32.65, 1.19, 0.00, 193, 0, -0.00, 0.00
14:11:07.301 -> 27.56, 32.56, 1.10, -0.09, 189, 0, -0.00, 0.00
14:11:08.321 -> 27.56, 32.56, 1.10, 0.00, 190, 0, -0.00, 0.00
14:11:09.358 -> 27.56, 32.56, 1.10, 0.00, 190, 0, 0.04, 0.00
14:11:10.374 -> 27.56, 32.56, 1.10, 0.00, 190, 0, -0.00, 0.00
14:11:11.393 -> 27.56, 32.56, 1.10, 0.00, 190, 0, 0.04, 0.00
14:11:12.418 -> 27.56, 32.56, 1.10, 0.00, 190, 0, -0.00, 0.00
14:11:13.446 -> 27.56, 32.56, 1.10, 0.00, 190, 0, -0.00, 0.00
14:11:14.464 -> 27.56, 32.56, 1.10, 0.00, 190, 0, -0.00, 0.00
14:11:15.494 -> 27.56, 32.56, 1.10, 0.00, 190, 0, -0.00, 0.00
14:11:16.506 -> 27.56, 32.56, 1.10, 0.00, 190, 0, -0.00, 0.00
14:11:17.538 -> 27.56, 32.56, 1.10, 0.00, 190, 0, -0.00, 0.00
14:11:18.574 -> 27.56, 32.56, 1.10, 0.00, 190, 0, -0.00, 0.00
14:11:19.595 -> 27.56, 32.56, 1.10, 0.00, 190, 0, 0.04, 0.00
14:11:20.624 -> 27.56, 32.56, 1.10, 0.00, 190, 0, -0.00, 0.00
14:11:21.627 -> 27.56, 32.56, 1.10, 0.00, 190, 0, -0.00, 0.00
14:11:22.645 -> 27.47, 32.47, 1.01, -0.09, 186, 0, -0.00, 0.00
14:11:23.677 -> 27.47, 32.47, 1.01, 0.00, 187, 0, -0.00, 0.00
14:11:24.703 -> 27.47, 32.47, 1.01, 0.00, 187, 0, -0.00, 0.00
14:11:25.709 -> 27.47, 32.47, 1.01, 0.00, 187, 0, -0.00, 0.00
14:11:26.743 -> 27.47, 32.47, 1.01, 0.00, 187, 0, 0.04, 0.00
14:11:27.778 -> 27.47, 32.47, 1.01, 0.00, 187, 0, -0.00, 0.00
14:11:28.796 -> 27.47, 32.47, 1.01, 0.00, 187, 0, -0.00, 0.00
14:11:29.811 -> 27.47, 32.47, 1.01, 0.00, 187, 0, 0.04, 0.00
14:11:30.837 -> 27.47, 32.47, 1.01, 0.00, 187, 0, 0.04, 0.00
14:11:31.870 -> 27.47, 32.47, 1.01, 0.00, 187, 0, -0.00, 0.00
14:11:32.881 -> 27.47, 32.47, 1.01, 0.00, 187, 0, -0.00, 0.00
14:11:33.918 -> 27.47, 32.47, 1.01, 0.00, 187, 0, -0.00, 0.00
14:11:34.926 -> 27.47, 32.47, 1.01, 0.00, 187, 0, -0.00, 0.00
14:11:35.952 -> 27.47, 32.47, 1.01, 0.00, 187, 0, -0.00, 0.00
14:11:36.983 -> 27.47, 32.47, 1.01, 0.00, 187, 0, -0.00, 0.00
14:11:37.986 -> 27.47, 32.47, 1.01, 0.00, 187, 0, -0.00, 0.00
14:11:39.036 -> 27.47, 32.47, 1.01, 0.00, 187, 0, 0.04, 0.00
14:11:40.029 -> 27.38, 32.38, 0.92, -0.09, 183, 0, -0.00, 0.00
14:11:41.065 -> 27.38, 32.38, 0.92, 0.00, 184, 0, -0.00, 0.00
14:11:42.085 -> 27.38, 32.38, 0.92, 0.00, 184, 0, -0.00, 0.00
14:11:43.131 -> 27.38, 32.38, 0.92, 0.00, 184, 0, 0.04, 0.00
14:11:44.144 -> 27.38, 32.38, 0.92, 0.00, 184, 0, -0.00, 0.00
14:11:45.178 -> 27.38, 32.38, 0.92, 0.00, 184, 0, -0.00, 0.00
14:11:46.189 -> 27.38, 32.38, 0.92, 0.00, 184, 0, -0.00, 0.00
14:11:47.226 -> 27.38, 32.38, 0.92, 0.00, 184, 0, -0.00, 0.00
14:11:48.218 -> 27.38, 32.38, 0.92, 0.00, 184, 0, -0.00, 0.00
14:11:49.256 -> 27.38, 32.38, 0.92, 0.00, 184, 0, -0.00, 0.00
14:11:50.285 -> 27.38, 32.38, 0.92, 0.00, 184, 0, -0.00, 0.00
14:11:51.321 -> 27.38, 32.38, 0.92, 0.00, 184, 0, -0.00, 0.00
14:11:52.316 -> 27.38, 32.38, 0.92, 0.00, 184, 0, 0.04, 0.00
14:11:53.352 -> 27.38, 32.38, 0.92, 0.00, 184, 0, -0.00, 0.00
14:11:54.374 -> 27.38, 32.38, 0.92, 0.00, 184, 0, 0.04, 0.00
14:11:55.401 -> 27.38, 32.38, 0.92, 0.00, 184, 0, -0.00, 0.00
14:11:56.407 -> 27.38, 32.38, 0.92, 0.00, 184, 0, -0.00, 0.00
14:11:57.449 -> 27.29, 32.29, 0.83, -0.09, 180, 0, 0.04, 0.00
14:11:58.453 -> 27.29, 32.29, 0.83, 0.00, 181, 0, 0.04, 0.00
14:11:59.487 -> 27.29, 32.29, 0.83, 0.00, 181, 0, -0.00, 0.00
14:12:00.512 -> 27.29, 32.29, 0.83, 0.00, 181, 0, -0.00, 0.00
14:12:01.523 -> 27.29, 32.29, 0.83, 0.00, 181, 0, -0.00, 0.00
14:12:02.570 -> 27.29, 32.29, 0.83, 0.00, 181, 0, -0.00, 0.00
14:12:03.565 -> 27.29, 32.29, 0.83, 0.00, 181, 0, -0.00, 0.00
14:12:04.596 -> 27.29, 32.29, 0.83, 0.00, 181, 0, -0.00, 0.00
14:12:05.610 -> 27.29, 32.29, 0.83, 0.00, 181, 0, 0.04, 0.00
14:12:06.658 -> 27.29, 32.29, 0.83, 0.00, 181, 0, -0.00, 0.00
14:12:07.661 -> 27.29, 32.29, 0.83, 0.00, 181, 0, -0.00, 0.00
14:12:08.681 -> 27.29, 32.29, 0.83, 0.00, 181, 0, -0.00, 0.00
14:12:09.723 -> 27.29, 32.29, 0.83, 0.00, 181, 0, -0.00, 0.00
14:12:10.757 -> 27.29, 32.29, 0.83, 0.00, 181, 0, 0.04, 0.00
14:12:11.760 -> 27.29, 32.29, 0.83, 0.00, 181, 0, -0.00, 0.00
14:12:12.794 -> 27.29, 32.29, 0.83, 0.00, 181, 0, -0.00, 0.00
14:12:13.798 -> 27.20, 32.20, 0.74, -0.09, 177, 0, -0.00, 0.00
14:12:14.818 -> 27.20, 32.20, 0.74, 0.00, 178, 0, -0.00, 0.00
14:12:15.862 -> 27.20, 32.20, 0.74, 0.00, 178, 0, -0.00, 0.00
14:12:16.888 -> 27.20, 32.20, 0.74, 0.00, 178, 0, -0.00, 0.00
14:12:17.893 -> 27.20, 32.20, 0.74, 0.00, 178, 0, 0.04, 0.00
14:12:18.916 -> 27.20, 32.20, 0.74, 0.00, 178, 0, -0.00, 0.00
14:12:19.950 -> 27.20, 32.20, 0.74, 0.00, 178, 0, -0.00, 0.00
14:12:20.996 -> 27.20, 32.20, 0.74, 0.00, 178, 0, -0.00, 0.00
14:12:22.003 -> 27.20, 32.20, 0.74, 0.00, 178, 0, -0.00, 0.00
14:12:23.026 -> 27.20, 32.20, 0.74, 0.00, 178, 0, -0.00, 0.00
14:12:24.028 -> 27.20, 32.20, 0.74, 0.00, 178, 0, -0.00, 0.00
14:12:25.054 -> 27.20, 32.20, 0.74, 0.00, 178, 0, -0.00, 0.00
14:12:26.090 -> 27.20, 32.20, 0.74, 0.00, 178, 0, -0.00, 0.00
14:12:27.099 -> 27.20, 32.20, 0.74, 0.00, 178, 0, -0.00, 0.00
14:12:28.124 -> 27.20, 32.20, 0.74, 0.00, 178, 0, 0.04, 0.00
14:12:29.167 -> 27.20, 32.20, 0.74, 0.00, 178, 0, -0.00, 0.00
14:12:30.195 -> 27.10, 32.10, 0.65, -0.09, 174, 0, -0.00, 0.00
14:12:31.198 -> 27.10, 32.10, 0.65, 0.00, 175, 0, -0.00, 0.00
14:12:32.241 -> 27.10, 32.10, 0.65, 0.00, 175, 0, -0.00, 0.00
14:12:33.266 -> 27.10, 32.10, 0.65, 0.00, 175, 0, -0.00, 0.00
14:12:34.281 -> 27.10, 32.10, 0.65, 0.00, 175, 0, 0.04, 0.00
14:12:35.304 -> 27.10, 32.10, 0.65, 0.00, 175, 0, -0.00, 0.00
14:12:36.328 -> 27.10, 32.10, 0.65, 0.00, 175, 0, -0.00, 0.00
14:12:37.346 -> 27.10, 32.10, 0.65, 0.00, 175, 0, -0.00, 0.00
14:12:38.363 -> 27.10, 32.10, 0.65, 0.00, 175, 0, -0.00, 0.00
14:12:39.384 -> 27.10, 32.10, 0.65, 0.00, 175, 0, -0.00, 0.00
14:12:40.424 -> 27.10, 32.10, 0.65, 0.00, 175, 0, -0.00, 0.00
14:12:41.444 -> 27.10, 32.10, 0.65, 0.00, 175, 0, -0.00, 0.00
14:12:42.475 -> 27.10, 32.10, 0.65, 0.00, 175, 0, -0.00, 0.00
14:12:43.491 -> 27.10, 32.10, 0.65, 0.00, 175, 0, -0.00, 0.00
14:12:44.525 -> 27.10, 32.10, 0.65, 0.00, 175, 0, -0.00, 0.00
14:12:45.534 -> 27.10, 32.10, 0.65, 0.00, 175, 0, -0.00, 0.00
14:12:46.560 -> 27.10, 32.10, 0.65, 0.00, 175, 0, -0.00, 0.00
14:12:47.580 -> 27.10, 32.10, 0.65, 0.00, 175, 0, -0.00, 0.00
14:12:48.627 -> 27.01, 32.01, 0.56, -0.09, 174, 0, -0.00, 0.00
14:12:49.620 -> 27.01, 32.01, 0.56, 0.00, 175, 0, -0.00, 0.00
14:12:50.643 -> 27.01, 32.01, 0.56, 0.00, 175, 0, -0.00, 0.00
14:12:51.686 -> 27.01, 32.01, 0.56, 0.00, 175, 0, -0.00, 0.00
14:12:52.692 -> 27.01, 32.01, 0.56, 0.00, 175, 0, 0.04, 0.00
14:12:53.703 -> 27.01, 32.01, 0.56, 0.00, 175, 0, -0.00, 0.00
14:12:54.749 -> 27.01, 32.01, 0.56, 0.00, 175, 0, -0.00, 0.00
14:12:55.765 -> 27.01, 32.01, 0.56, 0.00, 175, 0, -0.00, 0.00
14:12:56.799 -> 27.01, 32.01, 0.56, 0.00, 175, 0, -0.00, 0.00
14:12:57.817 -> 27.01, 32.01, 0.56, 0.00, 175, 0, -0.00, 0.00
14:12:58.847 -> 27.01, 32.01, 0.56, 0.00, 175, 0, -0.00, 0.00
14:12:59.853 -> 27.01, 32.01, 0.56, 0.00, 175, 0, -0.00, 0.00
14:13:00.869 -> 27.01, 32.01, 0.56, 0.00, 175, 0, -0.00, 0.00
14:13:01.909 -> 27.01, 32.01, 0.56, 0.00, 175, 0, -0.00, 0.00
14:13:02.923 -> 27.01, 32.01, 0.56, 0.00, 175, 0, -0.00, 0.00
14:13:03.963 -> 27.01, 32.01, 0.56, 0.00, 175, 0, -0.00, 0.00
14:13:04.965 -> 27.01, 32.01, 0.56, 0.00, 175, 0, -0.00, 0.00
14:13:05.979 -> 26.92, 31.92, 0.47, -0.09, 171, 0, -0.00, 0.00
14:13:07.009 -> 26.92, 31.92, 0.47, 0.00, 172, 0, -0.00, 0.00
14:13:08.046 -> 26.92, 31.92, 0.47, 0.00, 172, 0, -0.00, 0.00
14:13:09.051 -> 26.92, 31.92, 0.47, 0.00, 172, 0, -0.00, 0.00
14:13:10.080 -> 26.92, 31.92, 0.47, 0.00, 172, 0, -0.00, 0.00
14:13:11.106 -> 26.92, 31.92, 0.47, 0.00, 172, 0, -0.00, 0.00
14:13:12.123 -> 26.92, 31.92, 0.47, 0.00, 172, 0, -0.00, 0.00
14:13:13.161 -> 26.92, 31.92, 0.47, 0.00, 172, 0, -0.00, 0.00
14:13:14.193 -> 26.92, 31.92, 0.47, 0.00, 172, 0, -0.00, 0.00
14:13:15.212 -> 26.92, 31.92, 0.47, 0.00, 172, 0, -0.00, 0.00
14:13:16.234 -> 26.92, 31.92, 0.47, 0.00, 172, 0, -0.00, 0.00
14:13:17.246 -> 26.92, 31.92, 0.47, 0.00, 172, 0, -0.00, 0.00
14:13:18.274 -> 26.92, 31.92, 0.47, 0.00, 172, 0, -0.00, 0.00
14:13:19.313 -> 26.92, 31.92, 0.47, 0.00, 172, 0, -0.00, 0.00
14:13:20.317 -> 26.92, 31.92, 0.47, 0.00, 172, 0, -0.00, 0.00
14:13:21.341 -> 26.92, 31.92, 0.47, 0.00, 172, 0, -0.00, 0.00
14:13:22.358 -> 26.92, 31.92, 0.47, 0.00, 172, 0, -0.00, 0.00
14:13:23.387 -> 26.83, 31.83, 0.38, -0.09, 168, 0, 0.04, 0.00
14:13:24.411 -> 26.83, 31.83, 0.38, 0.00, 169, 0, -0.00, 0.00
14:13:25.438 -> 26.83, 31.83, 0.38, 0.00, 169, 0, -0.00, 0.00
14:13:26.462 -> 26.83, 31.83, 0.38, 0.00, 169, 0, -0.00, 0.00
14:13:27.478 -> 26.83, 31.83, 0.38, 0.00, 169, 0, -0.00, 0.00
14:13:28.515 -> 26.83, 31.83, 0.38, 0.00, 169, 0, -0.00, 0.00
14:13:29.541 -> 26.83, 31.83, 0.38, 0.00, 169, 0, -0.00, 0.00
14:13:30.564 -> 26.83, 31.83, 0.38, 0.00, 169, 0, -0.00, 0.00
14:13:31.571 -> 26.83, 31.83, 0.38, 0.00, 169, 0, -0.00, 0.00
14:13:32.583 -> 26.83, 31.83, 0.38, 0.00, 169, 0, 0.04, 0.00
14:13:33.632 -> 26.83, 31.83, 0.38, 0.00, 169, 0, 0.04, 0.00
14:13:34.650 -> 26.83, 31.83, 0.38, 0.00, 169, 0, -0.00, 0.00
14:13:35.664 -> 26.83, 31.83, 0.38, 0.00, 169, 0, -0.00, 0.00
14:13:36.696 -> 26.83, 31.83, 0.38, 0.00, 169, 0, -0.00, 0.00
14:13:37.699 -> 26.83, 31.83, 0.38, 0.00, 169, 0, -0.00, 0.00
14:13:38.734 -> 26.83, 31.83, 0.38, 0.00, 169, 0, -0.00, 0.00
14:13:39.774 -> 26.74, 31.74, 0.29, -0.09, 165, 0, -0.00, 0.00
14:13:40.779 -> 26.74, 31.74, 0.29, 0.00, 166, 0, -0.00, 0.00
14:13:41.792 -> 26.74, 31.74, 0.29, 0.00, 166, 0, -0.00, 0.00
14:13:42.836 -> 26.74, 31.74, 0.29, 0.00, 166, 0, -0.00, 0.00
14:13:43.840 -> 26.74, 31.74, 0.29, 0.00, 166, 0, -0.00, 0.00
14:13:44.874 -> 26.74, 31.74, 0.29, 0.00, 166, 0, -0.00, 0.00
14:13:45.884 -> 26.74, 31.74, 0.29, 0.00, 166, 0, -0.00, 0.00
14:13:46.926 -> 26.74, 31.74, 0.29, 0.00, 166, 0, -0.00, 0.00
14:13:47.971 -> 26.74, 31.74, 0.29, 0.00, 166, 0, -0.00, 0.00
14:13:48.965 -> 26.74, 31.74, 0.29, 0.00, 166, 0, -0.00, 0.00
14:13:50.009 -> 26.74, 31.74, 0.29, 0.00, 166, 0, -0.00, 0.00
14:13:51.016 -> 26.74, 31.74, 0.29, 0.00, 166, 0, 0.04, 0.00
14:13:52.041 -> 26.74, 31.74, 0.29, 0.00, 166, 0, -0.00, 0.00
14:13:53.077 -> 26.74, 31.74, 0.29, 0.00, 166, 0, -0.00, 0.00
14:13:54.090 -> 26.74, 31.74, 0.29, 0.00, 166, 0, -0.00, 0.00
14:13:55.115 -> 26.65, 31.65, 0.20, -0.09, 162, 0, -0.00, 0.00
14:13:56.148 -> 26.65, 31.65, 0.20, 0.00, 163, 0, -0.00, 0.00
14:13:57.156 -> 26.65, 31.65, 0.20, 0.00, 163, 0, -0.00, 0.00
14:13:58.185 -> 26.65, 31.65, 0.20, 0.00, 163, 0, -0.00, 0.00
14:13:59.220 -> 26.65, 31.65, 0.20, 0.00, 163, 0, -0.00, 0.00
14:14:00.224 -> 26.65, 31.65, 0.20, 0.00, 163, 0, -0.00, 0.00
14:14:01.266 -> 26.65, 31.65, 0.20, 0.00, 163, 0, -0.00, 0.00
14:14:02.263 -> 26.65, 31.65, 0.20, 0.00, 163, 0, -0.00, 0.00
14:14:03.293 -> 26.65, 31.65, 0.20, 0.00, 163, 0, -0.00, 0.00
14:14:04.331 -> 26.65, 31.65, 0.20, 0.00, 163, 0, -0.00, 0.00
14:14:05.336 -> 26.65, 31.65, 0.20, 0.00, 163, 0, -0.00, 0.00
14:14:06.360 -> 26.65, 31.65, 0.20, 0.00, 163, 0, 0.04, 0.00
14:14:07.384 -> 26.65, 31.65, 0.20, 0.00, 163, 0, 0.04, 0.00
14:14:08.418 -> 26.65, 31.65, 0.20, 0.00, 163, 0, -0.00, 0.00
14:14:09.439 -> 26.65, 31.65, 0.20, 0.00, 163, 0, -0.00, 0.00
14:14:10.454 -> 26.65, 31.65, 0.20, 0.00, 163, 0, -0.00, 0.00
14:14:11.499 -> 26.56, 31.56, 0.11, -0.09, 159, 0, -0.00, 0.00
14:14:12.513 -> 26.56, 31.56, 0.11, 0.00, 160, 0, -0.00, 0.00
14:14:13.522 -> 26.56, 31.56, 0.11, 0.00, 160, 0, -0.00, 0.00
14:14:14.550 -> 26.56, 31.56, 0.11, 0.00, 160, 0, -0.00, 0.00
14:14:15.570 -> 26.56, 31.56, 0.11, 0.00, 160, 0, -0.00, 0.00
14:14:16.602 -> 26.56, 31.56, 0.11, 0.00, 160, 0, -0.00, 0.00
14:14:17.614 -> 26.56, 31.56, 0.11, 0.00, 160, 0, -0.00, 0.00
14:14:18.637 -> 26.56, 31.56, 0.11, 0.00, 160, 0, 0.04, 0.00
14:14:19.667 -> 26.56, 31.56, 0.11, 0.00, 160, 0, 0.04, 0.00
14:14:20.695 -> 26.56, 31.56, 0.11, 0.00, 160, 0, -0.00, 0.00
14:14:21.715 -> 26.56, 31.56, 0.11, 0.00, 160, 0, -0.00, 0.00
14:14:22.735 -> 26.56, 31.56, 0.11, 0.00, 160, 0, -0.00, 0.00
14:14:23.772 -> 26.56, 31.56, 0.11, 0.00, 160, 0, 0.04, 0.00
14:14:24.779 -> 26.56, 31.56, 0.11, 0.00, 160, 0, -0.00, 0.00
14:14:25.819 -> 26.56, 31.56, 0.11, 0.00, 160, 0, -0.00, 0.00
14:14:26.838 -> 26.56, 31.56, 0.11, 0.00, 160, 0, -0.00, 0.00
14:14:27.865 -> 26.56, 31.56, 0.11, 0.00, 160, 0, -0.00, 0.00
14:14:28.875 -> 26.48, 31.48, 0.02, -0.09, 156, 145, 0.11, 1300.67
14:14:29.915 -> 26.56, 31.56, 0.11, 0.09, 161, 0, 1.05, 0.00
14:14:30.936 -> 26.48, 31.48, 0.02, -0.09, 156, 145, 0.04, 3987.83
14:14:31.964 -> 26.48, 31.48, 0.02, 0.00, 157, 0, 1.39, 0.00
14:14:32.967 -> 26.48, 31.48, 0.02, 0.00, 157, 0, 0.04, 0.00
14:14:33.973 -> 26.48, 31.48, 0.02, 0.00, 157, 0, -0.00, 0.00
14:14:35.012 -> 26.48, 31.48, 0.02, 0.00, 157, 0, -0.00, 0.00
14:14:36.023 -> 26.48, 31.48, 0.02, 0.00, 157, 0, 0.04, 0.00
14:14:37.080 -> 26.48, 31.48, 0.02, 0.00, 157, 0, -0.00, 0.00
14:14:38.077 -> 26.48, 31.48, 0.02, 0.00, 157, 0, -0.00, 0.00
14:14:39.114 -> 26.48, 31.48, 0.02, 0.00, 157, 0, -0.00, 0.00
14:14:40.123 -> 26.48, 31.48, 0.02, 0.00, 157, 0, -0.00, 0.00
14:14:41.151 -> 26.48, 31.48, 0.02, 0.00, 157, 0, -0.00, 0.00
14:14:42.158 -> 26.48, 31.48, 0.02, 0.00, 157, 0, -0.00, 0.00
14:14:43.201 -> 26.48, 31.48, 0.02, 0.00, 157, 0, -0.00, 0.00
14:14:44.212 -> 26.48, 31.48, 0.02, 0.00, 157, 0, -0.00, 0.00
14:14:45.232 -> 26.48, 31.48, 0.02, 0.00, 157, 0, 0.04, 0.00
14:14:46.285 -> 26.48, 31.48, 0.02, 0.00, 157, 0, -0.00, 0.00
14:14:47.301 -> 26.48, 31.48, 0.02, 0.00, 157, 0, -0.00, 0.00
14:14:48.308 -> 26.48, 31.48, 0.02, 0.00, 157, 0, -0.00, 0.00
14:14:49.348 -> 26.48, 31.48, 0.02, 0.00, 157, 0, -0.00, 0.00
14:14:50.377 -> 26.48, 31.48, 0.02, 0.00, 157, 0, -0.00, 0.00
14:14:51.399 -> 26.48, 31.48, 0.02, 0.00, 157, 0, 0.04, 0.00
14:14:52.412 -> 26.48, 31.48, 0.02, 0.00, 157, 0, 0.04, 0.00
14:14:53.432 -> 26.48, 31.48, 0.02, 0.00, 157, 0, -0.00, 0.00
14:14:54.461 -> 26.48, 31.48, 0.02, 0.00, 157, 0, 0.04, 0.00
14:14:55.481 -> 26.48, 31.48, 0.02, 0.00, 157, 0, -0.00, 0.00
14:14:56.493 -> 26.48, 31.48, 0.02, 0.00, 157, 0, -0.00, 0.00
14:14:57.525 -> 26.48, 31.48, 0.02, 0.00, 157, 0, -0.00, 0.00
14:14:58.541 -> 26.48, 31.48, 0.02, 0.00, 157, 0, -0.00, 0.00
14:14:59.594 -> 26.48, 31.48, 0.02, 0.00, 157, 0, -0.00, 0.00
14:15:00.590 -> 26.48, 31.48, 0.02, 0.00, 157, 0, -0.00, 0.00
14:15:01.605 -> 26.39, 31.39, -0.07, -0.09, 153, 0, 0.04, 0.00
14:15:02.647 -> 26.39, 31.39, -0.07, 0.00, 154, 0, -0.00, 0.00
14:15:03.670 -> 26.39, 31.39, -0.07, 0.00, 154, 0, -0.00, 0.00
14:15:04.690 -> 26.39, 31.39, -0.07, 0.00, 154, 0, -0.00, 0.00
14:15:05.727 -> 26.39, 31.39, -0.07, 0.00, 154, 0, 0.04, 0.00
14:15:06.722 -> 26.39, 31.39, -0.07, 0.00, 154, 0, 0.04, 0.00
14:15:07.760 -> 26.39, 31.39, -0.07, 0.00, 154, 0, -0.00, 0.00
14:15:08.797 -> 26.39, 31.39, -0.07, 0.00, 154, 0, -0.00, 0.00
14:15:09.796 -> 26.39, 31.39, -0.07, 0.00, 154, 0, -0.00, 0.00
14:15:10.814 -> 26.39, 31.39, -0.07, 0.00, 154, 0, -0.00, 0.00
14:15:11.842 -> 26.39, 31.39, -0.07, 0.00, 154, 0, 0.04, 0.00
14:15:12.882 -> 26.39, 31.39, -0.07, 0.00, 154, 0, -0.00, 0.00
14:15:13.886 -> 26.39, 31.39, -0.07, 0.00, 154, 0, -0.00, 0.00
14:15:14.939 -> 26.39, 31.39, -0.07, 0.00, 154, 0, -0.00, 0.00
14:15:15.932 -> 26.39, 31.39, -0.07, 0.00, 154, 0, 0.04, 0.00
14:15:16.962 -> 26.39, 31.39, -0.07, 0.00, 154, 0, -0.00, 0.00
14:15:18.003 -> 26.39, 31.39, -0.07, 0.00, 154, 0, 0.04, 0.00
14:15:19.010 -> 26.39, 31.39, -0.07, 0.00, 154, 0, -0.00, 0.00
14:15:20.022 -> 26.39, 31.39, -0.07, 0.00, 154, 0, -0.00, 0.00
14:15:21.077 -> 26.39, 31.39, -0.07, 0.00, 154, 0, -0.00, 0.00
14:15:22.076 -> 26.39, 31.39, -0.07, 0.00, 154, 0, -0.00, 0.00
14:15:23.095 -> 26.39, 31.39, -0.07, 0.00, 154, 0, 0.04, 0.00
14:15:24.147 -> 26.39, 31.39, -0.07, 0.00, 154, 0, -0.00, 0.00
14:15:25.139 -> 26.39, 31.39, -0.07, 0.00, 154, 0, -0.00, 0.00
14:15:26.193 -> 26.39, 31.39, -0.07, 0.00, 154, 0, -0.00, 0.00
14:15:27.216 -> 26.39, 31.39, -0.07, 0.00, 154, 0, 0.04, 0.00
14:15:28.227 -> 26.39, 31.39, -0.07, 0.00, 154, 0, 0.04, 0.00
14:15:29.257 -> 26.39, 31.39, -0.07, 0.00, 154, 0, -0.00, 0.00
14:15:30.271 -> 26.39, 31.39, -0.07, 0.00, 154, 0, 0.04, 0.00
14:15:31.291 -> 26.39, 31.39, -0.07, 0.00, 154, 0, -0.00, 0.00
14:15:32.311 -> 26.30, 31.30, -0.16, -0.09, 150, 0, -0.00, 0.00
14:15:33.336 -> 26.30, 31.30, -0.16, 0.00, 151, 17, -0.00, -14172.41
14:15:34.368 -> 26.30, 31.30, -0.16, 0.00, 151, 17, 0.67, 25.19
14:15:35.397 -> 26.30, 31.30, -0.16, 0.00, 151, 17, 0.60, 28.34
14:15:36.420 -> 26.30, 31.30, -0.16, 0.00, 151, 17, 0.64, 26.67
14:15:37.425 -> 26.30, 31.30, -0.16, 0.00, 151, 17, 0.11, 152.49
14:15:38.452 -> 26.30, 31.30, -0.16, 0.00, 151, 17, 0.11, 152.49
14:15:39.482 -> 26.30, 31.30, -0.16, 0.00, 151, 17, 0.15, 114.06
14:15:40.509 -> 26.30, 31.30, -0.16, 0.00, 151, 17, 0.19, 91.10
14:15:41.528 -> 26.30, 31.30, -0.16, 0.00, 151, 17, 0.26, 64.95
14:15:42.539 -> 26.30, 31.30, -0.16, 0.00, 151, 17, 0.41, 41.27
14:15:43.560 -> 26.30, 31.30, -0.16, 0.00, 151, 17, 0.67, 25.19
14:15:44.580 -> 26.30, 31.30, -0.16, 0.00, 151, 17, 0.07, 229.98
14:15:45.598 -> 26.30, 31.30, -0.16, 0.00, 151, 17, 0.15, 114.06
14:15:46.657 -> 26.30, 31.30, -0.16, 0.00, 151, 17, 0.22, 75.84
14:15:47.685 -> 26.30, 31.30, -0.16, 0.00, 151, 17, 0.34, 50.47
14:15:48.689 -> 26.30, 31.30, -0.16, 0.00, 151, 17, 0.49, 34.90
14:15:49.705 -> 26.30, 31.30, -0.16, 0.00, 151, 17, 0.75, 22.67
14:15:50.749 -> 26.30, 31.30, -0.16, 0.00, 151, 17, 0.11, 152.49
14:15:51.764 -> 26.30, 31.30, -0.16, 0.00, 151, 17, 0.11, 152.49
14:15:52.789 -> 26.30, 31.30, -0.16, 0.00, 151, 17, 0.15, 114.06
14:15:53.794 -> 26.30, 31.30, -0.16, 0.00, 151, 17, 0.19, 91.10
14:15:54.819 -> 26.30, 31.30, -0.16, 0.00, 151, 17, 0.26, 64.95
14:15:55.843 -> 26.30, 31.30, -0.16, 0.00, 151, 17, 0.30, 56.80
14:15:56.881 -> 26.30, 31.30, -0.16, 0.00, 151, 17, 0.41, 41.27
14:15:57.892 -> 26.30, 31.30, -0.16, 0.00, 151, 17, 0.67, 25.19
14:15:58.919 -> 26.30, 31.30, -0.16, 0.00, 151, 17, 0.11, 152.49
14:15:59.949 -> 26.30, 31.30, -0.16, 0.00, 151, 17, 0.37, 45.41
14:16:00.960 -> 26.30, 31.30, -0.16, 0.00, 151, 17, 0.07, 229.98
14:16:01.998 -> 26.30, 31.30, -0.16, 0.00, 151, 17, 0.15, 114.06
14:16:03.026 -> 26.30, 31.30, -0.16, 0.00, 151, 17, 0.15, 114.06
14:16:04.046 -> 26.30, 31.30, -0.16, 0.00, 151, 17, 0.15, 114.06
14:16:05.058 -> 26.30, 31.30, -0.16, 0.00, 151, 17, 0.26, 64.95
14:16:06.086 -> 26.30, 31.30, -0.16, 0.00, 151, 17, 0.41, 41.27
14:16:07.098 -> 26.30, 31.30, -0.16, 0.00, 151, 17, 0.41, 41.27
14:16:08.143 -> 26.30, 31.30, -0.16, 0.00, 151, 17, 0.64, 26.67
14:16:09.151 -> 26.30, 31.30, -0.16, 0.00, 151, 17, 0.30, 56.80
14:16:10.176 -> 26.30, 31.30, -0.16, 0.00, 151, 17, 0.11, 152.49
14:16:11.214 -> 26.30, 31.30, -0.16, 0.00, 151, 17, 0.15, 114.06
14:16:12.235 -> 26.30, 31.30, -0.16, 0.00, 151, 17, 0.19, 91.10
14:16:13.230 -> 26.30, 31.30, -0.16, 0.00, 151, 17, 0.34, 50.47
14:16:14.276 -> 26.30, 31.30, -0.16, 0.00, 151, 17, 0.37, 45.41
14:16:15.295 -> 26.30, 31.30, -0.16, 0.00, 151, 17, 0.56, 30.24
14:16:16.306 -> 26.30, 31.30, -0.16, 0.00, 151, 17, 0.67, 25.19
14:16:17.354 -> 26.30, 31.30, -0.16, 0.00, 151, 17, 0.07, 229.98
14:16:18.375 -> 26.30, 31.30, -0.16, 0.00, 151, 17, 0.11, 152.49
14:16:19.392 -> 26.30, 31.30, -0.16, 0.00, 151, 17, 0.19, 91.10
14:16:20.397 -> 26.30, 31.30, -0.16, 0.00, 151, 17, 0.22, 75.84
14:16:21.458 -> 26.30, 31.30, -0.16, 0.00, 151, 17, 0.26, 64.95
14:16:22.469 -> 26.30, 31.30, -0.16, 0.00, 151, 17, 0.41, 41.27
14:16:23.480 -> 26.30, 31.30, -0.16, 0.00, 151, 17, 0.56, 30.24
14:16:24.500 -> 26.30, 31.30, -0.16, 0.00, 151, 17, 0.75, 22.67
14:16:25.525 -> 26.30, 31.30, -0.16, 0.00, 151, 17, 0.22, 75.84
14:16:26.537 -> 26.30, 31.30, -0.16, 0.00, 151, 17, 0.15, 114.06
14:16:27.567 -> 26.30, 31.30, -0.16, 0.00, 151, 17, 0.22, 75.84
14:16:28.608 -> 26.30, 31.30, -0.16, 0.00, 151, 17, 0.30, 56.80
14:16:29.621 -> 26.30, 31.30, -0.16, 0.00, 151, 17, 0.37, 45.41
14:16:30.644 -> 26.30, 31.30, -0.16, 0.00, 151, 17, 0.45, 37.82
14:16:31.654 -> 26.30, 31.30, -0.16, 0.00, 151, 17, 0.64, 26.67
14:16:32.703 -> 26.30, 31.30, -0.16, 0.00, 151, 17, 0.11, 152.49
14:16:33.699 -> 26.30, 31.30, -0.16, 0.00, 151, 17, 0.11, 152.49
14:16:34.729 -> 26.30, 31.30, -0.16, 0.00, 151, 17, 0.15, 114.06
14:16:35.770 -> 26.30, 31.30, -0.16, 0.00, 151, 17, 0.19, 91.10
14:16:36.780 -> 26.30, 31.30, -0.16, 0.00, 151, 17, 0.26, 64.95
14:16:37.825 -> 26.30, 31.30, -0.16, 0.00, 151, 17, 0.37, 45.41
14:16:38.832 -> 26.30, 31.30, -0.16, 0.00, 151, 17, 0.49, 34.90
14:16:39.835 -> 26.30, 31.30, -0.16, 0.00, 151, 17, 0.67, 25.19
14:16:40.876 -> 26.30, 31.30, -0.16, 0.00, 151, 17, 0.15, 114.06
14:16:41.907 -> 26.30, 31.30, -0.16, 0.00, 151, 17, 0.11, 152.49
14:16:42.914 -> 26.30, 31.30, -0.16, 0.00, 151, 17, 0.19, 91.10
14:16:43.953 -> 26.30, 31.30, -0.16, 0.00, 151, 17, 0.19, 91.10
14:16:44.968 -> 26.30, 31.30, -0.16, 0.00, 151, 17, 0.26, 64.95
14:16:46.002 -> 26.30, 31.30, -0.16, 0.00, 151, 17, 0.37, 45.41
14:16:47.025 -> 26.30, 31.30, -0.16, 0.00, 151, 17, 0.71, 23.86
14:16:48.054 -> 26.30, 31.30, -0.16, 0.00, 151, 17, 0.07, 229.98
14:16:49.083 -> 26.30, 31.30, -0.16, 0.00, 151, 17, 0.11, 152.49
14:16:50.077 -> 26.30, 31.30, -0.16, 0.00, 151, 17, 0.19, 91.10
14:16:51.121 -> 26.30, 31.30, -0.16, 0.00, 151, 17, 0.34, 50.47
14:16:52.128 -> 26.30, 31.30, -0.16, 0.00, 151, 17, 0.37, 45.41
14:16:53.165 -> 26.30, 31.30, -0.16, 0.00, 151, 17, 0.64, 26.67
14:16:54.198 -> 26.30, 31.30, -0.16, 0.00, 151, 17, 0.11, 152.49
14:16:55.214 -> 26.30, 31.30, -0.16, 0.00, 151, 17, 0.11, 152.49
14:16:56.216 -> 26.30, 31.30, -0.16, 0.00, 151, 17, 0.22, 75.84
14:16:57.254 -> 26.30, 31.30, -0.16, 0.00, 151, 17, 0.37, 45.41
14:16:58.287 -> 26.30, 31.30, -0.16, 0.00, 151, 17, 0.60, 28.34
14:16:59.282 -> 26.30, 31.30, -0.16, 0.00, 151, 17, 0.11, 152.49
14:17:00.334 -> 26.30, 31.30, -0.16, 0.00, 151, 17, 0.15, 114.06
14:17:01.355 -> 26.30, 31.30, -0.16, 0.00, 151, 17, 0.15, 114.06
14:17:02.381 -> 26.30, 31.30, -0.16, 0.00, 151, 17, 0.19, 91.10
14:17:03.388 -> 26.30, 31.30, -0.16, 0.00, 151, 17, 0.34, 50.47
14:17:04.395 -> 26.30, 31.30, -0.16, 0.00, 151, 17, 0.49, 34.90
14:17:05.446 -> 26.30, 31.30, -0.16, 0.00, 151, 17, 0.45, 37.82
14:17:06.442 -> 26.30, 31.30, -0.16, 0.00, 151, 17, 0.15, 114.06
14:17:07.481 -> 26.30, 31.30, -0.16, 0.00, 151, 17, 0.34, 50.47
14:17:08.495 -> 26.30, 31.30, -0.16, 0.00, 151, 17, 0.49, 34.90
14:17:09.538 -> 26.30, 31.30, -0.16, 0.00, 151, 17, 0.75, 22.67
14:17:10.554 -> 26.30, 31.30, -0.16, 0.00, 151, 17, 0.07, 229.98
14:17:11.588 -> 26.30, 31.30, -0.16, 0.00, 151, 17, 0.19, 91.10
14:17:12.583 -> 26.30, 31.30, -0.16, 0.00, 151, 17, 0.26, 64.95
14:17:13.616 -> 26.30, 31.30, -0.16, 0.00, 151, 17, 0.37, 45.41
14:17:14.655 -> 26.30, 31.30, -0.16, 0.00, 151, 17, 0.45, 37.82
14:17:15.650 -> 26.30, 31.30, -0.16, 0.00, 151, 17, 0.41, 41.27
14:17:16.671 -> 26.30, 31.30, -0.16, 0.00, 151, 17, 0.37, 45.41
14:17:17.707 -> 26.30, 31.30, -0.16, 0.00, 151, 17, 0.56, 30.24
14:17:18.747 -> 26.30, 31.30, -0.16, 0.00, 151, 17, 0.04, 467.54
14:17:19.762 -> 26.30, 31.30, -0.16, 0.00, 151, 17, 0.15, 114.06
14:17:20.778 -> 26.30, 31.30, -0.16, 0.00, 151, 17, 0.11, 152.49
14:17:21.793 -> 26.30, 31.30, -0.16, 0.00, 151, 17, 0.15, 114.06
14:17:22.847 -> 26.30, 31.30, -0.16, 0.00, 151, 17, 0.26, 64.95
14:17:23.839 -> 26.30, 31.30, -0.16, 0.00, 151, 17, 0.52, 32.40
14:17:24.888 -> 26.30, 31.30, -0.16, 0.00, 151, 17, 0.11, 152.49
14:17:25.898 -> 26.30, 31.30, -0.16, 0.00, 151, 17, 0.15, 114.06
14:17:26.915 -> 26.30, 31.30, -0.16, 0.00, 151, 17, 0.15, 114.06
14:17:27.959 -> 26.30, 31.30, -0.16, 0.00, 151, 17, 0.15, 114.06
14:17:28.978 -> 26.30, 31.30, -0.16, 0.00, 151, 17, 0.22, 75.84
14:17:29.991 -> 26.30, 31.30, -0.16, 0.00, 151, 17, 0.22, 75.84
14:17:31.014 -> 26.30, 31.30, -0.16, 0.00, 151, 17, 0.37, 45.41
14:17:32.040 -> 26.30, 31.30, -0.16, 0.00, 151, 17, 0.67, 25.19
14:17:33.075 -> 26.30, 31.30, -0.16, 0.00, 151, 17, 0.30, 56.80
14:17:34.095 -> 26.30, 31.30, -0.16, 0.00, 151, 17, 0.11, 152.49
14:17:35.093 -> 26.30, 31.30, -0.16, 0.00, 151, 17, 0.15, 114.06
14:17:36.144 -> 26.30, 31.30, -0.16, 0.00, 151, 17, 0.19, 91.10
14:17:37.138 -> 26.30, 31.30, -0.16, 0.00, 151, 17, 0.19, 91.10
14:17:38.186 -> 26.30, 31.30, -0.16, 0.00, 151, 17, 0.26, 64.95
14:17:39.209 -> 26.30, 31.30, -0.16, 0.00, 151, 17, 0.34, 50.47
14:17:40.239 -> 26.30, 31.30, -0.16, 0.00, 151, 17, 0.49, 34.90
14:17:41.257 -> 26.30, 31.30, -0.16, 0.00, 151, 17, 0.71, 23.86
14:17:42.267 -> 26.39, 31.39, -0.07, 0.09, 155, 240, 0.71, 336.87
14:17:43.284 -> 26.30, 31.30, -0.16, -0.09, 150, 0, 3.45, 0.00
14:17:44.321 -> 26.39, 31.39, -0.07, 0.09, 155, 240, 0.11, 2152.84
14:17:45.331 -> 26.30, 31.30, -0.16, -0.09, 150, 0, 3.38, 0.00
14:17:46.352 -> 26.39, 31.39, -0.07, 0.09, 155, 240, 0.11, 2152.84
14:17:47.376 -> 26.30, 31.30, -0.16, -0.09, 150, 0, 3.23, 0.00
14:17:48.418 -> 26.39, 31.39, -0.07, 0.09, 155, 240, 0.15, 1610.30
14:17:49.424 -> 26.30, 31.30, -0.16, -0.09, 150, 0, 3.45, 0.00
14:17:50.445 -> 26.39, 31.39, -0.07, 0.09, 155, 240, 0.15, 1610.30
14:17:51.464 -> 26.30, 31.30, -0.16, -0.09, 150, 0, 3.34, 0.00
14:17:52.499 -> 26.39, 31.39, -0.07, 0.09, 155, 240, 0.15, 1610.30
14:17:53.537 -> 26.30, 31.30, -0.16, -0.09, 150, 0, 3.45, 0.00
14:17:54.542 -> 26.39, 31.39, -0.07, 0.09, 155, 240, 0.11, 2152.84
14:17:55.582 -> 26.39, 31.39, -0.07, 0.00, 154, 0, 3.38, 0.00
14:17:56.602 -> 26.39, 31.39, -0.07, 0.00, 154, 0, -0.00, 0.00
14:17:57.606 -> 26.39, 31.39, -0.07, 0.00, 154, 0, -0.00, 0.00
14:17:58.654 -> 26.39, 31.39, -0.07, 0.00, 154, 0, -0.00, 0.00
14:17:59.672 -> 26.39, 31.39, -0.07, 0.00, 154, 0, -0.00, 0.00
14:18:00.694 -> 26.48, 31.48, 0.02, 0.09, 158, 161, 0.15, 1080.24
14:18:01.717 -> 26.39, 31.39, -0.07, -0.09, 153, 0, 1.58, 0.00
14:18:02.725 -> 26.48, 31.48, 0.02, 0.09, 158, 161, 0.11, 1444.20
14:18:03.755 -> 26.39, 31.39, -0.07, -0.09, 153, 0, 2.74, 0.00
14:18:04.786 -> 26.48, 31.48, 0.02, 0.09, 158, 161, -0.00, -134221.06
14:18:05.801 -> 26.48, 31.48, 0.02, 0.00, 157, 0, 2.14, 0.00
14:18:06.821 -> 26.48, 31.48, 0.02, 0.00, 157, 0, -0.00, 0.00
14:18:07.863 -> 26.48, 31.48, 0.02, 0.00, 157, 0, -0.00, 0.00
14:18:08.878 -> 26.56, 31.56, 0.11, 0.09, 161, 0, 0.04, 0.00
14:18:09.906 -> 26.56, 31.56, 0.11, 0.00, 160, 0, 0.04, 0.00
14:18:10.916 -> 26.56, 31.56, 0.11, 0.00, 160, 0, -0.00, 0.00
14:18:11.957 -> 26.56, 31.56, 0.11, 0.00, 160, 0, -0.00, 0.00
14:18:12.952 -> 26.56, 31.56, 0.11, 0.00, 160, 0, -0.00, 0.00
14:18:13.995 -> 26.56, 31.56, 0.11, 0.00, 160, 0, -0.00, 0.00
14:18:15.002 -> 26.56, 31.56, 0.11, 0.00, 160, 0, -0.00, 0.00
14:18:16.018 -> 26.56, 31.56, 0.11, 0.00, 160, 0, -0.00, 0.00
14:18:17.063 -> 26.65, 31.65, 0.20, 0.09, 164, 0, -0.00, 0.00
14:18:18.082 -> 26.56, 31.56, 0.11, -0.09, 159, 0, -0.00, 0.00
14:18:19.111 -> 26.65, 31.65, 0.20, 0.09, 164, 0, 0.04, 0.00
14:18:20.114 -> 26.65, 31.65, 0.20, 0.00, 163, 0, -0.00, 0.00
14:18:21.162 -> 26.65, 31.65, 0.20, 0.00, 163, 0, -0.00, 0.00
14:18:22.166 -> 26.65, 31.65, 0.20, 0.00, 163, 0, -0.00, 0.00
14:18:23.202 -> 26.65, 31.65, 0.20, 0.00, 163, 0, -0.00, 0.00
14:18:24.232 -> 26.65, 31.65, 0.20, 0.00, 163, 0, -0.00, 0.00
14:18:25.235 -> 26.65, 31.65, 0.20, 0.00, 163, 0, 0.04, 0.00
14:18:26.259 -> 26.65, 31.65, 0.20, 0.00, 163, 0, 0.04, 0.00
14:18:27.295 -> 26.65, 31.65, 0.20, 0.00, 163, 0, -0.00, 0.00
14:18:28.313 -> 26.65, 31.65, 0.20, 0.00, 163, 0, -0.00, 0.00
14:18:29.340 -> 26.65, 31.65, 0.20, 0.00, 163, 0, -0.00, 0.00
14:18:30.380 -> 26.65, 31.65, 0.20, 0.00, 163, 0, -0.00, 0.00
14:18:31.390 -> 26.65, 31.65, 0.20, 0.00, 163, 0, 0.04, 0.00
14:18:32.393 -> 26.65, 31.65, 0.20, 0.00, 163, 0, -0.00, 0.00
14:18:33.435 -> 26.65, 31.65, 0.20, 0.00, 163, 0, -0.00, 0.00
14:18:34.438 -> 26.65, 31.65, 0.20, 0.00, 163, 0, -0.00, 0.00
14:18:35.484 -> 26.65, 31.65, 0.20, 0.00, 163, 0, -0.00, 0.00
14:18:36.508 -> 26.65, 31.65, 0.20, 0.00, 163, 0, -0.00, 0.00
14:18:37.508 -> 26.65, 31.65, 0.20, 0.00, 163, 0, -0.00, 0.00
14:18:38.530 -> 26.65, 31.65, 0.20, 0.00, 163, 0, -0.00, 0.00
14:18:39.589 -> 26.65, 31.65, 0.20, 0.00, 163, 0, -0.00, 0.00
14:18:40.589 -> 26.65, 31.65, 0.20, 0.00, 163, 0, -0.00, 0.00
14:18:41.625 -> 26.65, 31.65, 0.20, 0.00, 163, 0, -0.00, 0.00
14:18:42.624 -> 26.65, 31.65, 0.20, 0.00, 163, 0, -0.00, 0.00
14:18:43.646 -> 26.65, 31.65, 0.20, 0.00, 163, 0, -0.00, 0.00
14:18:44.697 -> 26.65, 31.65, 0.20, 0.00, 163, 0, -0.00, 0.00
14:18:45.705 -> 26.65, 31.65, 0.20, 0.00, 163, 0, -0.00, 0.00
14:18:46.741 -> 26.65, 31.65, 0.20, 0.00, 163, 0, -0.00, 0.00
14:18:47.741 -> 26.65, 31.65, 0.20, 0.00, 163, 0, 0.04, 0.00
14:18:48.796 -> 26.65, 31.65, 0.20, 0.00, 163, 0, -0.00, 0.00
14:18:49.789 -> 26.65, 31.65, 0.20, 0.00, 163, 0, 0.04, 0.00
14:18:50.840 -> 26.65, 31.65, 0.20, 0.00, 163, 0, -0.00, 0.00
14:18:51.853 -> 26.65, 31.65, 0.20, 0.00, 163, 0, -0.00, 0.00
14:18:52.875 -> 26.65, 31.65, 0.20, 0.00, 163, 0, -0.00, 0.00
14:18:53.892 -> 26.65, 31.65, 0.20, 0.00, 163, 0, -0.00, 0.00
14:18:54.927 -> 26.65, 31.65, 0.20, 0.00, 163, 0, -0.00, 0.00
14:18:55.925 -> 26.65, 31.65, 0.20, 0.00, 163, 0, -0.00, 0.00
14:18:56.971 -> 26.65, 31.65, 0.20, 0.00, 163, 0, 0.04, 0.00
14:18:57.996 -> 26.65, 31.65, 0.20, 0.00, 163, 0, -0.00, 0.00
14:18:59.009 -> 26.65, 31.65, 0.20, 0.00, 163, 0, -0.00, 0.00
14:19:00.050 -> 26.65, 31.65, 0.20, 0.00, 163, 0, -0.00, 0.00
14:19:01.041 -> 26.65, 31.65, 0.20, 0.00, 163, 0, -0.00, 0.00
14:19:02.066 -> 26.65, 31.65, 0.20, 0.00, 163, 0, 0.04, 0.00
14:19:03.101 -> 26.65, 31.65, 0.20, 0.00, 163, 0, -0.00, 0.00
14:19:04.142 -> 26.65, 31.65, 0.20, 0.00, 163, 0, -0.00, 0.00
14:19:05.152 -> 26.65, 31.65, 0.20, 0.00, 163, 0, 0.04, 0.00
14:19:06.191 -> 26.65, 31.65, 0.20, 0.00, 163, 0, -0.00, 0.00
14:19:07.188 -> 26.65, 31.65, 0.20, 0.00, 163, 0, -0.00, 0.00
14:19:08.200 -> 26.65, 31.65, 0.20, 0.00, 163, 0, -0.00, 0.00
14:19:09.225 -> 26.65, 31.65, 0.20, 0.00, 163, 0, 0.04, 0.00
14:19:10.279 -> 26.65, 31.65, 0.20, 0.00, 163, 0, -0.00, 0.00
14:19:11.274 -> 26.65, 31.65, 0.20, 0.00, 163, 0, -0.00, 0.00
14:19:12.325 -> 26.65, 31.65, 0.20, 0.00, 163, 0, -0.00, 0.00
14:19:13.339 -> 26.65, 31.65, 0.20, 0.00, 163, 0, -0.00, 0.00
14:19:14.348 -> 26.65, 31.65, 0.20, 0.00, 163, 0, -0.00, 0.00
14:19:15.382 -> 26.65, 31.65, 0.20, 0.00, 163, 0, -0.00, 0.00
14:19:16.411 -> 26.65, 31.65, 0.20, 0.00, 163, 0, -0.00, 0.00
14:19:17.441 -> 26.65, 31.65, 0.20, 0.00, 163, 0, -0.00, 0.00
14:19:18.447 -> 26.65, 31.65, 0.20, 0.00, 163, 0, -0.00, 0.00
14:19:19.485 -> 26.65, 31.65, 0.20, 0.00, 163, 0, -0.00, 0.00
14:19:20.511 -> 26.65, 31.65, 0.20, 0.00, 163, 0, -0.00, 0.00
14:19:21.515 -> 26.65, 31.65, 0.20, 0.00, 163, 0, -0.00, 0.00
14:19:22.527 -> 26.65, 31.65, 0.20, 0.00, 163, 0, -0.00, 0.00
14:19:23.550 -> 26.65, 31.65, 0.20, 0.00, 163, 0, -0.00, 0.00
14:19:24.595 -> 26.65, 31.65, 0.20, 0.00, 163, 0, -0.00, 0.00
14:19:25.599 -> 26.65, 31.65, 0.20, 0.00, 163, 0, -0.00, 0.00
14:19:26.633 -> 26.65, 31.65, 0.20, 0.00, 163, 0, -0.00, 0.00
14:19:27.654 -> 26.65, 31.65, 0.20, 0.00, 163, 0, -0.00, 0.00
14:19:28.673 -> 26.65, 31.65, 0.20, 0.00, 163, 0, -0.00, 0.00
14:19:29.717 -> 26.65, 31.65, 0.20, 0.00, 163, 0, 0.04, 0.00
14:19:30.711 -> 26.56, 31.56, 0.11, -0.09, 159, 0, -0.00, 0.00
14:19:31.757 -> 26.65, 31.65, 0.20, 0.09, 164, 0, -0.00, 0.00
14:19:32.785 -> 26.65, 31.65, 0.20, 0.00, 163, 0, -0.00, 0.00
14:19:33.797 -> 26.65, 31.65, 0.20, 0.00, 163, 0, -0.00, 0.00
14:19:34.817 -> 26.65, 31.65, 0.20, 0.00, 163, 0, -0.00, 0.00
14:19:35.846 -> 26.56, 31.56, 0.11, -0.09, 159, 0, 0.04, 0.00
14:19:36.872 -> 26.56, 31.56, 0.11, 0.00, 160, 0, -0.00, 0.00
14:19:37.894 -> 26.56, 31.56, 0.11, 0.00, 160, 0, -0.00, 0.00
14:19:38.924 -> 26.65, 31.65, 0.20, 0.09, 164, 0, -0.00, 0.00
14:19:39.917 -> 26.56, 31.56, 0.11, -0.09, 159, 0, -0.00, 0.00
14:19:40.971 -> 26.56, 31.56, 0.11, 0.00, 160, 0, -0.00, 0.00
14:19:49.094 -> 26.56, 31.56, 0.11, 0.00, 160, 0, -0.00, 0.00
14:19:49.094 -> 26.65, 31.65, 0.20, 0.09, 164, 0, -0.00, 0.00
14:19:49.094 -> 26.56, 31.56, 0.11, -0.09, 159, 0, 0.04, 0.00
14:19:49.094 -> 26.65, 31.65, 0.20, 0.09, 164, 0, -0.00, 0.00
14:19:49.094 -> 26.56, 31.56, 0.11, -0.09, 159, 0, 0.04, 0.00
14:19:49.094 -> 26.56, 31.56, 0.11, 0.00, 160, 0, -0.00, 0.00
14:19:49.094 -> 26.56, 31.56, 0.11, 0.00, 160, 0, 0.04, 0.00
14:19:49.128 -> 26.56, 31.56, 0.11, 0.00, 160, 0, -0.00, 0.00
14:19:53.557 -> 26.56, 31.56, 0.11, 0.00, 160, 0, -0.00, 0.00
14:19:53.557 -> 26.56, 31.56, 0.11, 0.00, 160, 0, 0.04, 0.00
14:19:53.557 -> 26.56, 31.56, 0.11, 0.00, 160, 0, -0.00, 0.00
14:19:53.557 -> 26.56, 31.56, 0.11, 0.00, 160, 0, -0.00, 0.00
14:19:54.276 -> 26.56, 31.56, 0.11, 0.00, 160, 0, 0.04, 0.00
14:19:57.975 -> 26.56, 31.56, 0.11, 0.00, 160, 0, -0.00, 0.00
14:19:57.975 -> 26.56, 31.56, 0.11, 0.00, 160, 0, -0.00, 0.00
14:19:57.975 -> 26.56, 31.56, 0.11, 0.00, 160, 0, -0.00, 0.00
14:19:58.360 -> 26.56, 31.56, 0.11, 0.00, 160, 0, -0.00, 0.00
14:20:00.291 -> 26.56, 31.56, 0.11, 0.00, 160, 0, -0.00, 0.00
14:20:00.394 -> 26.56, 31.56, 0.11, 0.00, 160, 0, -0.00, 0.00
14:20:11.171 -> 26.56, 31.56, 0.11, 0.00, 160, 0, -0.00, 0.00
14:20:11.171 -> 26.56, 31.56, 0.11, 0.00, 160, 0, -0.00, 0.00
14:20:11.171 -> 26.56, 31.56, 0.11, 0.00, 160, 0, -0.00, 0.00
14:20:11.171 -> 26.56, 31.56, 0.11, 0.00, 160, 0, 0.04, 0.00
14:20:11.171 -> 26.56, 31.56, 0.11, 0.00, 160, 0, 0.04, 0.00
14:20:11.171 -> 26.56, 31.56, 0.11, 0.00, 160, 0, -0.00, 0.00
14:20:11.171 -> 26.56, 31.56, 0.11, 0.00, 160, 0, 0.04, 0.00
14:20:11.171 -> 26.56, 31.56, 0.11, 0.00, 160, 0, -0.00, 0.00
14:20:11.171 -> 26.56, 31.56, 0.11, 0.00, 160, 0, 0.04, 0.00
14:20:11.171 -> 26.56, 31.56, 0.11, 0.00, 160, 0, -0.00, 0.00
14:20:12.440 -> 26.56, 31.56, 0.11, 0.00, 160, 0, -0.00, 0.00
14:20:13.433 -> 26.56, 31.56, 0.11, 0.00, 160, 0, 0.04, 0.00
14:20:13.715 -> 26.56, 31.56, 0.11, 0.00, 160, 0, -0.00, 0.00
14:20:15.616 -> 26.48, 31.48, 0.02, -0.09, 156, 145, 0.11, 1300.67
14:20:15.752 -> 26.56, 31.56, 0.11, 0.09, 161, 0, 1.65, 0.00
14:20:16.777 -> 26.56, 31.56, 0.11, 0.00, 160, 0, 0.04, 0.00
14:20:17.780 -> 26.48, 31.48, 0.02, -0.09, 156, 145, -0.00, -120882.32
14:20:18.798 -> 26.56, 31.56, 0.11, 0.09, 161, 0, 2.44, 0.00
14:20:19.827 -> 26.56, 31.56, 0.11, 0.00, 160, 0, 0.04, 0.00
14:20:21.371 -> 26.56, 31.56, 0.11, 0.00, 160, 0, -0.00, 0.00
14:20:21.897 -> 26.56, 31.56, 0.11, 0.00, 160, 0, -0.00, 0.00
14:20:22.905 -> 26.56, 31.56, 0.11, 0.00, 160, 0, -0.00, 0.00
14:20:24.365 -> 26.56, 31.56, 0.11, 0.00, 160, 0, -0.00, 0.00
14:20:24.959 -> 26.56, 31.56, 0.11, 0.00, 160, 0, -0.00, 0.00
14:20:25.978 -> 26.56, 31.56, 0.11, 0.00, 160, 0, -0.00, 0.00
14:20:26.986 -> 26.56, 31.56, 0.11, 0.00, 160, 0, -0.00, 0.00
14:20:28.835 -> 26.56, 31.56, 0.11, 0.00, 160, 0, -0.00, 0.00
14:20:29.043 -> 26.56, 31.56, 0.11, 0.00, 160, 0, -0.00, 0.00
14:20:32.838 -> 26.48, 31.48, 0.02, -0.09, 156, 145, 0.11, 1300.67
14:20:32.838 -> 26.48, 31.48, 0.02, 0.00, 157, 0, 1.20, 0.00
14:20:32.838 -> 26.56, 31.56, 0.11, 0.09, 161, 0, -0.00, 0.00
14:20:33.244 -> 26.56, 31.56, 0.11, 0.00, 160, 0, 0.04, 0.00
14:20:35.010 -> 26.48, 31.48, 0.02, -0.09, 156, 145, 0.11, 1300.67
14:20:36.446 -> 26.48, 31.48, 0.02, 0.00, 157, 0, 1.39, 0.00
14:20:36.446 -> 26.56, 31.56, 0.11, 0.09, 161, 0, -0.00, 0.00
14:20:38.067 -> 26.56, 31.56, 0.11, 0.00, 160, 0, -0.00, 0.00
14:20:39.578 -> 26.56, 31.56, 0.11, 0.00, 160, 0, -0.00, 0.00
14:20:39.578 -> 26.56, 31.56, 0.11, 0.00, 160, 0, -0.00, 0.00
14:20:40.282 -> 26.56, 31.56, 0.11, 0.00, 160, 0, -0.00, 0.00
14:20:41.489 -> 26.56, 31.56, 0.11, 0.00, 160, 0, -0.00, 0.00
14:20:43.808 -> 26.56, 31.56, 0.11, 0.00, 160, 0, -0.00, 0.00
14:20:43.808 -> 26.56, 31.56, 0.11, 0.00, 160, 0, -0.00, 0.00
14:20:45.131 -> 26.56, 31.56, 0.11, 0.00, 160, 0, -0.00, 0.00
14:20:46.497 -> 26.56, 31.56, 0.11, 0.00, 160, 0, -0.00, 0.00
14:20:46.497 -> 26.56, 31.56, 0.11, 0.00, 160, 0, -0.00, 0.00
14:20:48.012 -> 26.56, 31.56, 0.11, 0.00, 160, 0, 0.04, 0.00
14:20:52.564 -> 26.56, 31.56, 0.11, 0.00, 160, 0, -0.00, 0.00
14:20:52.564 -> 26.56, 31.56, 0.11, 0.00, 160, 0, -0.00, 0.00
14:20:52.564 -> 26.56, 31.56, 0.11, 0.00, 160, 0, -0.00, 0.00
14:20:52.564 -> 26.56, 31.56, 0.11, 0.00, 160, 0, -0.00, 0.00
14:20:52.564 -> 26.56, 31.56, 0.11, 0.00, 160, 0, -0.00, 0.00
14:21:00.679 -> 26.56, 31.56, 0.11, 0.00, 160, 0, -0.00, 0.00
14:21:00.679 -> 26.56, 31.56, 0.11, 0.00, 160, 0, -0.00, 0.00
14:21:00.679 -> 26.56, 31.56, 0.11, 0.00, 160, 0, -0.00, 0.00
14:21:00.679 -> 26.56, 31.56, 0.11, 0.00, 160, 0, -0.00, 0.00
14:21:00.679 -> 26.56, 31.56, 0.11, 0.00, 160, 0, -0.00, 0.00
14:21:00.679 -> 26.56, 31.56, 0.11, 0.00, 160, 0, -0.00, 0.00
14:21:00.679 -> 26.56, 31.56, 0.11, 0.00, 160, 0, -0.00, 0.00
14:21:01.193 -> 26.56, 31.56, 0.11, 0.00, 160, 0, -0.00, 0.00
14:21:02.030 -> 26.56, 31.56, 0.11, 0.00, 160, 0, -0.00, 0.00
14:21:02.805 -> 26.56, 31.56, 0.11, 0.00, 160, 0, -0.00, 0.00
14:21:03.825 -> 26.56, 31.56, 0.11, 0.00, 160, 0, 0.04, 0.00
14:21:04.908 -> 26.56, 31.56, 0.11, 0.00, 160, 0, -0.00, 0.00
14:21:05.869 -> 26.56, 31.56, 0.11, 0.00, 160, 0, 0.04, 0.00
14:21:07.223 -> 26.56, 31.56, 0.11, 0.00, 160, 0, -0.00, 0.00
14:21:07.927 -> 26.56, 31.56, 0.11, 0.00, 160, 0, -0.00, 0.00
14:21:08.919 -> 26.56, 31.56, 0.11, 0.00, 160, 0, -0.00, 0.00
14:21:09.956 -> 26.56, 31.56, 0.11, 0.00, 160, 0, -0.00, 0.00
14:21:11.400 -> 26.56, 31.56, 0.11, 0.00, 160, 0, -0.00, 0.00
14:21:11.992 -> 26.56, 31.56, 0.11, 0.00, 160, 0, 0.04, 0.00
14:21:13.555 -> 26.56, 31.56, 0.11, 0.00, 160, 0, -0.00, 0.00
14:21:14.057 -> 26.56, 31.56, 0.11, 0.00, 160, 0, -0.00, 0.00
14:21:15.075 -> 26.56, 31.56, 0.11, 0.00, 160, 0, -0.00, 0.00
14:21:16.300 -> 26.56, 31.56, 0.11, 0.00, 160, 0, -0.00, 0.00
14:21:17.120 -> 26.56, 31.56, 0.11, 0.00, 160, 0, 0.04, 0.00
14:21:18.601 -> 26.48, 31.48, 0.02, -0.09, 156, 145, -0.00, -120882.32
14:21:19.156 -> 26.56, 31.56, 0.11, 0.09, 161, 0, 1.05, 0.00
14:21:20.195 -> 26.56, 31.56, 0.11, 0.00, 160, 0, -0.00, 0.00
14:21:21.211 -> 26.48, 31.48, 0.02, -0.09, 156, 145, -0.00, -120882.32
14:21:22.232 -> 26.48, 31.48, 0.02, 0.00, 157, 0, 1.69, 0.00
14:21:23.261 -> 26.56, 31.56, 0.11, 0.09, 161, 0, -0.00, 0.00
14:21:24.281 -> 26.56, 31.56, 0.11, 0.00, 160, 0, -0.00, 0.00
14:21:26.163 -> 26.56, 31.56, 0.11, 0.00, 160, 0, -0.00, 0.00
14:21:26.337 -> 26.56, 31.56, 0.11, 0.00, 160, 0, -0.00, 0.00
14:21:27.340 -> 26.56, 31.56, 0.11, 0.00, 160, 0, -0.00, 0.00
14:21:28.362 -> 26.56, 31.56, 0.11, 0.00, 160, 0, -0.00, 0.00
14:21:29.385 -> 26.48, 31.48, 0.02, -0.09, 156, 145, -0.00, -120882.32
14:21:30.429 -> 26.48, 31.48, 0.02, 0.00, 157, 0, 1.99, 0.00
14:21:31.454 -> 26.56, 31.56, 0.11, 0.09, 161, 0, 0.04, 0.00
14:21:32.472 -> 26.56, 31.56, 0.11, 0.00, 160, 0, 0.04, 0.00
14:21:33.483 -> 26.56, 31.56, 0.11, 0.00, 160, 0, -0.00, 0.00
14:21:34.521 -> 26.48, 31.48, 0.02, -0.09, 156, 145, 0.04, 3987.83
14:21:35.549 -> 26.48, 31.48, 0.02, 0.00, 157, 0, 1.05, 0.00
14:21:36.572 -> 26.56, 31.56, 0.11, 0.09, 161, 0, -0.00, 0.00
14:21:37.590 -> 26.56, 31.56, 0.11, 0.00, 160, 0, 0.04, 0.00
14:21:38.610 -> 26.48, 31.48, 0.02, -0.09, 156, 145, -0.00, -120882.32
14:21:39.625 -> 26.48, 31.48, 0.02, 0.00, 157, 0, 2.63, 0.00
14:21:40.650 -> 26.56, 31.56, 0.11, 0.09, 161, 0, -0.00, 0.00
14:21:41.688 -> 26.56, 31.56, 0.11, 0.00, 160, 0, -0.00, 0.00
14:21:42.700 -> 26.48, 31.48, 0.02, -0.09, 156, 145, 0.15, 972.89
14:21:43.726 -> 26.48, 31.48, 0.02, 0.00, 157, 0, 2.52, 0.00
14:21:44.756 -> 26.56, 31.56, 0.11, 0.09, 161, 0, -0.00, 0.00
14:21:45.776 -> 26.56, 31.56, 0.11, 0.00, 160, 0, -0.00, 0.00
14:21:46.779 -> 26.56, 31.56, 0.11, 0.00, 160, 0, -0.00, 0.00
14:21:47.801 -> 26.56, 31.56, 0.11, 0.00, 160, 0, -0.00, 0.00
14:21:48.838 -> 26.56, 31.56, 0.11, 0.00, 160, 0, -0.00, 0.00
14:21:49.874 -> 26.56, 31.56, 0.11, 0.00, 160, 0, 0.04, 0.00
14:21:50.881 -> 26.56, 31.56, 0.11, 0.00, 160, 0, -0.00, 0.00
14:21:51.906 -> 26.56, 31.56, 0.11, 0.00, 160, 0, -0.00, 0.00
14:21:52.936 -> 26.56, 31.56, 0.11, 0.00, 160, 0, -0.00, 0.00
14:21:53.954 -> 26.56, 31.56, 0.11, 0.00, 160, 0, -0.00, 0.00
14:21:54.994 -> 26.56, 31.56, 0.11, 0.00, 160, 0, 0.04, 0.00
14:21:55.985 -> 26.56, 31.56, 0.11, 0.00, 160, 0, -0.00, 0.00
14:21:57.025 -> 26.56, 31.56, 0.11, 0.00, 160, 0, -0.00, 0.00
14:21:58.036 -> 26.56, 31.56, 0.11, 0.00, 160, 0, -0.00, 0.00
14:21:59.074 -> 26.56, 31.56, 0.11, 0.00, 160, 0, -0.00, 0.00
14:22:00.094 -> 26.56, 31.56, 0.11, 0.00, 160, 0, -0.00, 0.00
14:22:01.110 -> 26.56, 31.56, 0.11, 0.00, 160, 0, -0.00, 0.00
14:22:02.160 -> 26.56, 31.56, 0.11, 0.00, 160, 0, -0.00, 0.00
14:22:03.171 -> 26.56, 31.56, 0.11, 0.00, 160, 0, 0.04, 0.00
14:22:04.198 -> 26.56, 31.56, 0.11, 0.00, 160, 0, -0.00, 0.00
14:22:05.223 -> 26.56, 31.56, 0.11, 0.00, 160, 0, 0.04, 0.00
14:22:06.218 -> 26.56, 31.56, 0.11, 0.00, 160, 0, -0.00, 0.00
14:22:07.238 -> 26.56, 31.56, 0.11, 0.00, 160, 0, -0.00, 0.00
14:22:08.262 -> 26.56, 31.56, 0.11, 0.00, 160, 0, -0.00, 0.00
14:22:09.310 -> 26.56, 31.56, 0.11, 0.00, 160, 0, 0.04, 0.00
14:22:10.324 -> 26.56, 31.56, 0.11, 0.00, 160, 0, -0.00, 0.00
14:22:11.338 -> 26.56, 31.56, 0.11, 0.00, 160, 0, 0.04, 0.00
14:22:12.359 -> 26.56, 31.56, 0.11, 0.00, 160, 0, -0.00, 0.00
14:22:13.387 -> 26.56, 31.56, 0.11, 0.00, 160, 0, -0.00, 0.00
