//final_actions_11_3_20200821-143348
//const unsigned char q_actions[150] = {0, 211, 248, 0, 237, 248, 0, 212, 248, 0, 220, 248, 0, 48, 48, 0, 201, 201, 0, 227, 244, 0, 252, 216, 0, 206, 254, 0, 192, 192, 0, 247, 247, 0, 203, 183, 0, 242, 3, 0, 246, 246, 0, 183, 183, 0, 79, 79, 0, 42, 42, 0, 20, 20, 0, 249, 249, 0, 209, 245, 0, 46, 46, 0, 21, 209, 0, 155, 182, 0, 108, 108, 0, 103, 103, 0, 34, 103, 0, 80, 149, 0, 223, 223, 0, 96, 108, 0, 106, 223, 0, 197, 197, 0, 56, 56, 0, 250, 84, 0, 43, 110, 0, 206, 80, 0, 79, 47, 0, 16, 72, 0, 220, 220, 0, 133, 31, 0, 67, 67, 0, 3, 3, 0, 110, 65, 0, 197, 243, 0, 243, 38, 0, 65, 239, 0, 65, 217, 0, 245, 198, 0, 65, 105, 0, 160, 110, 0, 159, 85};


20:38:52.987 -> 21.48, 26.48, -5.00, 0.00, 1, 211, -0.19, -1116.40
20:38:54.019 -> 21.48, 26.48, -5.00, 0.00, 1, 211, -0.19, -1116.40
20:38:55.046 -> 21.40, 26.48, -5.09, -0.09, -3, 0, -0.19, 0.00
20:38:56.086 -> 21.40, 26.48, -5.09, 0.00, -99, 97, -0.00, -80866.11
20:38:57.083 -> 21.40, 26.48, -5.09, 0.00, -99, 20, 0.04, 550.05
20:38:59.924 -> Timestamp, Temperature (ºC), Setpoint, Error, Delta_T, State, PWM output, Current, PWM / Current
20:39:00.979 -> 21.40, 0.20, 21.20, 21.40, 788, 0, 0.04, 0.00
20:39:02.017 -> 21.40, 0.20, 21.20, 0.00, 787, 0, 0.04, 0.00
20:39:03.020 -> 21.40, 0.20, 21.20, 0.00, 787, 0, 0.04, 0.00
20:39:04.070 -> 21.40, 0.20, 21.20, 0.00, 787, 0, 0.04, 0.00
20:39:05.091 -> 21.40, 0.20, 21.20, 0.00, 787, 0, -0.00, 0.00
20:39:06.095 -> 26.20
20:39:06.095 -> 21.40, 26.40, -5.00, 0.00, 1, 211, 0.04, 5802.99
20:39:07.108 -> 21.40, 26.40, -5.00, 0.00, 1, 211, 0.04, 5802.99
20:39:08.135 -> 21.40, 26.40, -5.00, 0.00, 1, 211, 0.04, 5802.99
20:39:09.165 -> 21.40, 26.40, -5.00, 0.00, 1, 211, 0.04, 5802.99
20:39:10.181 -> 21.40, 26.40, -5.00, 0.00, 1, 211, 0.04, 5802.99
20:39:11.216 -> 21.40, 26.40, -5.00, 0.00, 1, 211, 0.04, 5802.99
20:39:12.247 -> 21.40, 26.40, -5.00, 0.00, 1, 211, 0.04, 5802.99
20:39:13.251 -> 21.40, 26.40, -5.00, 0.00, 1, 211, 0.04, 5802.99
20:39:14.300 -> 21.40, 26.40, -5.00, 0.00, 1, 211, 0.04, 5802.99
20:39:15.308 -> 21.40, 26.40, -5.00, 0.00, 1, 211, 0.04, 5802.99
20:39:16.341 -> 21.40, 26.40, -5.00, 0.00, 1, 211, 0.04, 5802.99
20:39:17.372 -> 21.40, 26.40, -5.00, 0.00, 1, 211, 0.04, 5802.99
20:39:18.396 -> 21.40, 26.40, -5.00, 0.00, 1, 211, -0.00, -175904.62
20:39:19.386 -> 21.40, 26.40, -5.00, 0.00, 1, 211, -0.00, -175904.62
20:39:20.427 -> 21.40, 26.40, -5.00, 0.00, 1, 211, 0.04, 5802.99
20:39:21.456 -> 21.40, 26.40, -5.00, 0.00, 1, 211, -0.00, -175904.62
20:39:22.490 -> 21.40, 26.40, -5.00, 0.00, 1, 211, 0.04, 5802.99
20:39:23.496 -> 21.40, 26.40, -5.00, 0.00, 1, 211, 0.04, 5802.99
20:39:24.530 -> 21.40, 26.40, -5.00, 0.00, 1, 211, -0.00, -175904.62
20:39:25.527 -> 21.40, 26.40, -5.00, 0.00, 1, 211, 0.04, 5802.99
20:39:26.561 -> 21.40, 26.40, -5.00, 0.00, 1, 211, -0.00, -175904.62
20:39:27.578 -> 21.40, 26.40, -5.00, 0.00, 1, 211, 0.07, 2854.41
20:39:28.603 -> 21.40, 26.40, -5.00, 0.00, 1, 211, 0.04, 5802.99
20:39:29.643 -> 21.40, 26.40, -5.00, 0.00, 1, 211, 0.04, 5802.99
20:39:30.647 -> 21.40, 26.40, -5.00, 0.00, 1, 211, 0.04, 5802.99
20:39:31.677 -> 21.40, 26.40, -5.00, 0.00, 1, 211, 0.04, 5802.99
20:39:32.702 -> 21.40, 26.40, -5.00, 0.00, 1, 211, 0.04, 5802.99
20:39:33.721 -> 21.40, 26.40, -5.00, 0.00, 1, 211, 0.04, 5802.99
20:39:34.759 -> 21.40, 26.40, -5.00, 0.00, 1, 211, -0.00, -175904.62
20:39:35.781 -> 21.40, 26.40, -5.00, 0.00, 1, 211, 0.04, 5802.99
20:39:36.785 -> 21.40, 26.40, -5.00, 0.00, 1, 211, -0.00, -175904.62
20:39:37.825 -> 21.40, 26.40, -5.00, 0.00, 1, 211, -0.00, -175904.62
20:39:38.829 -> 21.40, 26.40, -5.00, 0.00, 1, 211, 0.04, 5802.99
20:39:39.876 -> 21.40, 26.40, -5.00, 0.00, 1, 211, 0.04, 5802.99
20:39:40.880 -> 21.40, 26.40, -5.00, 0.00, 1, 211, 0.04, 5802.99
20:39:41.909 -> 21.40, 26.40, -5.00, 0.00, 1, 211, -0.00, -175904.62
20:39:42.950 -> 21.40, 26.40, -5.00, 0.00, 1, 211, -0.00, -175904.62
20:39:43.974 -> 21.40, 26.40, -5.00, 0.00, 1, 211, 0.04, 5802.99
20:39:44.968 -> 21.40, 26.40, -5.00, 0.00, 1, 211, 0.04, 5802.99
20:39:45.995 -> 21.40, 26.40, -5.00, 0.00, 1, 211, 0.04, 5802.99
20:39:47.026 -> 21.40, 26.40, -5.00, 0.00, 1, 211, -0.00, -175904.62
20:39:48.052 -> 21.40, 26.40, -5.00, 0.00, 1, 211, 0.04, 5802.99
20:39:49.064 -> 21.40, 26.40, -5.00, 0.00, 1, 211, 0.04, 5802.99
20:39:50.095 -> 21.40, 26.40, -5.00, 0.00, 1, 211, 0.04, 5802.99
20:39:51.139 -> 21.40, 26.40, -5.00, 0.00, 1, 211, 0.04, 5802.99
20:39:52.164 -> 21.40, 26.40, -5.00, 0.00, 1, 211, 0.04, 5802.99
20:39:53.158 -> 21.40, 26.40, -5.00, 0.00, 1, 211, 0.04, 5802.99
20:39:54.190 -> 21.40, 26.40, -5.00, 0.00, 1, 211, 0.04, 5802.99
20:39:55.231 -> 21.40, 26.40, -5.00, 0.00, 1, 211, -0.00, -175904.62
20:39:56.244 -> 21.40, 26.40, -5.00, 0.00, 1, 211, 0.04, 5802.99
20:39:57.275 -> 21.31, 26.40, -5.09, -0.09, -3, 0, 0.04, 0.00
20:39:58.273 -> 21.40, 26.40, -5.00, 0.09, 2, 248, 0.04, 6820.57
20:39:59.321 -> 21.31, 26.40, -5.09, -0.09, -3, 0, -0.00, 0.00
20:40:00.318 -> 21.40, 26.40, -5.00, 0.09, 2, 248, 0.04, 6820.57
20:40:01.355 -> 21.31, 26.40, -5.09, -0.09, -3, 0, 0.04, 0.00
20:40:02.387 -> 21.31, 26.40, -5.09, 0.00, -99, 64, 0.04, 1760.15
20:40:03.395 -> 21.31, 26.40, -5.09, 0.00, -99, 52, 0.04, 1430.12
20:40:04.439 -> 21.31, 26.40, -5.09, 0.00, -99, 84, 0.04, 2310.19
20:40:05.455 -> 21.31, 26.40, -5.09, 0.00, -99, 76, -0.00, -63359.01
20:40:06.457 -> 21.31, 26.40, -5.09, 0.00, -99, 20, -0.00, -16673.42
20:40:07.512 -> 21.31, 26.40, -5.09, 0.00, -99, 66, 0.04, 1815.15
20:40:08.534 -> 21.31, 26.40, -5.09, 0.00, -99, 66, -0.00, -55022.30
20:40:09.561 -> 21.31, 26.40, -5.09, 0.00, -99, 117, 0.04, 3217.77
20:40:10.560 -> 21.31, 26.40, -5.09, 0.00, -99, 117, -0.00, -97539.53
20:40:11.577 -> 21.31, 26.40, -5.09, 0.00, -99, 64, 0.04, 1760.15
20:40:12.607 -> 21.31, 26.40, -5.09, 0.00, -99, 117, -0.00, -97539.53
20:40:13.636 -> 21.31, 26.40, -5.09, 0.00, -99, 64, -0.00, -53354.96
20:40:14.661 -> 21.31, 26.40, -5.09, 0.00, -99, 117, 0.04, 3217.77
20:40:15.696 -> 21.31, 26.40, -5.09, 0.00, -99, 2, 0.04, 55.00
20:40:16.716 -> 21.31, 26.40, -5.09, 0.00, -99, 121, -0.00, -100874.21
20:40:17.745 -> 21.31, 26.40, -5.09, 0.00, -99, 117, 0.04, 3217.77
20:40:18.773 -> 21.31, 26.40, -5.09, 0.00, -99, 1, 0.04, 27.50
20:40:19.784 -> 21.31, 26.40, -5.09, 0.00, -99, 117, 0.04, 3217.77
20:40:20.805 -> 21.31, 26.40, -5.09, 0.00, -99, 64, -0.00, -53354.96
20:40:21.817 -> 21.31, 26.40, -5.09, 0.00, -99, 117, -0.00, -97539.53
20:40:22.837 -> 21.31, 26.40, -5.09, 0.00, -99, 64, -0.00, -53354.96
20:40:23.856 -> 21.31, 26.40, -5.09, 0.00, -99, 66, -0.00, -55022.30
20:40:24.910 -> 21.31, 26.40, -5.09, 0.00, -99, 64, 0.04, 1760.15
20:40:25.933 -> 21.31, 26.40, -5.09, 0.00, -99, 66, 0.04, 1815.15
20:40:26.936 -> 21.31, 26.40, -5.09, 0.00, -99, 2, 0.04, 55.00
20:40:27.977 -> 21.31, 26.40, -5.09, 0.00, -99, 33, -0.00, -27511.15
20:40:28.980 -> 21.31, 26.40, -5.09, 0.00, -99, 77, 0.04, 2117.68
20:40:30.014 -> 21.31, 26.40, -5.09, 0.00, -99, 57, 0.04, 1567.63
20:40:31.027 -> 21.31, 26.40, -5.09, 0.00, -99, 64, 0.04, 1760.15
20:40:32.045 -> 21.31, 26.40, -5.09, 0.00, -99, 66, -0.00, -55022.30
20:40:33.066 -> 21.31, 26.40, -5.09, 0.00, -99, 117, 0.04, 3217.77
20:40:34.087 -> 21.31, 26.40, -5.09, 0.00, -99, 64, 0.04, 1760.15
20:40:35.122 -> 21.31, 26.40, -5.09, 0.00, -99, 117, -0.00, -97539.53
20:40:36.162 -> 21.31, 26.40, -5.09, 0.00, -99, 64, -0.00, -53354.96
20:40:37.163 -> 21.31, 26.40, -5.09, 0.00, -99, 117, -0.00, -97539.53
20:40:38.196 -> 21.31, 26.40, -5.09, 0.00, -99, 97, 0.04, 2667.72
20:40:39.213 -> 21.31, 26.40, -5.09, 0.00, -99, 76, 0.04, 2090.17
20:40:40.240 -> 21.31, 26.40, -5.09, 0.00, -99, 64, 0.04, 1760.15
20:40:41.252 -> 21.31, 26.40, -5.09, 0.00, -99, 53, 0.04, 1457.62
20:40:42.277 -> 21.31, 26.40, -5.09, 0.00, -99, 66, 0.04, 1815.15
20:40:43.301 -> 21.31, 26.40, -5.09, 0.00, -99, 64, -0.00, -53354.96
20:40:44.341 -> 21.31, 26.40, -5.09, 0.00, -99, 97, -0.00, -80866.11
20:40:45.358 -> 21.31, 26.40, -5.09, 0.00, -99, 0, 0.04, 0.00
20:40:46.397 -> 21.31, 26.40, -5.09, 0.00, -99, 64, 0.04, 1760.15
20:40:47.399 -> 21.31, 26.40, -5.09, 0.00, -99, 64, -0.00, -53354.96
20:40:48.441 -> 21.31, 26.40, -5.09, 0.00, -99, 97, -0.00, -80866.11
20:40:49.445 -> 21.31, 26.40, -5.09, 0.00, -99, 32, -0.00, -26677.48
20:40:50.466 -> 21.31, 26.40, -5.09, 0.00, -99, 84, 0.04, 2310.19
20:40:51.486 -> 21.31, 26.40, -5.09, 0.00, -99, 0, -0.00, 0.00
20:40:52.535 -> 21.31, 26.40, -5.09, 0.00, -99, 97, 0.04, 2667.72
20:40:53.543 -> 21.31, 26.40, -5.09, 0.00, -99, 97, 0.04, 2667.72
20:40:54.583 -> 21.31, 26.40, -5.09, 0.00, -99, 2, 0.04, 55.00
20:40:55.579 -> 21.31, 26.40, -5.09, 0.00, -99, 53, 0.04, 1457.62
20:40:56.623 -> 21.31, 26.40, -5.09, 0.00, -99, 117, -0.00, -97539.53
20:40:57.630 -> 21.31, 26.40, -5.09, 0.00, -99, 66, -0.00, -55022.30
20:40:58.670 -> 21.31, 26.40, -5.09, 0.00, -99, 64, -0.00, -53354.96
20:40:59.691 -> 21.31, 26.40, -5.09, 0.00, -99, 117, 0.04, 3217.77
20:41:00.715 -> 21.31, 26.40, -5.09, 0.00, -99, 64, -0.00, -53354.96
20:41:01.722 -> 21.31, 26.40, -5.09, 0.00, -99, 66, 0.04, 1815.15
20:41:02.755 -> 21.31, 26.40, -5.09, 0.00, -99, 0, -0.00, 0.00
20:41:03.771 -> 21.31, 26.40, -5.09, 0.00, -99, 97, -0.00, -80866.11
20:41:04.787 -> 21.31, 26.40, -5.09, 0.00, -99, 66, 0.04, 1815.15
20:41:05.835 -> 21.31, 26.40, -5.09, 0.00, -99, 97, 0.04, 2667.72
20:41:06.853 -> 21.31, 26.40, -5.09, 0.00, -99, 12, 0.04, 330.03
20:41:07.858 -> 21.31, 26.40, -5.09, 0.00, -99, 53, 0.04, 1457.62
20:41:08.895 -> 21.31, 26.40, -5.09, 0.00, -99, 117, -0.00, -97539.53
20:41:09.916 -> 21.31, 26.40, -5.09, 0.00, -99, 97, 0.04, 2667.72
20:41:10.942 -> 21.31, 26.40, -5.09, 0.00, -99, 66, -0.00, -55022.30
20:41:11.945 -> 21.31, 26.40, -5.09, 0.00, -99, 97, -0.00, -80866.11
20:41:12.998 -> 21.31, 26.40, -5.09, 0.00, -99, 108, 0.04, 2970.25
20:41:13.995 -> 21.31, 26.40, -5.09, 0.00, -99, 32, -0.00, -26677.48
20:41:15.025 -> 21.31, 26.40, -5.09, 0.00, -99, 117, 0.04, 3217.77
20:41:16.069 -> 21.31, 26.40, -5.09, 0.00, -99, 97, -0.00, -80866.11
20:41:17.088 -> 21.31, 26.40, -5.09, 0.00, -99, 117, 0.04, 3217.77
20:41:18.100 -> 21.31, 26.40, -5.09, 0.00, -99, 97, 0.04, 2667.72
20:41:19.122 -> 21.31, 26.40, -5.09, 0.00, -99, 64, 0.04, 1760.15
20:41:20.168 -> 21.31, 26.40, -5.09, 0.00, -99, 12, 0.04, 330.03
20:41:21.163 -> 21.31, 26.40, -5.09, 0.00, -99, 76, 0.04, 2090.17
20:41:22.188 -> 21.31, 26.40, -5.09, 0.00, -99, 84, -0.00, -70028.39
20:41:23.208 -> 21.31, 26.40, -5.09, 0.00, -99, 97, 0.04, 2667.72
20:41:24.249 -> 21.31, 26.40, -5.09, 0.00, -99, 2, 0.04, 55.00
20:41:26.834 -> Timestamp, Temperature (ºC), Setpoint, Error, Delta_T, State, PWM output, Current, PWM / Current
20:41:27.882 -> 21.23, 0.20, 21.03, 21.23, 782, 0, 0.04, 0.00
20:41:28.910 -> 21.23, 0.20, 21.03, 0.00, 781, 0, 0.04, 0.00
20:41:29.914 -> 21.23, 0.20, 21.03, 0.00, 781, 0, -0.00, 0.00
20:41:30.970 -> 21.23, 0.20, 21.03, 0.00, 781, 0, 0.04, 0.00
20:41:31.961 -> 21.23, 0.20, 21.03, 0.00, 781, 0, 0.04, 0.00
20:41:32.979 -> 26.03
20:41:33.014 -> 21.23, 26.23, -5.00, 0.00, 1, 211, -0.00, -175904.62
20:41:34.007 -> 21.23, 26.23, -5.00, 0.00, 1, 211, 0.04, 5802.99
20:41:35.044 -> 21.23, 26.23, -5.00, 0.00, 1, 211, 0.04, 5802.99
20:41:36.071 -> 21.23, 26.23, -5.00, 0.00, 1, 211, 0.04, 5802.99
20:41:37.078 -> 21.23, 26.23, -5.00, 0.00, 1, 211, -0.00, -175904.62
20:41:38.130 -> 21.23, 26.23, -5.00, 0.00, 1, 211, -0.00, -175904.62
20:41:39.140 -> 21.23, 26.23, -5.00, 0.00, 1, 211, -0.00, -175904.62
20:41:40.171 -> 21.23, 26.23, -5.00, 0.00, 1, 211, -0.00, -175904.62
20:41:41.199 -> 21.23, 26.23, -5.00, 0.00, 1, 211, -0.00, -175904.62
20:41:42.225 -> 21.23, 26.23, -5.00, 0.00, 1, 211, -0.00, -175904.62
20:41:43.216 -> 21.23, 26.23, -5.00, 0.00, 1, 211, -0.00, -175904.62
20:41:44.251 -> 21.23, 26.23, -5.00, 0.00, 1, 211, 0.04, 5802.99
20:41:45.283 -> 21.23, 26.23, -5.00, 0.00, 1, 211, 0.04, 5802.99
20:41:46.320 -> 21.23, 26.23, -5.00, 0.00, 1, 211, 0.04, 5802.99
20:41:47.319 -> 21.23, 26.23, -5.00, 0.00, 1, 211, 0.04, 5802.99
20:41:48.350 -> 21.23, 26.23, -5.00, 0.00, 1, 211, -0.00, -175904.62
20:41:49.380 -> 21.23, 26.23, -5.00, 0.00, 1, 211, 0.04, 5802.99
20:41:50.410 -> 21.23, 26.23, -5.00, 0.00, 1, 211, 0.04, 5802.99
20:41:51.432 -> 21.23, 26.23, -5.00, 0.00, 1, 211, -0.00, -175904.62
20:41:52.432 -> 21.23, 26.23, -5.00, 0.00, 1, 211, -0.00, -175904.62
20:41:53.469 -> 21.23, 26.23, -5.00, 0.00, 1, 211, 0.04, 5802.99
20:41:54.489 -> 21.23, 26.23, -5.00, 0.00, 1, 211, -0.00, -175904.62
20:41:55.520 -> 21.23, 26.23, -5.00, 0.00, 1, 211, -0.00, -175904.62
20:41:56.553 -> 21.23, 26.23, -5.00, 0.00, 1, 211, 0.04, 5802.99
20:41:57.544 -> 21.23, 26.23, -5.00, 0.00, 1, 211, -0.00, -175904.62
20:41:58.576 -> 21.23, 26.23, -5.00, 0.00, 1, 211, 0.04, 5802.99
20:41:59.596 -> 21.23, 26.23, -5.00, 0.00, 1, 211, 0.04, 5802.99
20:42:00.641 -> 21.23, 26.23, -5.00, 0.00, 1, 211, -0.00, -175904.62
20:42:01.655 -> 21.23, 26.23, -5.00, 0.00, 1, 211, 0.04, 5802.99
20:42:02.677 -> 21.23, 26.23, -5.00, 0.00, 1, 211, 0.04, 5802.99
20:42:03.704 -> 21.23, 26.23, -5.00, 0.00, 1, 211, -0.00, -175904.62
20:42:04.732 -> 21.23, 26.23, -5.00, 0.00, 1, 211, 0.04, 5802.99
20:42:05.743 -> 21.23, 26.23, -5.00, 0.00, 1, 211, 0.04, 5802.99
20:42:06.757 -> 21.23, 26.23, -5.00, 0.00, 1, 211, 0.04, 5802.99
20:42:07.784 -> 21.23, 26.23, -5.00, 0.00, 1, 211, 0.04, 5802.99
20:42:08.798 -> 21.23, 26.23, -5.00, 0.00, 1, 211, 0.04, 5802.99
20:42:09.829 -> 21.23, 26.23, -5.00, 0.00, 1, 211, 0.04, 5802.99
20:42:10.879 -> 21.23, 26.23, -5.00, 0.00, 1, 211, 0.04, 5802.99
20:42:11.873 -> 21.23, 26.23, -5.00, 0.00, 1, 211, 0.04, 5802.99
20:42:12.909 -> 21.23, 26.23, -5.00, 0.00, 1, 211, 0.04, 5802.99
20:42:13.915 -> 21.23, 26.23, -5.00, 0.00, 1, 211, -0.00, -175904.62
20:42:14.945 -> 21.23, 26.23, -5.00, 0.00, 1, 211, -0.00, -175904.62
20:42:15.990 -> 21.23, 26.23, -5.00, 0.00, 1, 211, -0.00, -175904.62
20:42:16.989 -> 21.23, 26.23, -5.00, 0.00, 1, 211, 0.04, 5802.99
20:42:18.012 -> 21.23, 26.23, -5.00, 0.00, 1, 211, 0.04, 5802.99
20:42:19.043 -> 21.23, 26.23, -5.00, 0.00, 1, 211, 0.04, 5802.99
20:42:20.063 -> 21.23, 26.23, -5.00, 0.00, 1, 211, 0.04, 5802.99
20:42:21.086 -> 21.23, 26.23, -5.00, 0.00, 1, 211, 0.04, 5802.99
20:42:22.112 -> 21.23, 26.23, -5.00, 0.00, 1, 211, 0.04, 5802.99
20:42:23.137 -> 21.23, 26.23, -5.00, 0.00, 1, 211, 0.04, 5802.99
20:42:24.154 -> 21.23, 26.23, -5.00, 0.00, 1, 211, -0.00, -175904.62
20:42:25.184 -> 21.23, 26.23, -5.00, 0.00, 1, 211, -0.00, -175904.62
20:42:26.202 -> 21.23, 26.23, -5.00, 0.00, 1, 211, 0.04, 5802.99
20:42:27.230 -> 21.23, 26.23, -5.00, 0.00, 1, 211, -0.00, -175904.62
20:42:28.271 -> 21.23, 26.23, -5.00, 0.00, 1, 211, -0.00, -175904.62
20:42:29.274 -> 21.23, 26.23, -5.00, 0.00, 1, 211, 0.04, 5802.99
20:42:30.304 -> 21.23, 26.23, -5.00, 0.00, 1, 211, -0.00, -175904.62
20:42:31.335 -> 21.23, 26.23, -5.00, 0.00, 1, 211, 0.04, 5802.99
20:42:32.346 -> 21.23, 26.23, -5.00, 0.00, 1, 211, 0.04, 5802.99
20:42:33.375 -> 21.23, 26.23, -5.00, 0.00, 1, 211, 0.04, 5802.99
20:42:34.407 -> 21.23, 26.23, -5.00, 0.00, 1, 211, -0.00, -175904.62
20:42:35.422 -> 21.23, 26.23, -5.00, 0.00, 1, 211, 0.04, 5802.99
20:42:36.454 -> 21.23, 26.23, -5.00, 0.00, 1, 211, 0.04, 5802.99
20:42:37.469 -> 21.23, 26.23, -5.00, 0.00, 1, 211, -0.00, -175904.62
20:42:38.500 -> 21.23, 26.23, -5.00, 0.00, 1, 211, 0.04, 5802.99
20:42:39.503 -> 21.23, 26.23, -5.00, 0.00, 1, 211, 0.04, 5802.99
20:42:40.552 -> 21.23, 26.23, -5.00, 0.00, 1, 211, -0.00, -175904.62
20:42:41.576 -> 21.23, 26.23, -5.00, 0.00, 1, 211, -0.00, -175904.62
20:42:42.575 -> 21.23, 26.23, -5.00, 0.00, 1, 211, -0.00, -175904.62
20:42:43.599 -> 21.23, 26.23, -5.00, 0.00, 1, 211, 0.04, 5802.99
20:42:44.620 -> 21.23, 26.23, -5.00, 0.00, 1, 211, 0.04, 5802.99
20:42:45.664 -> 21.23, 26.23, -5.00, 0.00, 1, 211, 0.04, 5802.99
20:42:46.668 -> 21.23, 26.23, -5.00, 0.00, 1, 211, 0.04, 5802.99
20:42:47.720 -> 21.23, 26.23, -5.00, 0.00, 1, 211, -0.00, -175904.62
20:42:48.728 -> 21.23, 26.23, -5.00, 0.00, 1, 211, 0.04, 5802.99
20:42:49.736 -> 21.23, 26.23, -5.00, 0.00, 1, 211, -0.00, -175904.62
20:42:50.757 -> 21.23, 26.23, -5.00, 0.00, 1, 211, -0.00, -175904.62
20:42:51.804 -> 21.23, 26.23, -5.00, 0.00, 1, 211, -0.00, -175904.62
20:42:52.831 -> 21.23, 26.23, -5.00, 0.00, 1, 211, 0.04, 5802.99
20:42:53.854 -> 21.23, 26.23, -5.00, 0.00, 1, 211, 0.04, 5802.99
20:42:54.849 -> 21.23, 26.23, -5.00, 0.00, 1, 211, 0.04, 5802.99
20:42:55.880 -> 21.23, 26.23, -5.00, 0.00, 1, 211, 0.04, 5802.99
20:42:56.901 -> 21.23, 26.23, -5.00, 0.00, 1, 211, 0.04, 5802.99
20:42:57.928 -> 21.23, 26.23, -5.00, 0.00, 1, 211, -0.00, -175904.62
20:42:58.945 -> 21.23, 26.23, -5.00, 0.00, 1, 211, 0.04, 5802.99
20:42:59.992 -> 21.23, 26.23, -5.00, 0.00, 1, 211, 0.04, 5802.99
20:43:01.013 -> 21.23, 26.23, -5.00, 0.00, 1, 211, -0.00, -175904.62
20:43:02.016 -> 21.23, 26.23, -5.00, 0.00, 1, 211, -0.00, -175904.62
20:43:03.038 -> 21.23, 26.23, -5.00, 0.00, 1, 211, 0.04, 5802.99
20:43:04.065 -> 21.23, 26.23, -5.00, 0.00, 1, 211, 0.04, 5802.99
20:43:05.105 -> 21.23, 26.23, -5.00, 0.00, 1, 211, 0.04, 5802.99
20:43:06.122 -> 21.23, 26.23, -5.00, 0.00, 1, 211, 0.04, 5802.99
20:43:07.142 -> 21.23, 26.23, -5.00, 0.00, 1, 211, -0.00, -175904.62
20:43:08.186 -> 21.23, 26.23, -5.00, 0.00, 1, 211, -0.00, -175904.62
20:43:09.198 -> 21.23, 26.23, -5.00, 0.00, 1, 211, 0.04, 5802.99
20:43:10.211 -> 21.23, 26.23, -5.00, 0.00, 1, 211, -0.00, -175904.62
20:43:11.239 -> 21.23, 26.23, -5.00, 0.00, 1, 211, -0.00, -175904.62
20:43:12.249 -> 21.23, 26.23, -5.00, 0.00, 1, 211, 0.04, 5802.99
20:43:13.298 -> 21.23, 26.23, -5.00, 0.00, 1, 211, 0.04, 5802.99
20:43:14.313 -> 21.23, 26.23, -5.00, 0.00, 1, 211, 0.04, 5802.99
20:43:15.347 -> 21.23, 26.23, -5.00, 0.00, 1, 211, 0.04, 5802.99
20:43:16.341 -> 21.23, 26.23, -5.00, 0.00, 1, 211, -0.00, -175904.62
20:43:17.371 -> 21.23, 26.23, -5.00, 0.00, 1, 211, 0.04, 5802.99
20:43:18.410 -> 21.23, 26.23, -5.00, 0.00, 1, 211, 0.04, 5802.99
20:43:19.419 -> 21.23, 26.23, -5.00, 0.00, 1, 211, 0.04, 5802.99
20:43:20.446 -> 21.23, 26.23, -5.00, 0.00, 1, 211, 0.04, 5802.99
20:43:21.485 -> 21.23, 26.23, -5.00, 0.00, 1, 211, 0.04, 5802.99
20:43:22.511 -> 21.23, 26.23, -5.00, 0.00, 1, 211, 0.04, 5802.99
20:43:23.506 -> 21.23, 26.23, -5.00, 0.00, 1, 211, -0.00, -175904.62
20:43:24.537 -> 21.23, 26.23, -5.00, 0.00, 1, 211, 0.04, 5802.99
20:43:25.565 -> 21.23, 26.23, -5.00, 0.00, 1, 211, 0.04, 5802.99
20:43:26.603 -> 21.23, 26.23, -5.00, 0.00, 1, 211, 3.12, 67.71
20:43:27.623 -> 21.14, 26.23, -5.09, -0.09, -3, 0, 3.30, 0.00
20:43:28.621 -> 21.31, 26.23, -4.91, 0.17, 5, 248, 0.26, 947.57
20:43:29.659 -> 21.23, 26.23, -5.00, -0.09, 0, 0, 3.42, 0.00
20:43:30.666 -> 21.31, 26.23, -4.91, 0.09, 5, 248, 0.19, 1329.04
20:43:31.691 -> 21.23, 26.23, -5.00, -0.09, 0, 0, 3.49, 0.00
20:43:32.715 -> 21.31, 26.23, -4.91, 0.09, 5, 248, 0.15, 1663.97
20:43:33.743 -> 21.23, 26.23, -5.00, -0.09, 0, 0, 3.49, 0.00
20:43:34.763 -> 21.31, 26.23, -4.91, 0.09, 5, 248, 0.19, 1329.04
20:43:35.782 -> 21.23, 26.23, -5.00, -0.09, 0, 0, 3.42, 0.00
20:43:36.836 -> 21.31, 26.23, -4.91, 0.09, 5, 248, 0.19, 1329.04
20:43:37.827 -> 21.23, 26.23, -5.00, -0.09, 0, 0, 3.45, 0.00
20:43:38.873 -> 21.31, 26.23, -4.91, 0.09, 5, 248, 0.26, 947.57
20:43:39.904 -> 21.14, 26.23, -5.09, -0.17, -3, 0, 3.45, 0.00
20:43:40.907 -> 21.23, 26.23, -5.00, 0.09, 2, 248, 0.30, 828.65
20:43:41.923 -> 21.06, 26.23, -5.17, -0.17, -6, 18, 3.60, 4.99
20:43:42.960 -> 21.23, 26.23, -5.00, 0.17, 2, 248, 0.41, 602.00
20:43:44.000 -> 21.06, 26.23, -5.17, -0.17, -6, 18, 3.60, 4.99
20:43:44.995 -> 21.23, 26.23, -5.00, 0.17, 2, 248, 0.15, 1663.97
20:43:46.011 -> 21.06, 26.23, -5.17, -0.17, -6, 18, 3.68, 4.89
20:43:47.045 -> 21.23, 26.23, -5.00, 0.17, 2, 248, 0.37, 662.39
20:43:48.072 -> 21.06, 26.23, -5.17, -0.17, -6, 18, 3.57, 5.05
20:43:49.093 -> 21.23, 26.23, -5.00, 0.17, 2, 248, 0.56, 441.12
20:43:50.121 -> 21.06, 26.23, -5.17, -0.17, -6, 18, 3.42, 5.27
20:43:51.143 -> 21.31, 26.23, -4.91, 0.26, 5, 248, 0.15, 1663.97
20:43:52.160 -> 21.14, 26.23, -5.09, -0.17, -3, 0, 3.49, 0.00
20:43:54.084 -> Timestamp, Temperature (ºC), Setpoint, Error, Delta_T, State, PWM output, Current, PWM / Current
20:43:55.142 -> 21.31, 0.20, 21.11, 21.31, 785, 0, 0.04, 0.00
20:43:56.190 -> 21.31, 0.20, 21.11, 0.00, 784, 0, 0.04, 0.00
20:43:57.210 -> 21.40, 0.20, 21.20, 0.09, 788, 0, 0.04, 0.00
20:43:58.215 -> 21.40, 0.20, 21.20, 0.00, 787, 0, -0.00, 0.00
20:43:59.238 -> 21.40, 0.20, 21.20, 0.00, 787, 0, -0.00, 0.00
20:44:00.256 -> 26.20
20:44:00.290 -> 21.40, 26.40, -5.00, 0.00, 1, 211, -0.00, -175904.62
20:44:01.288 -> 21.31, 26.40, -5.09, -0.09, -3, 0, 3.30, 0.00
20:44:02.310 -> 21.48, 26.40, -4.91, 0.17, 5, 248, 0.26, 947.57
20:44:03.343 -> 21.31, 26.40, -5.09, -0.17, -3, 0, 3.42, 0.00
20:44:04.349 -> 21.57, 26.40, -4.83, 0.26, 8, 248, 0.30, 828.65
20:44:05.379 -> 21.40, 26.40, -5.00, -0.17, 0, 0, 3.45, 0.00
20:44:06.401 -> 21.57, 26.40, -4.83, 0.17, 8, 248, 0.26, 947.57
20:44:07.444 -> 21.40, 26.40, -5.00, -0.17, 0, 0, 3.45, 0.00
20:44:08.451 -> 21.66, 26.40, -4.74, 0.26, 11, 248, 0.26, 947.57
20:44:09.464 -> 21.48, 26.40, -4.91, -0.17, 3, 0, 3.49, 0.00
20:44:10.516 -> 21.66, 26.40, -4.74, 0.17, 11, 248, 0.30, 828.65
20:44:11.548 -> 21.57, 26.40, -4.83, -0.09, 6, 0, 3.45, 0.00
20:44:12.543 -> 21.74, 26.40, -4.66, 0.17, 11, 248, 0.30, 828.65
20:44:13.565 -> 21.57, 26.40, -4.83, -0.17, 6, 0, 3.49, 0.00
20:44:14.611 -> 21.74, 26.40, -4.66, 0.17, 11, 248, 0.26, 947.57
20:44:15.636 -> 21.57, 26.40, -4.83, -0.17, 6, 0, 3.45, 0.00
20:44:16.636 -> 21.83, 26.40, -4.57, 0.26, 14, 48, 0.26, 183.40
20:44:17.655 -> 21.83, 26.40, -4.57, 0.00, 13, 48, 1.24, 38.76
20:44:18.680 -> 21.83, 26.40, -4.57, 0.00, 13, 48, 1.05, 45.69
20:44:19.704 -> 21.83, 26.40, -4.57, 0.00, 13, 48, 1.39, 34.57
20:44:20.754 -> 21.91, 26.40, -4.48, 0.09, 17, 201, 1.54, 130.62
20:44:21.768 -> 21.74, 26.40, -4.66, -0.17, 9, 0, 2.70, 0.00
20:44:22.793 -> 21.91, 26.40, -4.48, 0.17, 17, 201, 0.30, 671.61
20:44:23.821 -> 21.74, 26.40, -4.66, -0.17, 9, 0, 3.30, 0.00
20:44:24.816 -> 22.00, 26.40, -4.40, 0.26, 20, 244, 0.34, 724.38
20:44:25.873 -> 21.83, 26.40, -4.57, -0.17, 12, 0, 3.34, 0.00
20:44:26.885 -> 22.00, 26.40, -4.40, 0.17, 20, 244, 0.30, 815.29
20:44:27.909 -> 21.83, 26.40, -4.57, -0.17, 12, 0, 3.45, 0.00
20:44:28.916 -> 22.09, 26.40, -4.31, 0.26, 23, 216, 0.30, 721.73
20:44:29.965 -> 21.91, 26.40, -4.48, -0.17, 15, 0, 3.23, 0.00
20:44:30.972 -> 22.09, 26.40, -4.31, 0.17, 23, 216, 0.30, 721.73
20:44:32.007 -> 21.91, 26.40, -4.48, -0.17, 15, 0, 2.97, 0.00
20:44:33.001 -> 22.17, 26.40, -4.23, 0.26, 26, 254, 0.30, 848.70
20:44:34.057 -> 22.00, 26.40, -4.40, -0.17, 18, 0, 3.49, 0.00
20:44:35.048 -> 22.17, 26.40, -4.23, 0.17, 26, 254, 0.26, 970.50
20:44:36.077 -> 22.00, 26.40, -4.40, -0.17, 18, 0, 3.49, 0.00
20:44:37.122 -> 22.26, 26.40, -4.14, 0.26, 29, 192, 0.30, 641.54
20:44:38.150 -> 22.09, 26.40, -4.31, -0.17, 21, 0, 2.21, 0.00
20:44:39.139 -> 22.26, 26.40, -4.14, 0.17, 29, 192, 0.30, 641.54
20:44:40.177 -> 22.09, 26.40, -4.31, -0.17, 21, 0, 2.37, 0.00
20:44:41.187 -> 22.35, 26.40, -4.05, 0.26, 29, 192, -0.04, -4953.61
20:44:42.218 -> 22.17, 26.40, -4.23, -0.17, 24, 0, 3.27, 0.00
20:44:43.261 -> 22.35, 26.40, -4.05, 0.17, 29, 192, 0.30, 641.54
20:44:44.276 -> 22.26, 26.40, -4.14, -0.09, 27, 0, 3.04, 0.00
20:44:45.285 -> 22.43, 26.40, -3.97, 0.17, 32, 247, 0.26, 943.75
20:44:46.319 -> 22.26, 26.40, -4.14, -0.17, 27, 0, 3.49, 0.00
20:44:47.356 -> 22.52, 26.40, -3.88, 0.26, 35, 183, 0.30, 611.46
20:44:48.370 -> 22.35, 26.40, -4.05, -0.17, 27, 0, 3.08, 0.00
20:44:49.398 -> 22.52, 26.40, -3.88, 0.17, 35, 183, 0.30, 611.46
20:44:50.398 -> 22.35, 26.40, -4.05, -0.17, 27, 0, 2.52, 0.00
20:44:51.442 -> 22.60, 26.40, -3.79, 0.26, 38, 3, 0.34, 8.91
20:44:52.450 -> 22.60, 26.40, -3.79, 0.00, 37, 242, 0.07, 3273.78
20:44:53.473 -> 22.43, 26.40, -3.97, -0.17, 30, 0, 3.38, 0.00
20:44:54.490 -> 22.69, 26.40, -3.71, 0.26, 41, 246, 0.26, 939.93
20:44:55.512 -> 22.52, 26.40, -3.88, -0.17, 33, 0, 3.30, 0.00
20:44:56.563 -> 22.69, 26.40, -3.71, 0.17, 41, 246, -0.00, -205083.10
20:44:57.574 -> 22.52, 26.40, -3.88, -0.17, 33, 0, 3.42, 0.00
20:44:58.590 -> 22.78, 26.40, -3.62, 0.26, 44, 183, 0.30, 611.46
20:44:59.612 -> 22.60, 26.40, -3.79, -0.17, 36, 0, 2.89, 0.00
20:45:00.654 -> 22.78, 26.40, -3.62, 0.17, 44, 183, 0.30, 611.46
20:45:01.667 -> 22.69, 26.40, -3.71, -0.09, 39, 0, 2.48, 0.00
20:45:02.684 -> 22.86, 26.40, -3.53, 0.17, 47, 79, 0.34, 234.53
20:45:03.708 -> 22.86, 26.40, -3.53, 0.00, 46, 79, 0.60, 131.72
20:45:04.734 -> 22.86, 26.40, -3.53, 0.00, 46, 79, 0.79, 100.31
20:45:05.747 -> 22.95, 26.40, -3.45, 0.09, 50, 42, 0.86, 48.69
20:45:06.799 -> 22.95, 26.40, -3.45, 0.00, 49, 42, 0.67, 62.23
20:45:07.797 -> 22.95, 26.40, -3.45, 0.00, 49, 42, 0.49, 86.23
20:45:08.843 -> 23.04, 26.40, -3.36, 0.09, 50, 42, 0.41, 101.95
20:45:09.858 -> 23.04, 26.40, -3.36, 0.00, 49, 42, 0.56, 74.71
20:45:10.892 -> 23.04, 26.40, -3.36, 0.00, 49, 42, 0.64, 65.90
20:45:11.895 -> 23.04, 26.40, -3.36, 0.00, 49, 42, 0.83, 50.90
20:45:12.917 -> 23.12, 26.40, -3.27, 0.09, 53, 20, 1.05, 19.04
20:45:13.941 -> 23.12, 26.40, -3.27, 0.00, 52, 20, 0.79, 25.39
20:45:14.959 -> 23.21, 26.40, -3.19, 0.09, 56, 249, 0.52, 474.61
20:45:16.004 -> 22.95, 26.40, -3.45, -0.26, 48, 0, 3.45, 0.00
20:45:17.008 -> 23.21, 26.40, -3.19, 0.26, 56, 249, 0.30, 831.99
20:45:18.061 -> 23.04, 26.40, -3.36, -0.17, 48, 0, 3.45, 0.00
20:45:19.052 -> 23.21, 26.40, -3.19, 0.17, 56, 249, 0.26, 951.39
20:45:20.082 -> 23.04, 26.40, -3.36, -0.17, 48, 0, 3.45, 0.00
20:45:21.120 -> 23.30, 26.40, -3.10, 0.26, 59, 245, 0.30, 818.63
20:45:22.128 -> 23.12, 26.40, -3.27, -0.17, 51, 0, 3.34, 0.00
20:45:23.169 -> 23.39, 26.40, -3.01, 0.26, 62, 46, 0.34, 136.56
20:45:24.172 -> 23.39, 26.40, -3.01, 0.00, 61, 46, 0.49, 94.44
20:45:25.213 -> 23.30, 26.40, -3.10, -0.09, 57, 0, 0.86, 0.00
20:45:26.219 -> 23.39, 26.40, -3.01, 0.09, 62, 46, 0.04, 1265.11
20:45:27.243 -> 23.39, 26.40, -3.01, 0.00, 61, 46, 1.39, 33.13
20:45:28.270 -> 23.47, 26.40, -2.93, 0.09, 65, 209, 1.24, 168.78
20:45:29.308 -> 23.30, 26.40, -3.10, -0.17, 57, 0, 2.82, 0.00
20:45:30.329 -> 23.47, 26.40, -2.93, 0.17, 65, 209, 0.30, 698.34
20:45:31.351 -> 23.30, 26.40, -3.10, -0.17, 57, 0, 3.30, 0.00
20:45:32.381 -> 23.56, 26.40, -2.84, 0.26, 68, 182, 0.26, 695.40
20:45:33.371 -> 23.39, 26.40, -3.01, -0.17, 60, 0, 3.00, 0.00
20:45:34.409 -> 23.56, 26.40, -2.84, 0.17, 68, 182, 0.30, 608.12
20:45:35.434 -> 23.39, 26.40, -3.01, -0.17, 60, 0, 2.37, 0.00
20:45:36.469 -> 23.65, 26.40, -2.75, 0.26, 68, 182, 0.26, 695.40
20:45:37.496 -> 23.47, 26.40, -2.93, -0.17, 63, 0, 1.69, 0.00
20:45:38.512 -> 23.65, 26.40, -2.75, 0.17, 68, 182, 0.04, 5005.42
20:45:39.543 -> 23.47, 26.40, -2.93, -0.17, 63, 0, 2.93, 0.00
20:45:40.564 -> 23.73, 26.40, -2.66, 0.26, 71, 108, -0.00, -90036.50
20:45:41.595 -> 23.65, 26.40, -2.75, -0.09, 66, 0, 1.28, 0.00
20:45:42.614 -> 23.82, 26.40, -2.58, 0.17, 74, 103, 0.04, 2832.74
20:45:43.640 -> 23.73, 26.40, -2.66, -0.09, 69, 0, 1.61, 0.00
20:45:44.661 -> 23.82, 26.40, -2.58, 0.09, 74, 103, 0.04, 2832.74
20:45:45.682 -> 23.82, 26.40, -2.58, 0.00, 73, 103, 2.40, 42.87
20:45:46.686 -> 23.82, 26.40, -2.58, 0.00, 73, 103, 2.44, 42.21
20:45:47.730 -> 23.82, 26.40, -2.58, 0.00, 73, 103, 2.33, 44.25
20:45:48.755 -> 23.91, 26.40, -2.49, 0.09, 77, 103, 2.55, 40.35
20:45:49.763 -> 23.91, 26.40, -2.49, 0.00, 76, 34, 2.55, 13.32
20:45:50.789 -> 24.00, 26.40, -2.40, 0.09, 80, 149, 0.90, 165.51
20:45:51.824 -> 23.82, 26.40, -2.58, -0.17, 72, 0, 2.63, 0.00
20:45:52.850 -> 24.00, 26.40, -2.40, 0.17, 80, 149, 0.30, 497.86
20:45:53.875 -> 23.91, 26.40, -2.49, -0.09, 75, 0, 2.21, 0.00
20:45:54.865 -> 24.08, 26.40, -2.31, 0.17, 83, 223, 0.30, 745.12
20:45:55.896 -> 23.91, 26.40, -2.49, -0.17, 75, 0, 3.38, 0.00
20:45:56.923 -> 24.17, 26.40, -2.23, 0.26, 86, 108, 0.30, 360.86
20:45:57.943 -> 24.08, 26.40, -2.31, -0.09, 81, 0, 1.54, 0.00
20:45:58.957 -> 24.17, 26.40, -2.23, 0.09, 86, 108, 0.04, 2970.25
20:46:00.011 -> 24.17, 26.40, -2.23, 0.00, 85, 96, 2.25, 42.62
20:46:01.027 -> 24.17, 26.40, -2.23, 0.00, 85, 96, 2.48, 38.74
20:46:02.039 -> 24.17, 26.40, -2.23, 0.00, 85, 96, 2.25, 42.62
20:46:03.070 -> 24.17, 26.40, -2.23, 0.00, 85, 96, 1.76, 54.42
20:46:04.083 -> 24.26, 26.40, -2.14, 0.09, 89, 223, 1.88, 118.82
20:46:05.097 -> 24.08, 26.40, -2.31, -0.18, 81, 0, 2.85, 0.00
20:46:06.121 -> 24.35, 26.40, -2.05, 0.26, 89, 223, 0.34, 662.03
20:46:07.151 -> 24.17, 26.40, -2.23, -0.18, 84, 0, 3.34, 0.00
20:46:08.168 -> 24.43, 26.40, -1.96, 0.26, 92, 197, 0.30, 658.24
20:46:09.216 -> 24.26, 26.40, -2.14, -0.18, 87, 0, 3.12, 0.00
20:46:10.225 -> 24.43, 26.40, -1.96, 0.18, 92, 197, 0.37, 526.17
20:46:11.264 -> 24.26, 26.40, -2.14, -0.18, 87, 0, 2.70, 0.00
20:46:12.260 -> 24.52, 26.40, -1.88, 0.26, 95, 56, 0.30, 187.11
20:46:13.311 -> 24.52, 26.40, -1.88, 0.00, 94, 56, 0.30, 187.11
20:46:14.337 -> 24.52, 26.40, -1.88, 0.00, 94, 56, 0.34, 166.25
20:46:15.352 -> 24.52, 26.40, -1.88, 0.00, 94, 56, 0.45, 124.58
20:46:16.376 -> 24.61, 26.40, -1.79, 0.09, 98, 84, 0.67, 124.47
20:46:17.390 -> 24.61, 26.40, -1.79, 0.00, 97, 250, 1.39, 180.05
20:46:18.413 -> 24.43, 26.40, -1.96, -0.18, 90, 0, 3.45, 0.00
20:46:19.451 -> 24.70, 26.40, -1.70, 0.26, 101, 110, 0.34, 326.56
20:46:20.448 -> 24.61, 26.40, -1.79, -0.09, 96, 0, 0.90, 0.00
20:46:21.470 -> 24.70, 26.40, -1.70, 0.09, 101, 110, 0.34, 326.56
20:46:22.497 -> 24.61, 26.40, -1.79, -0.09, 96, 0, 0.86, 0.00
20:46:23.516 -> 24.79, 26.40, -1.61, 0.18, 104, 80, 0.04, 2200.18
20:46:24.549 -> 24.79, 26.40, -1.61, 0.00, 103, 206, 0.60, 343.47
20:46:25.563 -> 24.61, 26.40, -1.79, -0.18, 96, 0, 3.34, 0.00
20:46:26.617 -> 24.87, 26.40, -1.52, 0.26, 107, 47, 0.30, 157.04
20:46:27.639 -> 24.87, 26.40, -1.52, 0.00, 106, 79, 0.49, 162.19
20:46:28.635 -> 24.87, 26.40, -1.52, 0.00, 106, 79, 1.31, 60.15
20:46:29.654 -> 24.96, 26.40, -1.44, 0.09, 110, 72, 1.61, 44.61
20:46:30.682 -> 24.96, 26.40, -1.44, 0.00, 109, 16, 2.03, 7.89
20:46:31.718 -> 24.96, 26.40, -1.44, 0.00, 109, 16, 0.56, 28.46
20:46:32.740 -> 25.05, 26.40, -1.35, 0.09, 113, 220, 0.56, 391.32
20:46:33.769 -> 24.87, 26.40, -1.52, -0.18, 105, 0, 2.82, 0.00
20:46:34.790 -> 25.05, 26.40, -1.35, 0.18, 113, 220, 0.30, 735.09
20:46:35.829 -> 24.87, 26.40, -1.52, -0.18, 105, 0, 3.00, 0.00
20:46:36.833 -> 25.14, 26.40, -1.26, 0.26, 113, 220, 0.04, 6050.51
20:46:37.870 -> 24.96, 26.40, -1.44, -0.18, 108, 0, 3.45, 0.00
20:46:38.865 -> 25.14, 26.40, -1.26, 0.18, 113, 220, 0.26, 840.59
20:46:39.922 -> 24.96, 26.40, -1.44, -0.18, 108, 0, 3.30, 0.00
20:46:40.943 -> 25.23, 26.40, -1.17, 0.27, 116, 31, 0.34, 92.03
20:46:41.942 -> 25.23, 26.40, -1.17, 0.00, 115, 133, 0.79, 168.88
20:46:42.970 -> 25.14, 26.40, -1.26, -0.09, 111, 0, 2.14, 0.00
20:46:44.010 -> 25.32, 26.40, -1.08, 0.18, 119, 67, 0.34, 198.91
20:46:45.034 -> 25.32, 26.40, -1.08, 0.00, 118, 67, 2.03, 33.05
20:46:46.038 -> 25.32, 26.40, -1.08, 0.00, 118, 67, 1.88, 35.70
20:46:47.083 -> 25.32, 26.40, -1.08, 0.00, 118, 67, 1.35, 49.59
20:46:48.082 -> 25.41, 26.40, -0.99, 0.09, 122, 3, 1.99, 1.51
20:46:49.113 -> 25.41, 26.40, -0.99, 0.00, 121, 3, 0.04, 82.51
20:46:50.130 -> 25.41, 26.40, -0.99, 0.00, 121, 3, 0.04, 82.51
20:46:51.148 -> 25.49, 26.40, -0.90, 0.09, 125, 65, 0.07, 879.32
20:46:52.192 -> 25.49, 26.40, -0.90, 0.00, 124, 110, 0.49, 225.83
20:46:53.226 -> 25.41, 26.40, -0.99, -0.09, 120, 0, 1.09, 0.00
20:46:54.249 -> 25.49, 26.40, -0.90, 0.09, 125, 65, 0.30, 217.19
20:46:55.266 -> 25.58, 26.40, -0.82, 0.09, 128, 243, 0.34, 721.41
20:46:56.295 -> 25.41, 26.40, -0.99, -0.18, 120, 0, 3.23, 0.00
20:46:57.301 -> 25.58, 26.40, -0.82, 0.18, 128, 243, 0.04, 6683.06
20:46:58.338 -> 25.41, 26.40, -0.99, -0.18, 120, 0, 3.42, 0.00
20:46:59.363 -> 25.67, 26.40, -0.73, 0.27, 131, 38, 0.30, 126.97
20:47:00.367 -> 25.67, 26.40, -0.73, 0.00, 130, 243, 0.94, 259.12
20:47:01.403 -> 25.49, 26.40, -0.90, -0.18, 123, 0, 3.38, 0.00
20:47:02.407 -> 25.67, 26.40, -0.73, 0.18, 131, 38, 0.26, 145.19
20:47:03.431 -> 25.76, 26.40, -0.64, 0.09, 134, 239, 1.13, 212.33
20:47:04.457 -> 25.58, 26.40, -0.82, -0.18, 126, 0, 3.19, 0.00
20:47:05.488 -> 25.76, 26.40, -0.64, 0.18, 134, 239, 0.34, 709.53
20:47:06.527 -> 25.58, 26.40, -0.82, -0.18, 126, 0, 3.42, 0.00
20:47:07.543 -> 25.85, 26.40, -0.55, 0.27, 137, 217, 0.30, 725.07
20:47:08.551 -> 25.67, 26.40, -0.73, -0.18, 129, 0, 3.00, 0.00
20:47:09.576 -> 25.85, 26.40, -0.55, 0.18, 137, 217, 0.37, 579.59
20:47:10.595 -> 25.67, 26.40, -0.73, -0.18, 129, 0, 2.55, 0.00
20:47:11.625 -> 25.94, 26.40, -0.46, 0.27, 137, 217, -0.00, -180906.65
20:47:12.657 -> 25.76, 26.40, -0.64, -0.18, 132, 0, 3.38, 0.00
20:47:13.668 -> 25.94, 26.40, -0.46, 0.18, 137, 217, 0.34, 644.22
20:47:14.709 -> 25.76, 26.40, -0.64, -0.18, 132, 0, 3.23, 0.00
20:47:15.723 -> 26.03, 26.40, -0.37, 0.27, 140, 198, 0.34, 587.81
20:47:16.733 -> 25.85, 26.40, -0.55, -0.18, 135, 0, 2.70, 0.00
20:47:17.756 -> 26.03, 26.40, -0.37, 0.18, 140, 198, 0.30, 661.58
20:47:18.797 -> 25.85, 26.40, -0.55, -0.18, 135, 0, 2.37, 0.00
20:47:19.830 -> 26.12, 26.40, -0.28, 0.27, 143, 105, 0.07, 1420.44
20:47:20.857 -> 26.12, 26.40, -0.28, 0.00, 142, 65, 1.05, 61.88
20:47:21.856 -> 26.12, 26.40, -0.28, 0.00, 142, 65, 0.64, 101.99
20:47:22.873 -> 26.21, 26.40, -0.19, 0.09, 146, 110, 0.60, 183.41
20:47:23.923 -> 26.21, 26.40, -0.19, 0.00, 145, 160, 0.94, 170.61
20:47:24.940 -> 26.03, 26.40, -0.37, -0.18, 138, 0, 2.03, 0.00
20:47:25.964 -> 26.30, 26.40, -0.10, 0.27, 149, 85, 0.04, 2337.70
20:47:26.977 -> 26.30, 26.40, -0.10, 0.00, 148, 159, 0.71, 223.18
20:47:28.004 -> 26.12, 26.40, -0.28, -0.18, 141, 0, 2.06, 0.00
20:47:29.007 -> 26.39, 26.40, -0.01, 0.27, 152, 0, 0.04, 0.00
20:47:30.032 -> 26.39, 26.40, -0.01, 0.00, 151, 0, -0.00, 0.00
20:47:31.090 -> 26.39, 26.40, -0.01, 0.00, 151, 0, 0.04, 0.00
20:47:32.080 -> 26.48, 26.40, 0.08, 0.09, 155, 0, 0.04, 0.00
20:47:33.126 -> 26.48, 26.40, 0.08, 0.00, 154, 0, 0.04, 0.00
20:47:34.152 -> 26.48, 26.40, 0.08, 0.00, 154, 0, 0.04, 0.00
20:47:35.157 -> 26.56, 26.40, 0.17, 0.09, 158, 0, 0.04, 0.00
20:47:36.189 -> 26.56, 26.40, 0.17, 0.00, 157, 0, -0.00, 0.00
20:47:37.206 -> 26.56, 26.40, 0.17, 0.00, 157, 0, 0.04, 0.00
20:47:38.231 -> 26.56, 26.40, 0.17, 0.00, 157, 0, 0.07, 0.00
20:47:39.240 -> 26.65, 26.40, 0.26, 0.09, 161, 0, 0.04, 0.00
20:47:40.278 -> 26.65, 26.40, 0.26, 0.00, 160, 0, 0.04, 0.00
20:47:41.289 -> 26.65, 26.40, 0.26, 0.00, 160, 0, -0.00, 0.00
20:47:42.336 -> 26.65, 26.40, 0.26, 0.00, 160, 0, -0.00, 0.00
20:47:43.355 -> 26.74, 26.40, 0.35, 0.09, 161, 0, -0.00, 0.00
20:47:44.388 -> 26.74, 26.40, 0.35, 0.00, 160, 0, -0.00, 0.00
20:47:45.415 -> 26.74, 26.40, 0.35, 0.00, 160, 0, -0.00, 0.00
20:47:46.430 -> 26.74, 26.40, 0.35, 0.00, 160, 0, 0.04, 0.00
20:47:47.442 -> 26.74, 26.40, 0.35, 0.00, 160, 0, 0.04, 0.00
20:47:48.467 -> 26.74, 26.40, 0.35, 0.00, 160, 0, -0.00, 0.00
20:47:49.493 -> 26.83, 26.40, 0.44, 0.09, 164, 0, 0.04, 0.00
20:47:50.522 -> 26.83, 26.40, 0.44, 0.00, 163, 0, 0.04, 0.00
20:47:51.539 -> 26.83, 26.40, 0.44, 0.00, 163, 0, 0.04, 0.00
20:47:52.555 -> 26.83, 26.40, 0.44, 0.00, 163, 0, -0.00, 0.00
20:47:53.591 -> 26.83, 26.40, 0.44, 0.00, 163, 0, 0.04, 0.00
20:47:54.618 -> 26.83, 26.40, 0.44, 0.00, 163, 0, -0.00, 0.00
20:47:55.613 -> 26.83, 26.40, 0.44, 0.00, 163, 0, 0.04, 0.00
20:47:56.663 -> 26.92, 26.40, 0.53, 0.09, 167, 0, 0.04, 0.00
20:47:57.665 -> 26.92, 26.40, 0.53, 0.00, 166, 0, 0.04, 0.00
20:47:58.686 -> 26.92, 26.40, 0.53, 0.00, 166, 0, -0.00, 0.00
20:47:59.732 -> 26.92, 26.40, 0.53, 0.00, 166, 0, 0.04, 0.00
20:48:00.736 -> 26.92, 26.40, 0.53, 0.00, 166, 0, 0.04, 0.00
20:48:01.753 -> 26.92, 26.40, 0.53, 0.00, 166, 0, 0.04, 0.00
20:48:02.804 -> 26.92, 26.40, 0.53, 0.00, 166, 0, -0.00, 0.00
20:48:03.824 -> 26.92, 26.40, 0.53, 0.00, 166, 0, -0.00, 0.00
20:48:04.818 -> 26.92, 26.40, 0.53, 0.00, 166, 0, 0.04, 0.00
20:48:05.865 -> 26.92, 26.40, 0.53, 0.00, 166, 0, -0.00, 0.00
20:48:06.886 -> 26.92, 26.40, 0.53, 0.00, 166, 0, 0.04, 0.00
20:48:07.891 -> 26.92, 26.40, 0.53, 0.00, 166, 0, -0.00, 0.00
20:48:08.934 -> 26.92, 26.40, 0.53, 0.00, 166, 0, -0.00, 0.00
20:48:09.951 -> 26.92, 26.40, 0.53, 0.00, 166, 0, -0.00, 0.00
20:48:10.964 -> 26.92, 26.40, 0.53, 0.00, 166, 0, 0.04, 0.00
20:48:12.000 -> 27.01, 26.40, 0.62, 0.09, 170, 0, -0.00, 0.00
20:48:13.007 -> 27.01, 26.40, 0.62, 0.00, 169, 0, -0.00, 0.00
20:48:14.055 -> 27.01, 26.40, 0.62, 0.00, 169, 0, 0.04, 0.00
20:48:15.083 -> 27.01, 26.40, 0.62, 0.00, 169, 0, 0.04, 0.00
20:48:16.085 -> 27.01, 26.40, 0.62, 0.00, 169, 0, 0.04, 0.00
20:48:17.125 -> 27.01, 26.40, 0.62, 0.00, 169, 0, 0.04, 0.00
20:48:18.160 -> 27.01, 26.40, 0.62, 0.00, 169, 0, 0.04, 0.00
20:48:19.168 -> 27.01, 26.40, 0.62, 0.00, 169, 0, 0.04, 0.00
20:48:20.189 -> 27.01, 26.40, 0.62, 0.00, 169, 0, 0.04, 0.00
20:48:21.199 -> 27.01, 26.40, 0.62, 0.00, 169, 0, 0.04, 0.00
20:48:22.231 -> 27.01, 26.40, 0.62, 0.00, 169, 0, 0.04, 0.00
20:48:23.260 -> 27.01, 26.40, 0.62, 0.00, 169, 0, 0.04, 0.00
20:48:24.271 -> 27.01, 26.40, 0.62, 0.00, 169, 0, 0.04, 0.00
20:48:25.294 -> 27.01, 26.40, 0.62, 0.00, 169, 0, -0.00, 0.00
20:48:26.316 -> 27.01, 26.40, 0.62, 0.00, 169, 0, 0.04, 0.00
20:48:27.342 -> 27.01, 26.40, 0.62, 0.00, 169, 0, -0.00, 0.00
20:48:28.377 -> 27.01, 26.40, 0.62, 0.00, 169, 0, 0.04, 0.00
20:48:29.393 -> 27.01, 26.40, 0.62, 0.00, 169, 0, 0.04, 0.00
20:48:30.413 -> 27.01, 26.40, 0.62, 0.00, 169, 0, 0.04, 0.00
20:48:31.440 -> 27.01, 26.40, 0.62, 0.00, 169, 0, 0.07, 0.00
20:48:32.446 -> 27.10, 26.40, 0.71, 0.09, 173, 0, 0.04, 0.00
20:48:33.497 -> 27.01, 26.40, 0.62, -0.09, 168, 0, 0.04, 0.00
20:48:34.520 -> 27.10, 26.40, 0.71, 0.09, 173, 0, 0.04, 0.00
20:48:35.545 -> 27.10, 26.40, 0.71, 0.00, 172, 0, -0.00, 0.00
20:48:36.542 -> 27.10, 26.40, 0.71, 0.00, 172, 0, 0.04, 0.00
20:48:37.592 -> 27.10, 26.40, 0.71, 0.00, 172, 0, 0.04, 0.00
20:48:38.619 -> 27.10, 26.40, 0.71, 0.00, 172, 0, 0.04, 0.00
20:48:39.613 -> 27.10, 26.40, 0.71, 0.00, 172, 0, 0.04, 0.00
20:48:40.650 -> 27.10, 26.40, 0.71, 0.00, 172, 0, 0.04, 0.00
20:48:41.691 -> 27.10, 26.40, 0.71, 0.00, 172, 0, 0.04, 0.00
20:48:42.691 -> 27.10, 26.40, 0.71, 0.00, 172, 0, -0.00, 0.00
20:48:43.717 -> 27.10, 26.40, 0.71, 0.00, 172, 0, 0.04, 0.00
20:48:44.735 -> 27.10, 26.40, 0.71, 0.00, 172, 0, 0.04, 0.00
20:48:45.759 -> 27.10, 26.40, 0.71, 0.00, 172, 0, 0.04, 0.00
20:48:46.772 -> 27.10, 26.40, 0.71, 0.00, 172, 0, -0.00, 0.00
20:48:47.804 -> 27.10, 26.40, 0.71, 0.00, 172, 0, -0.00, 0.00
20:48:48.830 -> 27.10, 26.40, 0.71, 0.00, 172, 0, 0.04, 0.00
20:48:49.862 -> 27.10, 26.40, 0.71, 0.00, 172, 0, 0.04, 0.00
20:48:50.871 -> 27.10, 26.40, 0.71, 0.00, 172, 0, -0.00, 0.00
20:48:51.890 -> 27.10, 26.40, 0.71, 0.00, 172, 0, 0.04, 0.00
20:48:52.915 -> 27.10, 26.40, 0.71, 0.00, 172, 0, 0.04, 0.00
20:48:53.933 -> 27.10, 26.40, 0.71, 0.00, 172, 0, 0.04, 0.00
20:48:54.975 -> 27.10, 26.40, 0.71, 0.00, 172, 0, -0.00, 0.00
20:48:55.989 -> 27.10, 26.40, 0.71, 0.00, 172, 0, -0.00, 0.00
20:48:57.023 -> 27.10, 26.40, 0.71, 0.00, 172, 0, 0.04, 0.00
20:48:58.052 -> 27.10, 26.40, 0.71, 0.00, 172, 0, 0.04, 0.00
20:48:59.048 -> 27.10, 26.40, 0.71, 0.00, 172, 0, 0.04, 0.00
20:49:00.100 -> 27.10, 26.40, 0.71, 0.00, 172, 0, -0.00, 0.00
20:49:01.115 -> 27.10, 26.40, 0.71, 0.00, 172, 0, 0.04, 0.00
20:49:02.123 -> 27.10, 26.40, 0.71, 0.00, 172, 0, -0.00, 0.00
20:49:03.173 -> 27.20, 26.40, 0.80, 0.09, 176, 0, -0.00, 0.00
20:49:04.166 -> 27.10, 26.40, 0.71, -0.09, 171, 0, -0.00, 0.00
20:49:05.200 -> 27.20, 26.40, 0.80, 0.09, 176, 0, 0.04, 0.00
20:49:06.216 -> 27.10, 26.40, 0.71, -0.09, 171, 0, 0.04, 0.00
20:49:07.249 -> 27.20, 26.40, 0.80, 0.09, 176, 0, -0.00, 0.00
20:49:08.278 -> 27.20, 26.40, 0.80, 0.00, 175, 0, 0.04, 0.00
20:49:09.310 -> 27.20, 26.40, 0.80, 0.00, 175, 0, 0.04, 0.00
20:49:10.332 -> 27.20, 26.40, 0.80, 0.00, 175, 0, -0.00, 0.00
20:49:11.352 -> 27.20, 26.40, 0.80, 0.00, 175, 0, 0.04, 0.00
20:49:12.372 -> 27.10, 26.40, 0.71, -0.09, 171, 0, 0.04, 0.00
20:49:13.401 -> 27.20, 26.40, 0.80, 0.09, 176, 0, 0.04, 0.00
20:49:14.421 -> 27.20, 26.40, 0.80, 0.00, 175, 0, 0.04, 0.00
20:49:15.452 -> 27.20, 26.40, 0.80, 0.00, 175, 0, 0.04, 0.00
20:49:16.465 -> 27.20, 26.40, 0.80, 0.00, 175, 0, 0.04, 0.00
20:49:17.497 -> 27.20, 26.40, 0.80, 0.00, 175, 0, 0.04, 0.00
20:49:18.513 -> 27.20, 26.40, 0.80, 0.00, 175, 0, 0.04, 0.00
20:49:19.536 -> 27.20, 26.40, 0.80, 0.00, 175, 0, -0.00, 0.00
20:49:20.548 -> 27.20, 26.40, 0.80, 0.00, 175, 0, 0.04, 0.00
20:49:21.569 -> 27.20, 26.40, 0.80, 0.00, 175, 0, 0.04, 0.00
20:49:22.595 -> 27.20, 26.40, 0.80, 0.00, 175, 0, 0.04, 0.00
20:49:23.609 -> 27.20, 26.40, 0.80, 0.00, 175, 0, -0.00, 0.00
20:49:24.627 -> 27.20, 26.40, 0.80, 0.00, 175, 0, -0.04, 0.00
20:49:25.681 -> 27.20, 26.40, 0.80, 0.00, 175, 0, -0.00, 0.00
20:49:26.678 -> 27.20, 26.40, 0.80, 0.00, 175, 0, -0.00, 0.00
20:49:27.713 -> 27.20, 26.40, 0.80, 0.00, 175, 0, -0.00, 0.00
20:49:28.720 -> 27.20, 26.40, 0.80, 0.00, 175, 0, -0.00, 0.00
20:49:29.774 -> 27.20, 26.40, 0.80, 0.00, 175, 0, -0.00, 0.00
20:49:30.789 -> 27.20, 26.40, 0.80, 0.00, 175, 0, -0.00, 0.00
20:49:31.805 -> 27.20, 26.40, 0.80, 0.00, 175, 0, -0.04, 0.00
20:49:32.842 -> 27.20, 26.40, 0.80, 0.00, 175, 0, 0.04, 0.00
20:49:33.866 -> 27.20, 26.40, 0.80, 0.00, 175, 0, 0.04, 0.00
20:49:34.891 -> 27.20, 26.40, 0.80, 0.00, 175, 0, -0.00, 0.00
20:49:35.904 -> 27.20, 26.40, 0.80, 0.00, 175, 0, 0.04, 0.00
20:49:36.914 -> 27.20, 26.40, 0.80, 0.00, 175, 0, 0.04, 0.00
20:49:37.959 -> 27.20, 26.40, 0.80, 0.00, 175, 0, -0.00, 0.00
20:49:38.984 -> 27.20, 26.40, 0.80, 0.00, 175, 0, 0.04, 0.00
20:49:40.002 -> 27.20, 26.40, 0.80, 0.00, 175, 0, 0.04, 0.00
20:49:41.017 -> 27.20, 26.40, 0.80, 0.00, 175, 0, 0.04, 0.00
20:49:42.053 -> 27.20, 26.40, 0.80, 0.00, 175, 0, 0.04, 0.00
20:49:43.049 -> 27.20, 26.40, 0.80, 0.00, 175, 0, 0.04, 0.00
20:49:44.068 -> 27.20, 26.40, 0.80, 0.00, 175, 0, 0.04, 0.00
20:49:45.101 -> 27.20, 26.40, 0.80, 0.00, 175, 0, 0.04, 0.00
20:49:46.135 -> 27.20, 26.40, 0.80, 0.00, 175, 0, -0.00, 0.00
20:49:47.158 -> 27.20, 26.40, 0.80, 0.00, 175, 0, -0.00, 0.00
20:49:48.182 -> 27.20, 26.40, 0.80, 0.00, 175, 0, 0.04, 0.00
20:49:49.206 -> 27.20, 26.40, 0.80, 0.00, 175, 0, 0.04, 0.00
20:49:50.215 -> 27.20, 26.40, 0.80, 0.00, 175, 0, 0.04, 0.00
20:49:51.240 -> 27.20, 26.40, 0.80, 0.00, 175, 0, -0.00, 0.00
20:49:52.283 -> 27.20, 26.40, 0.80, 0.00, 175, 0, 0.04, 0.00
20:49:53.273 -> 27.20, 26.40, 0.80, 0.00, 175, 0, 0.04, 0.00
20:49:54.330 -> 27.20, 26.40, 0.80, 0.00, 175, 0, -0.00, 0.00
20:49:55.329 -> 27.20, 26.40, 0.80, 0.00, 175, 0, -0.00, 0.00
20:49:56.349 -> 27.20, 26.40, 0.80, 0.00, 175, 0, 0.04, 0.00
20:49:57.375 -> 27.20, 26.40, 0.80, 0.00, 175, 0, -0.00, 0.00
20:49:58.410 -> 27.20, 26.40, 0.80, 0.00, 175, 0, 0.04, 0.00
20:49:59.419 -> 27.20, 26.40, 0.80, 0.00, 175, 0, -0.00, 0.00
20:50:00.466 -> 27.20, 26.40, 0.80, 0.00, 175, 0, -0.00, 0.00
20:50:01.462 -> 27.20, 26.40, 0.80, 0.00, 175, 0, -0.00, 0.00
20:50:02.481 -> 27.20, 26.40, 0.80, 0.00, 175, 0, 0.04, 0.00
20:50:03.525 -> 27.20, 26.40, 0.80, 0.00, 175, 0, 0.04, 0.00
20:50:04.544 -> 27.20, 26.40, 0.80, 0.00, 175, 0, -0.00, 0.00
20:50:05.557 -> 27.20, 26.40, 0.80, 0.00, 175, 0, 0.04, 0.00
20:50:06.598 -> 27.20, 26.40, 0.80, 0.00, 175, 0, -0.00, 0.00
20:50:07.602 -> 27.20, 26.40, 0.80, 0.00, 175, 0, 0.04, 0.00
20:50:08.649 -> 27.20, 26.40, 0.80, 0.00, 175, 0, -0.00, 0.00
20:50:09.675 -> 27.20, 26.40, 0.80, 0.00, 175, 0, 0.04, 0.00
20:50:10.696 -> 27.20, 26.40, 0.80, 0.00, 175, 0, 0.04, 0.00
20:50:11.693 -> 27.20, 26.40, 0.80, 0.00, 175, 0, -0.00, 0.00
20:50:12.726 -> 27.20, 26.40, 0.80, 0.00, 175, 0, 0.04, 0.00
20:50:13.759 -> 27.20, 26.40, 0.80, 0.00, 175, 0, 0.04, 0.00
20:50:14.768 -> 27.20, 26.40, 0.80, 0.00, 175, 0, -0.00, 0.00
20:50:15.792 -> 27.20, 26.40, 0.80, 0.00, 175, 0, 0.04, 0.00
20:50:16.832 -> 27.20, 26.40, 0.80, 0.00, 175, 0, 0.04, 0.00
20:50:17.852 -> 27.10, 26.40, 0.71, -0.09, 171, 0, 0.04, 0.00
20:50:18.872 -> 27.10, 26.40, 0.71, 0.00, 172, 0, 0.04, 0.00
20:50:19.880 -> 27.10, 26.40, 0.71, 0.00, 172, 0, 0.04, 0.00
20:50:20.914 -> 27.10, 26.40, 0.71, 0.00, 172, 0, -0.00, 0.00
20:50:21.943 -> 27.10, 26.40, 0.71, 0.00, 172, 0, 0.04, 0.00
20:50:22.952 -> 27.10, 26.40, 0.71, 0.00, 172, 0, 0.04, 0.00
20:50:23.973 -> 27.10, 26.40, 0.71, 0.00, 172, 0, 0.04, 0.00
20:50:25.021 -> 27.10, 26.40, 0.71, 0.00, 172, 0, -0.00, 0.00
20:50:26.047 -> 27.10, 26.40, 0.71, 0.00, 172, 0, 0.04, 0.00
20:50:27.073 -> 27.10, 26.40, 0.71, 0.00, 172, 0, 0.04, 0.00
20:50:28.077 -> 27.10, 26.40, 0.71, 0.00, 172, 0, 0.04, 0.00
20:50:29.089 -> 27.10, 26.40, 0.71, 0.00, 172, 0, -0.00, 0.00
20:50:30.114 -> 27.10, 26.40, 0.71, 0.00, 172, 0, -0.00, 0.00
20:50:31.160 -> 27.10, 26.40, 0.71, 0.00, 172, 0, -0.00, 0.00
20:50:32.161 -> 27.10, 26.40, 0.71, 0.00, 172, 0, 0.11, 0.00
20:50:33.193 -> 27.10, 26.40, 0.71, 0.00, 172, 0, -0.00, 0.00
20:50:34.219 -> 27.10, 26.40, 0.71, 0.00, 172, 0, 0.04, 0.00
20:50:35.239 -> 27.10, 26.40, 0.71, 0.00, 172, 0, -0.00, 0.00
20:50:36.264 -> 27.10, 26.40, 0.71, 0.00, 172, 0, 0.04, 0.00
20:50:37.271 -> 27.10, 26.40, 0.71, 0.00, 172, 0, 0.04, 0.00
20:50:38.295 -> 27.10, 26.40, 0.71, 0.00, 172, 0, 0.04, 0.00
20:50:39.314 -> 27.10, 26.40, 0.71, 0.00, 172, 0, 0.04, 0.00
20:50:40.342 -> 27.10, 26.40, 0.71, 0.00, 172, 0, 0.04, 0.00
20:50:41.389 -> 27.10, 26.40, 0.71, 0.00, 172, 0, 0.04, 0.00
20:50:42.415 -> 27.10, 26.40, 0.71, 0.00, 172, 0, 0.04, 0.00
20:50:43.407 -> 27.10, 26.40, 0.71, 0.00, 172, 0, 0.04, 0.00
20:50:44.443 -> 27.10, 26.40, 0.71, 0.00, 172, 0, 0.04, 0.00
20:50:45.475 -> 27.10, 26.40, 0.71, 0.00, 172, 0, -0.00, 0.00
20:50:46.475 -> 27.10, 26.40, 0.71, 0.00, 172, 0, -0.00, 0.00
20:50:47.513 -> 27.10, 26.40, 0.71, 0.00, 172, 0, 0.04, 0.00
20:50:48.535 -> 27.10, 26.40, 0.71, 0.00, 172, 0, -0.00, 0.00
20:50:49.558 -> 27.10, 26.40, 0.71, 0.00, 172, 0, 0.04, 0.00
20:50:50.585 -> 27.10, 26.40, 0.71, 0.00, 172, 0, -0.00, 0.00
20:50:51.612 -> 27.10, 26.40, 0.71, 0.00, 172, 0, -0.00, 0.00
20:50:52.633 -> 27.10, 26.40, 0.71, 0.00, 172, 0, 0.04, 0.00
20:50:53.663 -> 27.10, 26.40, 0.71, 0.00, 172, 0, 0.04, 0.00
20:50:54.686 -> 27.10, 26.40, 0.71, 0.00, 172, 0, 0.04, 0.00
20:50:55.706 -> 27.01, 26.40, 0.62, -0.09, 168, 0, 0.04, 0.00
20:50:56.715 -> 27.01, 26.40, 0.62, 0.00, 169, 0, -0.00, 0.00
20:50:57.743 -> 27.01, 26.40, 0.62, 0.00, 169, 0, -0.00, 0.00
20:50:58.779 -> 27.01, 26.40, 0.62, 0.00, 169, 0, 0.04, 0.00
20:50:59.801 -> 27.01, 26.40, 0.62, 0.00, 169, 0, 0.04, 0.00
20:51:00.825 -> 27.01, 26.40, 0.62, 0.00, 169, 0, 0.04, 0.00
20:51:01.848 -> 27.01, 26.40, 0.62, 0.00, 169, 0, 0.04, 0.00
20:51:02.856 -> 27.01, 26.40, 0.62, 0.00, 169, 0, 0.04, 0.00
20:51:03.884 -> 27.01, 26.40, 0.62, 0.00, 169, 0, -0.00, 0.00
20:51:04.902 -> 27.01, 26.40, 0.62, 0.00, 169, 0, -0.00, 0.00
20:51:05.924 -> 27.01, 26.40, 0.62, 0.00, 169, 0, 0.04, 0.00
20:51:06.956 -> 27.01, 26.40, 0.62, 0.00, 169, 0, -0.00, 0.00
20:51:07.978 -> 27.01, 26.40, 0.62, 0.00, 169, 0, -0.00, 0.00
20:51:08.992 -> 27.01, 26.40, 0.62, 0.00, 169, 0, -0.00, 0.00
20:51:10.012 -> 27.01, 26.40, 0.62, 0.00, 169, 0, -0.00, 0.00
20:51:11.040 -> 27.01, 26.40, 0.62, 0.00, 169, 0, 0.04, 0.00
20:51:12.080 -> 27.01, 26.40, 0.62, 0.00, 169, 0, 0.04, 0.00
20:51:13.104 -> 27.01, 26.40, 0.62, 0.00, 169, 0, -0.00, 0.00
20:51:14.112 -> 27.01, 26.40, 0.62, 0.00, 169, 0, -0.00, 0.00
20:51:15.144 -> 27.01, 26.40, 0.62, 0.00, 169, 0, 0.04, 0.00
20:51:16.166 -> 27.01, 26.40, 0.62, 0.00, 169, 0, 0.04, 0.00
20:51:17.205 -> 27.01, 26.40, 0.62, 0.00, 169, 0, 0.04, 0.00
20:51:18.227 -> 27.01, 26.40, 0.62, 0.00, 169, 0, 0.04, 0.00
20:51:19.238 -> 27.01, 26.40, 0.62, 0.00, 169, 0, -0.00, 0.00
20:51:20.261 -> 27.01, 26.40, 0.62, 0.00, 169, 0, -0.00, 0.00
20:51:21.276 -> 27.01, 26.40, 0.62, 0.00, 169, 0, -0.00, 0.00
20:51:22.301 -> 27.01, 26.40, 0.62, 0.00, 169, 0, -0.00, 0.00
20:51:23.315 -> 27.01, 26.40, 0.62, 0.00, 169, 0, 0.04, 0.00
20:51:24.344 -> 27.01, 26.40, 0.62, 0.00, 169, 0, 0.04, 0.00
20:51:25.369 -> 27.01, 26.40, 0.62, 0.00, 169, 0, 0.04, 0.00
20:51:26.383 -> 27.01, 26.40, 0.62, 0.00, 169, 0, -0.00, 0.00
20:51:27.410 -> 26.92, 26.40, 0.53, -0.09, 165, 0, -0.00, 0.00
20:51:28.434 -> 26.92, 26.40, 0.53, 0.00, 166, 0, -0.00, 0.00
20:51:29.464 -> 26.92, 26.40, 0.53, 0.00, 166, 0, -0.00, 0.00
20:51:30.479 -> 26.92, 26.40, 0.53, 0.00, 166, 0, 0.04, 0.00
20:51:31.499 -> 26.92, 26.40, 0.53, 0.00, 166, 0, 0.04, 0.00
20:51:32.537 -> 26.92, 26.40, 0.53, 0.00, 166, 0, -0.00, 0.00
20:51:33.545 -> 26.92, 26.40, 0.53, 0.00, 166, 0, -0.00, 0.00
20:51:34.582 -> 26.92, 26.40, 0.53, 0.00, 166, 0, 0.04, 0.00
20:51:35.614 -> 26.92, 26.40, 0.53, 0.00, 166, 0, -0.00, 0.00
20:51:36.618 -> 26.92, 26.40, 0.53, 0.00, 166, 0, 0.04, 0.00
20:51:37.637 -> 26.92, 26.40, 0.53, 0.00, 166, 0, 0.04, 0.00
20:51:38.670 -> 26.92, 26.40, 0.53, 0.00, 166, 0, 0.04, 0.00
20:51:39.683 -> 26.92, 26.40, 0.53, 0.00, 166, 0, -0.00, 0.00
20:51:40.711 -> 26.92, 26.40, 0.53, 0.00, 166, 0, 0.04, 0.00
20:51:41.735 -> 26.92, 26.40, 0.53, 0.00, 166, 0, -0.00, 0.00
20:51:42.769 -> 26.92, 26.40, 0.53, 0.00, 166, 0, -0.00, 0.00
20:51:43.798 -> 26.92, 26.40, 0.53, 0.00, 166, 0, 0.04, 0.00
20:51:44.814 -> 26.92, 26.40, 0.53, 0.00, 166, 0, -0.00, 0.00
20:51:45.836 -> 26.92, 26.40, 0.53, 0.00, 166, 0, 0.04, 0.00
20:51:46.867 -> 26.92, 26.40, 0.53, 0.00, 166, 0, 0.04, 0.00
20:51:47.869 -> 26.92, 26.40, 0.53, 0.00, 166, 0, -0.00, 0.00
20:51:48.922 -> 26.92, 26.40, 0.53, 0.00, 166, 0, 0.04, 0.00
20:51:49.943 -> 26.83, 26.40, 0.44, -0.09, 162, 0, -0.00, 0.00
20:51:50.947 -> 26.92, 26.40, 0.53, 0.09, 167, 0, -0.00, 0.00
20:51:51.995 -> 26.83, 26.40, 0.44, -0.09, 162, 0, -0.00, 0.00
20:51:53.015 -> 26.83, 26.40, 0.44, 0.00, 163, 0, 0.04, 0.00
20:51:54.015 -> 26.83, 26.40, 0.44, 0.00, 163, 0, 0.04, 0.00
20:51:55.035 -> 26.83, 26.40, 0.44, 0.00, 163, 0, 0.04, 0.00
20:51:56.079 -> 26.83, 26.40, 0.44, 0.00, 163, 0, 0.04, 0.00
20:51:57.105 -> 26.83, 26.40, 0.44, 0.00, 163, 0, 0.04, 0.00
20:51:58.114 -> 26.83, 26.40, 0.44, 0.00, 163, 0, -0.00, 0.00
20:51:59.143 -> 26.92, 26.40, 0.53, 0.09, 167, 0, 0.04, 0.00
20:52:00.155 -> 26.92, 26.40, 0.53, 0.00, 166, 0, 0.04, 0.00
20:52:01.181 -> 26.92, 26.40, 0.53, 0.00, 166, 0, -0.00, 0.00
20:52:02.215 -> 26.92, 26.40, 0.53, 0.00, 166, 0, 0.04, 0.00
20:52:03.228 -> 26.92, 26.40, 0.53, 0.00, 166, 0, 0.04, 0.00
20:52:04.268 -> 26.92, 26.40, 0.53, 0.00, 166, 0, 0.04, 0.00
20:52:05.292 -> 26.92, 26.40, 0.53, 0.00, 166, 0, 0.04, 0.00
20:52:06.297 -> 26.92, 26.40, 0.53, 0.00, 166, 0, -0.00, 0.00
20:52:07.334 -> 26.92, 26.40, 0.53, 0.00, 166, 0, -0.00, 0.00
20:52:08.356 -> 26.83, 26.40, 0.44, -0.09, 162, 0, 0.04, 0.00
20:52:09.380 -> 26.83, 26.40, 0.44, 0.00, 163, 0, -0.00, 0.00
20:52:10.409 -> 26.83, 26.40, 0.44, 0.00, 163, 0, -0.00, 0.00
20:52:11.404 -> 26.83, 26.40, 0.44, 0.00, 163, 0, -0.00, 0.00
20:52:12.424 -> 26.83, 26.40, 0.44, 0.00, 163, 0, -0.00, 0.00
20:52:13.448 -> 26.83, 26.40, 0.44, 0.00, 163, 0, -0.00, 0.00
20:52:14.487 -> 26.83, 26.40, 0.44, 0.00, 163, 0, 0.04, 0.00
20:52:15.508 -> 26.83, 26.40, 0.44, 0.00, 163, 0, -0.00, 0.00
20:52:16.546 -> 26.83, 26.40, 0.44, 0.00, 163, 0, 0.04, 0.00
20:52:17.561 -> 26.83, 26.40, 0.44, 0.00, 163, 0, -0.00, 0.00
20:52:18.576 -> 26.83, 26.40, 0.44, 0.00, 163, 0, 0.04, 0.00
20:52:19.605 -> 26.83, 26.40, 0.44, 0.00, 163, 0, -0.00, 0.00
20:52:20.608 -> 26.83, 26.40, 0.44, 0.00, 163, 0, 0.04, 0.00
20:52:21.634 -> 26.83, 26.40, 0.44, 0.00, 163, 0, -0.00, 0.00
20:52:22.659 -> 26.83, 26.40, 0.44, 0.00, 163, 0, 0.04, 0.00
20:52:23.705 -> 26.83, 26.40, 0.44, 0.00, 163, 0, -0.00, 0.00
20:52:24.725 -> 26.83, 26.40, 0.44, 0.00, 163, 0, 0.04, 0.00
20:52:25.753 -> 26.83, 26.40, 0.44, 0.00, 163, 0, 0.04, 0.00
20:52:26.749 -> 26.83, 26.40, 0.44, 0.00, 163, 0, -0.00, 0.00
20:52:27.773 -> 26.83, 26.40, 0.44, 0.00, 163, 0, -0.00, 0.00
20:52:28.800 -> 26.83, 26.40, 0.44, 0.00, 163, 0, 0.04, 0.00
20:52:29.830 -> 26.74, 26.40, 0.35, -0.09, 159, 0, 0.04, 0.00
20:52:30.859 -> 26.74, 26.40, 0.35, 0.00, 160, 0, 0.04, 0.00
20:52:31.883 -> 26.74, 26.40, 0.35, 0.00, 160, 0, 0.04, 0.00
20:52:32.906 -> 26.74, 26.40, 0.35, 0.00, 160, 0, 0.04, 0.00
20:52:33.934 -> 26.74, 26.40, 0.35, 0.00, 160, 0, -0.00, 0.00
20:52:34.954 -> 26.74, 26.40, 0.35, 0.00, 160, 0, 0.04, 0.00
20:52:35.985 -> 26.74, 26.40, 0.35, 0.00, 160, 0, 0.04, 0.00
20:52:37.005 -> 26.74, 26.40, 0.35, 0.00, 160, 0, -0.00, 0.00
20:52:38.022 -> 26.74, 26.40, 0.35, 0.00, 160, 0, -0.00, 0.00
20:52:39.036 -> 26.74, 26.40, 0.35, 0.00, 160, 0, -0.00, 0.00
20:52:40.059 -> 26.74, 26.40, 0.35, 0.00, 160, 0, 0.04, 0.00
20:52:41.090 -> 26.74, 26.40, 0.35, 0.00, 160, 0, 0.04, 0.00
20:52:42.110 -> 26.74, 26.40, 0.35, 0.00, 160, 0, 0.04, 0.00
20:52:43.131 -> 26.74, 26.40, 0.35, 0.00, 160, 0, -0.00, 0.00
20:52:44.146 -> 26.74, 26.40, 0.35, 0.00, 160, 0, 0.04, 0.00
20:52:45.180 -> 26.74, 26.40, 0.35, 0.00, 160, 0, -0.00, 0.00
20:52:46.219 -> 26.74, 26.40, 0.35, 0.00, 160, 0, -0.00, 0.00
20:52:47.222 -> 26.74, 26.40, 0.35, 0.00, 160, 0, -0.00, 0.00
20:52:48.259 -> 26.74, 26.40, 0.35, 0.00, 160, 0, 0.04, 0.00
20:52:49.254 -> 26.74, 26.40, 0.35, 0.00, 160, 0, -0.00, 0.00
20:52:50.284 -> 26.74, 26.40, 0.35, 0.00, 160, 0, -0.00, 0.00
20:52:51.320 -> 26.65, 26.40, 0.26, -0.09, 159, 0, 0.04, 0.00
20:52:52.349 -> 26.65, 26.40, 0.26, 0.00, 160, 0, -0.04, 0.00
20:52:53.361 -> 26.65, 26.40, 0.26, 0.00, 160, 0, -0.00, 0.00
20:52:54.394 -> 26.65, 26.40, 0.26, 0.00, 160, 0, 0.04, 0.00
20:52:55.423 -> 26.65, 26.40, 0.26, 0.00, 160, 0, -0.00, 0.00
20:52:56.437 -> 26.65, 26.40, 0.26, 0.00, 160, 0, 0.04, 0.00
20:52:57.471 -> 26.65, 26.40, 0.26, 0.00, 160, 0, -0.04, 0.00
20:52:58.480 -> 26.65, 26.40, 0.26, 0.00, 160, 0, -0.00, 0.00
20:52:59.504 -> 26.65, 26.40, 0.26, 0.00, 160, 0, 0.04, 0.00
20:53:00.535 -> 26.65, 26.40, 0.26, 0.00, 160, 0, -0.00, 0.00
20:53:01.546 -> 26.65, 26.40, 0.26, 0.00, 160, 0, 0.04, 0.00
20:53:02.589 -> 26.65, 26.40, 0.26, 0.00, 160, 0, -0.00, 0.00
20:53:03.583 -> 26.65, 26.40, 0.26, 0.00, 160, 0, 0.04, 0.00
20:53:04.629 -> 26.65, 26.40, 0.26, 0.00, 160, 0, -0.00, 0.00
20:53:05.634 -> 26.65, 26.40, 0.26, 0.00, 160, 0, -0.00, 0.00
20:53:06.673 -> 26.65, 26.40, 0.26, 0.00, 160, 0, 0.04, 0.00
20:53:07.692 -> 26.65, 26.40, 0.26, 0.00, 160, 0, 0.04, 0.00
20:53:08.715 -> 26.56, 26.40, 0.17, -0.09, 156, 0, -0.00, 0.00
20:53:09.756 -> 26.56, 26.40, 0.17, 0.00, 157, 0, -0.04, 0.00
20:53:10.766 -> 26.56, 26.40, 0.17, 0.00, 157, 0, 0.04, 0.00
20:53:11.787 -> 26.56, 26.40, 0.17, 0.00, 157, 0, -0.00, 0.00
20:53:12.824 -> 26.56, 26.40, 0.17, 0.00, 157, 0, -0.00, 0.00
20:53:13.819 -> 26.56, 26.40, 0.17, 0.00, 157, 0, -0.00, 0.00
20:53:14.861 -> 26.56, 26.40, 0.17, 0.00, 157, 0, -0.00, 0.00
20:53:15.890 -> 26.56, 26.40, 0.17, 0.00, 157, 0, -0.00, 0.00
20:53:16.908 -> 26.56, 26.40, 0.17, 0.00, 157, 0, 0.04, 0.00
20:53:17.905 -> 26.56, 26.40, 0.17, 0.00, 157, 0, -0.00, 0.00
20:53:18.946 -> 26.56, 26.40, 0.17, 0.00, 157, 0, -0.00, 0.00
20:53:19.982 -> 26.56, 26.40, 0.17, 0.00, 157, 0, -0.00, 0.00
20:53:21.005 -> 26.56, 26.40, 0.17, 0.00, 157, 0, -0.00, 0.00
20:53:22.025 -> 26.56, 26.40, 0.17, 0.00, 157, 0, 0.04, 0.00
20:53:23.044 -> 26.56, 26.40, 0.17, 0.00, 157, 0, 0.04, 0.00
20:53:24.062 -> 26.56, 26.40, 0.17, 0.00, 157, 0, 0.04, 0.00
20:53:25.093 -> 26.56, 26.40, 0.17, 0.00, 157, 0, 0.04, 0.00
20:53:26.102 -> 26.48, 26.40, 0.08, -0.09, 153, 0, -0.00, 0.00
20:53:27.145 -> 26.48, 26.40, 0.08, 0.00, 154, 0, 0.04, 0.00
20:53:28.166 -> 26.48, 26.40, 0.08, 0.00, 154, 0, -0.00, 0.00
20:53:29.186 -> 26.48, 26.40, 0.08, 0.00, 154, 0, 0.04, 0.00
20:53:30.213 -> 26.48, 26.40, 0.08, 0.00, 154, 0, -0.00, 0.00
20:53:31.230 -> 26.48, 26.40, 0.08, 0.00, 154, 0, 0.04, 0.00
20:53:32.247 -> 26.48, 26.40, 0.08, 0.00, 154, 0, -0.00, 0.00
20:53:33.276 -> 26.48, 26.40, 0.08, 0.00, 154, 0, 0.04, 0.00
20:53:34.295 -> 26.48, 26.40, 0.08, 0.00, 154, 0, -0.00, 0.00
20:53:35.330 -> 26.48, 26.40, 0.08, 0.00, 154, 0, 0.04, 0.00
20:53:36.324 -> 26.48, 26.40, 0.08, 0.00, 154, 0, 0.04, 0.00
20:53:37.350 -> 26.48, 26.40, 0.08, 0.00, 154, 0, -0.00, 0.00
20:53:38.389 -> 26.48, 26.40, 0.08, 0.00, 154, 0, -0.00, 0.00
20:53:39.423 -> 26.48, 26.40, 0.08, 0.00, 154, 0, -0.00, 0.00
20:53:40.435 -> 26.48, 26.40, 0.08, 0.00, 154, 0, -0.00, 0.00
20:53:41.444 -> 26.48, 26.40, 0.08, 0.00, 154, 0, -0.00, 0.00
20:53:42.466 -> 26.48, 26.40, 0.08, 0.00, 154, 0, 0.04, 0.00
20:53:43.510 -> 26.48, 26.40, 0.08, 0.00, 154, 0, 0.04, 0.00
20:53:44.543 -> 26.39, 26.40, -0.01, -0.09, 150, 0, -0.00, 0.00
20:53:45.535 -> 26.39, 26.40, -0.01, 0.00, 151, 0, -0.00, 0.00
20:53:46.572 -> 26.39, 26.40, -0.01, 0.00, 151, 0, -0.00, 0.00
20:53:47.576 -> 26.39, 26.40, -0.01, 0.00, 151, 0, 0.04, 0.00
20:53:48.602 -> 26.39, 26.40, -0.01, 0.00, 151, 0, 0.04, 0.00
20:53:49.639 -> 26.39, 26.40, -0.01, 0.00, 151, 0, -0.00, 0.00
20:53:50.652 -> 26.39, 26.40, -0.01, 0.00, 151, 0, 0.04, 0.00
20:53:51.674 -> 26.39, 26.40, -0.01, 0.00, 151, 0, -0.00, 0.00
20:53:52.695 -> 26.39, 26.40, -0.01, 0.00, 151, 0, -0.00, 0.00
20:53:53.741 -> 26.39, 26.40, -0.01, 0.00, 151, 0, -0.00, 0.00
20:53:54.758 -> 26.39, 26.40, -0.01, 0.00, 151, 0, -0.00, 0.00
20:53:55.786 -> 26.39, 26.40, -0.01, 0.00, 151, 0, 0.04, 0.00
20:53:56.810 -> 26.39, 26.40, -0.01, 0.00, 151, 0, -0.00, 0.00
20:53:57.836 -> 26.39, 26.40, -0.01, 0.00, 151, 0, 0.04, 0.00
20:53:58.849 -> 26.39, 26.40, -0.01, 0.00, 151, 0, 0.04, 0.00
20:53:59.868 -> 26.39, 26.40, -0.01, 0.00, 151, 0, -0.00, 0.00
20:54:00.876 -> 26.39, 26.40, -0.01, 0.00, 151, 0, 0.04, 0.00
20:54:01.925 -> 26.39, 26.40, -0.01, 0.00, 151, 0, 0.04, 0.00
20:54:02.944 -> 26.39, 26.40, -0.01, 0.00, 151, 0, 0.04, 0.00
20:54:03.945 -> 26.30, 26.40, -0.10, -0.09, 147, 0, 0.04, 0.00
20:54:04.986 -> 26.30, 26.40, -0.10, 0.00, 148, 159, -0.00, -132553.71
20:54:06.008 -> 26.21, 26.40, -0.19, -0.09, 144, 0, 1.99, 0.00
20:54:07.020 -> 26.30, 26.40, -0.10, 0.09, 149, 85, -0.00, -70862.06
20:54:08.054 -> 26.30, 26.40, -0.10, 0.00, 148, 159, 0.90, 176.62
20:54:09.082 -> 26.21, 26.40, -0.19, -0.09, 144, 0, 2.03, 0.00
20:54:10.096 -> 26.30, 26.40, -0.10, 0.09, 149, 85, 0.04, 2337.70
20:54:11.121 -> 26.30, 26.40, -0.10, 0.00, 148, 159, 1.43, 111.49
20:54:12.157 -> 26.12, 26.40, -0.28, -0.18, 141, 0, 3.00, 0.00
20:54:13.158 -> 26.30, 26.40, -0.10, 0.18, 149, 85, 0.22, 379.19
20:54:14.202 -> 26.30, 26.40, -0.10, 0.00, 148, 159, 0.60, 265.11
20:54:15.219 -> 26.12, 26.40, -0.28, -0.18, 141, 0, 1.46, 0.00
20:54:16.265 -> 26.30, 26.40, -0.10, 0.18, 149, 85, -0.00, -70862.06
20:54:17.264 -> 26.21, 26.40, -0.19, -0.09, 144, 0, 1.09, 0.00
20:54:18.277 -> 26.30, 26.40, -0.10, 0.09, 149, 85, -0.00, -70862.06
20:54:19.317 -> 26.21, 26.40, -0.19, -0.09, 144, 0, 1.20, 0.00
20:54:20.335 -> 26.30, 26.40, -0.10, 0.09, 149, 85, 0.22, 379.19
20:54:21.359 -> 26.21, 26.40, -0.19, -0.09, 144, 0, 0.56, 0.00
20:54:22.382 -> 26.30, 26.40, -0.10, 0.09, 149, 85, 0.04, 2337.70
20:54:23.398 -> 26.21, 26.40, -0.19, -0.09, 144, 0, 0.75, 0.00
20:54:24.441 -> 26.21, 26.40, -0.19, 0.00, 145, 160, 0.04, 4400.37
20:54:25.435 -> 26.12, 26.40, -0.28, -0.09, 141, 0, 3.00, 0.00
20:54:26.459 -> 26.21, 26.40, -0.19, 0.09, 146, 110, 0.04, 3025.25
20:54:27.492 -> 26.21, 26.40, -0.19, 0.00, 145, 160, 2.78, 57.59
20:54:28.537 -> 26.12, 26.40, -0.28, -0.09, 141, 0, 2.93, 0.00
20:54:29.530 -> 26.21, 26.40, -0.19, 0.09, 146, 110, 0.22, 490.72
20:54:30.553 -> 26.21, 26.40, -0.19, 0.00, 145, 160, 2.74, 58.38
20:54:31.577 -> 26.12, 26.40, -0.28, -0.09, 141, 0, 2.67, 0.00
20:54:32.598 -> 26.21, 26.40, -0.19, 0.09, 146, 110, 0.26, 420.29
20:54:33.630 -> 26.21, 26.40, -0.19, 0.00, 145, 160, 0.94, 170.61
20:54:34.669 -> 26.12, 26.40, -0.28, -0.09, 141, 0, 2.18, 0.00
20:54:35.675 -> 26.30, 26.40, -0.10, 0.18, 149, 85, 0.26, 324.77
20:54:36.710 -> 26.21, 26.40, -0.19, -0.09, 144, 0, 0.56, 0.00
20:54:37.760 -> 26.30, 26.40, -0.10, 0.09, 149, 85, -0.00, -70862.06
20:54:38.757 -> 26.30, 26.40, -0.10, 0.00, 148, 159, 2.25, 70.59
20:54:39.808 -> 26.12, 26.40, -0.28, -0.18, 141, 0, 1.91, 0.00
20:54:40.801 -> 26.30, 26.40, -0.10, 0.18, 149, 85, 0.30, 284.01
20:54:41.804 -> 26.30, 26.40, -0.10, 0.00, 148, 159, 1.28, 124.62
20:54:42.839 -> 26.21, 26.40, -0.19, -0.09, 144, 0, 2.52, 0.00
20:54:43.851 -> 26.30, 26.40, -0.10, 0.09, 149, 85, 0.04, 2337.70
20:54:44.880 -> 26.30, 26.40, -0.10, 0.00, 148, 159, 2.25, 70.59
20:54:45.922 -> 26.21, 26.40, -0.19, -0.09, 144, 0, 2.18, 0.00
20:54:46.951 -> 26.39, 26.40, -0.01, 0.18, 152, 0, -0.00, 0.00
20:54:47.947 -> 26.39, 26.40, -0.01, 0.00, 151, 0, -0.00, 0.00
20:54:48.997 -> 26.39, 26.40, -0.01, 0.00, 151, 0, 0.04, 0.00
20:54:49.989 -> 26.39, 26.40, -0.01, 0.00, 151, 0, -0.00, 0.00
20:54:51.037 -> 26.39, 26.40, -0.01, 0.00, 151, 0, -0.00, 0.00
20:54:52.067 -> 26.48, 26.40, 0.08, 0.09, 155, 0, -0.00, 0.00
20:54:53.075 -> 26.48, 26.40, 0.08, 0.00, 154, 0, -0.00, 0.00
20:54:54.096 -> 26.48, 26.40, 0.08, 0.00, 154, 0, 0.04, 0.00
20:54:55.131 -> 26.48, 26.40, 0.08, 0.00, 154, 0, -0.00, 0.00
20:54:56.138 -> 26.48, 26.40, 0.08, 0.00, 154, 0, -0.00, 0.00
20:54:57.165 -> 26.48, 26.40, 0.08, 0.00, 154, 0, -0.00, 0.00
20:54:58.208 -> 26.48, 26.40, 0.08, 0.00, 154, 0, 0.04, 0.00
20:54:59.220 -> 26.56, 26.40, 0.17, 0.09, 158, 0, -0.00, 0.00
20:55:00.229 -> 26.56, 26.40, 0.17, 0.00, 157, 0, -0.00, 0.00
20:55:01.248 -> 26.56, 26.40, 0.17, 0.00, 157, 0, 0.04, 0.00
20:55:02.268 -> 26.56, 26.40, 0.17, 0.00, 157, 0, 0.04, 0.00
20:55:03.295 -> 26.56, 26.40, 0.17, 0.00, 157, 0, 0.04, 0.00
20:55:04.319 -> 26.56, 26.40, 0.17, 0.00, 157, 0, 0.04, 0.00
20:55:05.354 -> 26.56, 26.40, 0.17, 0.00, 157, 0, 0.04, 0.00
20:55:06.374 -> 26.56, 26.40, 0.17, 0.00, 157, 0, -0.00, 0.00
20:55:07.392 -> 26.65, 26.40, 0.26, 0.09, 161, 0, -0.00, 0.00
20:55:08.403 -> 26.65, 26.40, 0.26, 0.00, 160, 0, -0.00, 0.00
20:55:09.431 -> 26.65, 26.40, 0.26, 0.00, 160, 0, -0.00, 0.00
20:55:10.457 -> 26.65, 26.40, 0.26, 0.00, 160, 0, -0.00, 0.00
20:55:11.493 -> 26.65, 26.40, 0.26, 0.00, 160, 0, 0.04, 0.00
20:55:12.527 -> 26.65, 26.40, 0.26, 0.00, 160, 0, -0.00, 0.00
20:55:13.519 -> 26.65, 26.40, 0.26, 0.00, 160, 0, 0.04, 0.00
20:55:14.537 -> 26.65, 26.40, 0.26, 0.00, 160, 0, -0.00, 0.00
20:55:15.622 -> 26.65, 26.40, 0.26, 0.00, 160, 0, -0.00, 0.00
20:55:16.602 -> 26.65, 26.40, 0.26, 0.00, 160, 0, 0.04, 0.00
20:55:17.623 -> 26.65, 26.40, 0.26, 0.00, 160, 0, 0.04, 0.00
20:55:18.630 -> 26.65, 26.40, 0.26, 0.00, 160, 0, -0.00, 0.00
20:55:19.686 -> 26.65, 26.40, 0.26, 0.00, 160, 0, 0.04, 0.00
20:55:20.676 -> 26.65, 26.40, 0.26, 0.00, 160, 0, 0.04, 0.00
20:55:21.707 -> 26.65, 26.40, 0.26, 0.00, 160, 0, -0.00, 0.00
20:55:22.750 -> 26.65, 26.40, 0.26, 0.00, 160, 0, 0.04, 0.00
20:55:23.749 -> 26.65, 26.40, 0.26, 0.00, 160, 0, -0.00, 0.00
20:55:24.767 -> 26.65, 26.40, 0.26, 0.00, 160, 0, 0.04, 0.00
20:55:25.813 -> 26.65, 26.40, 0.26, 0.00, 160, 0, 0.04, 0.00
20:55:26.834 -> 26.65, 26.40, 0.26, 0.00, 160, 0, -0.00, 0.00
20:55:27.850 -> 26.65, 26.40, 0.26, 0.00, 160, 0, 0.04, 0.00
20:55:28.888 -> 26.65, 26.40, 0.26, 0.00, 160, 0, 0.04, 0.00
20:55:29.897 -> 26.65, 26.40, 0.26, 0.00, 160, 0, 0.04, 0.00
20:55:30.925 -> 26.65, 26.40, 0.26, 0.00, 160, 0, -0.00, 0.00
20:55:31.958 -> 26.65, 26.40, 0.26, 0.00, 160, 0, 0.04, 0.00
20:55:32.958 -> 26.65, 26.40, 0.26, 0.00, 160, 0, 0.04, 0.00
20:55:33.976 -> 26.65, 26.40, 0.26, 0.00, 160, 0, -0.00, 0.00
20:55:35.027 -> 26.65, 26.40, 0.26, 0.00, 160, 0, 0.04, 0.00
20:55:36.047 -> 26.65, 26.40, 0.26, 0.00, 160, 0, -0.00, 0.00
20:55:37.058 -> 26.65, 26.40, 0.26, 0.00, 160, 0, 0.04, 0.00
20:55:38.068 -> 26.65, 26.40, 0.26, 0.00, 160, 0, -0.00, 0.00
20:55:39.104 -> 26.56, 26.40, 0.17, -0.09, 156, 0, -0.00, 0.00
20:55:40.135 -> 26.56, 26.40, 0.17, 0.00, 157, 0, 0.04, 0.00
20:55:41.143 -> 26.65, 26.40, 0.26, 0.09, 161, 0, -0.00, 0.00
20:55:42.177 -> 26.65, 26.40, 0.26, 0.00, 160, 0, 0.04, 0.00
20:55:43.180 -> 26.56, 26.40, 0.17, -0.09, 156, 0, -0.00, 0.00
20:55:44.211 -> 26.56, 26.40, 0.17, 0.00, 157, 0, 0.04, 0.00
20:55:45.247 -> 26.56, 26.40, 0.17, 0.00, 157, 0, -0.00, 0.00
20:55:46.259 -> 26.56, 26.40, 0.17, 0.00, 157, 0, 0.04, 0.00
20:55:47.303 -> 26.56, 26.40, 0.17, 0.00, 157, 0, -0.00, 0.00
20:55:48.303 -> 26.56, 26.40, 0.17, 0.00, 157, 0, 0.04, 0.00
20:55:49.345 -> 26.56, 26.40, 0.17, 0.00, 157, 0, 0.04, 0.00
20:55:50.359 -> 26.56, 26.40, 0.17, 0.00, 157, 0, 0.04, 0.00
20:55:51.371 -> 26.56, 26.40, 0.17, 0.00, 157, 0, -0.00, 0.00
20:55:52.388 -> 26.56, 26.40, 0.17, 0.00, 157, 0, 0.04, 0.00
20:55:53.446 -> 26.56, 26.40, 0.17, 0.00, 157, 0, -0.00, 0.00
20:55:54.444 -> 26.56, 26.40, 0.17, 0.00, 157, 0, -0.00, 0.00
20:55:55.470 -> 26.56, 26.40, 0.17, 0.00, 157, 0, 0.04, 0.00
20:55:56.489 -> 26.56, 26.40, 0.17, 0.00, 157, 0, -0.00, 0.00
20:55:57.533 -> 26.56, 26.40, 0.17, 0.00, 157, 0, -0.00, 0.00
20:55:58.533 -> 26.56, 26.40, 0.17, 0.00, 157, 0, 0.04, 0.00
20:55:59.578 -> 26.56, 26.40, 0.17, 0.00, 157, 0, -0.00, 0.00
20:56:00.600 -> 26.56, 26.40, 0.17, 0.00, 157, 0, -0.00, 0.00
20:56:01.610 -> 26.56, 26.40, 0.17, 0.00, 157, 0, 0.04, 0.00
20:56:02.618 -> 26.56, 26.40, 0.17, 0.00, 157, 0, -0.00, 0.00
20:56:03.644 -> 26.56, 26.40, 0.17, 0.00, 157, 0, 0.04, 0.00
20:56:04.672 -> 26.56, 26.40, 0.17, 0.00, 157, 0, 0.04, 0.00
20:56:05.687 -> 26.56, 26.40, 0.17, 0.00, 157, 0, -0.00, 0.00
20:56:06.710 -> 26.56, 26.40, 0.17, 0.00, 157, 0, -0.00, 0.00
20:56:07.743 -> 26.56, 26.40, 0.17, 0.00, 157, 0, -0.00, 0.00
20:56:08.767 -> 26.56, 26.40, 0.17, 0.00, 157, 0, -0.00, 0.00
20:56:09.797 -> 26.56, 26.40, 0.17, 0.00, 157, 0, 0.04, 0.00
20:56:10.808 -> 26.56, 26.40, 0.17, 0.00, 157, 0, -0.00, 0.00
20:56:11.829 -> 26.56, 26.40, 0.17, 0.00, 157, 0, 0.04, 0.00
20:56:12.854 -> 26.56, 26.40, 0.17, 0.00, 157, 0, -0.00, 0.00
20:56:13.876 -> 26.56, 26.40, 0.17, 0.00, 157, 0, -0.00, 0.00
20:56:14.904 -> 26.56, 26.40, 0.17, 0.00, 157, 0, -0.00, 0.00
20:56:15.922 -> 26.56, 26.40, 0.17, 0.00, 157, 0, -0.00, 0.00
20:56:16.969 -> 26.56, 26.40, 0.17, 0.00, 157, 0, 0.04, 0.00
20:56:17.981 -> 26.56, 26.40, 0.17, 0.00, 157, 0, -0.00, 0.00
20:56:19.000 -> 26.56, 26.40, 0.17, 0.00, 157, 0, -0.00, 0.00
20:56:20.019 -> 26.48, 26.40, 0.08, -0.09, 153, 0, -0.00, 0.00
20:56:21.047 -> 26.48, 26.40, 0.08, 0.00, 154, 0, -0.00, 0.00
20:56:22.082 -> 26.48, 26.40, 0.08, 0.00, 154, 0, -0.00, 0.00
20:56:23.103 -> 26.48, 26.40, 0.08, 0.00, 154, 0, 0.04, 0.00
20:56:24.111 -> 26.48, 26.40, 0.08, 0.00, 154, 0, 0.04, 0.00
20:56:25.125 -> 26.48, 26.40, 0.08, 0.00, 154, 0, 0.04, 0.00
20:56:26.173 -> 26.48, 26.40, 0.08, 0.00, 154, 0, -0.00, 0.00
20:56:27.164 -> 26.48, 26.40, 0.08, 0.00, 154, 0, -0.00, 0.00
20:56:28.205 -> 26.48, 26.40, 0.08, 0.00, 154, 0, -0.00, 0.00
20:56:29.229 -> 26.48, 26.40, 0.08, 0.00, 154, 0, -0.00, 0.00
20:56:30.261 -> 26.48, 26.40, 0.08, 0.00, 154, 0, 0.04, 0.00
20:56:31.281 -> 26.48, 26.40, 0.08, 0.00, 154, 0, 0.04, 0.00
20:56:32.285 -> 26.48, 26.40, 0.08, 0.00, 154, 0, -0.00, 0.00
20:56:33.309 -> 26.48, 26.40, 0.08, 0.00, 154, 0, 0.04, 0.00
20:56:34.325 -> 26.48, 26.40, 0.08, 0.00, 154, 0, 0.04, 0.00
20:56:35.358 -> 26.48, 26.40, 0.08, 0.00, 154, 0, 0.04, 0.00
20:56:36.394 -> 26.48, 26.40, 0.08, 0.00, 154, 0, 0.04, 0.00
20:56:37.418 -> 26.48, 26.40, 0.08, 0.00, 154, 0, -0.00, 0.00
20:56:38.438 -> 26.48, 26.40, 0.08, 0.00, 154, 0, -0.00, 0.00
20:56:39.449 -> 26.48, 26.40, 0.08, 0.00, 154, 0, -0.00, 0.00
20:56:40.485 -> 26.48, 26.40, 0.08, 0.00, 154, 0, 0.15, 0.00
20:56:41.515 -> 26.48, 26.40, 0.08, 0.00, 154, 0, -0.00, 0.00
20:56:42.522 -> 26.48, 26.40, 0.08, 0.00, 154, 0, 0.04, 0.00
20:56:43.558 -> 26.48, 26.40, 0.08, 0.00, 154, 0, 0.04, 0.00
20:56:44.562 -> 26.48, 26.40, 0.08, 0.00, 154, 0, 0.04, 0.00
20:56:45.595 -> 26.48, 26.40, 0.08, 0.00, 154, 0, -0.00, 0.00
20:56:46.620 -> 26.48, 26.40, 0.08, 0.00, 154, 0, -0.00, 0.00
20:56:47.648 -> 26.48, 26.40, 0.08, 0.00, 154, 0, -0.00, 0.00
20:56:48.665 -> 26.48, 26.40, 0.08, 0.00, 154, 0, -0.00, 0.00
20:56:49.675 -> 26.39, 26.40, -0.01, -0.09, 150, 0, 0.04, 0.00
20:56:50.723 -> 26.48, 26.40, 0.08, 0.09, 155, 0, 0.04, 0.00
20:56:51.723 -> 26.39, 26.40, -0.01, -0.09, 150, 0, 0.04, 0.00
20:56:52.756 -> 26.39, 26.40, -0.01, 0.00, 151, 0, -0.00, 0.00
20:56:53.773 -> 26.39, 26.40, -0.01, 0.00, 151, 0, 0.04, 0.00
20:56:54.792 -> 26.39, 26.40, -0.01, 0.00, 151, 0, 0.04, 0.00
20:56:55.831 -> 26.39, 26.40, -0.01, 0.00, 151, 0, -0.00, 0.00
20:56:56.836 -> 26.39, 26.40, -0.01, 0.00, 151, 0, 0.04, 0.00
20:56:57.878 -> 26.39, 26.40, -0.01, 0.00, 151, 0, 0.04, 0.00
20:56:58.899 -> 26.39, 26.40, -0.01, 0.00, 151, 0, 0.04, 0.00
20:56:59.916 -> 26.39, 26.40, -0.01, 0.00, 151, 0, 0.04, 0.00
20:57:00.929 -> 26.39, 26.40, -0.01, 0.00, 151, 0, -0.00, 0.00
20:57:01.941 -> 26.39, 26.40, -0.01, 0.00, 151, 0, -0.00, 0.00
20:57:02.967 -> 26.39, 26.40, -0.01, 0.00, 151, 0, 0.07, 0.00
20:57:04.021 -> 26.39, 26.40, -0.01, 0.00, 151, 0, 0.04, 0.00
20:57:05.019 -> 26.39, 26.40, -0.01, 0.00, 151, 0, 0.04, 0.00
20:57:06.046 -> 26.39, 26.40, -0.01, 0.00, 151, 0, 0.04, 0.00
20:57:07.092 -> 26.39, 26.40, -0.01, 0.00, 151, 0, 0.04, 0.00
20:57:08.093 -> 26.39, 26.40, -0.01, 0.00, 151, 0, 0.04, 0.00
20:57:09.118 -> 26.39, 26.40, -0.01, 0.00, 151, 0, 0.04, 0.00
20:57:10.146 -> 26.39, 26.40, -0.01, 0.00, 151, 0, -0.00, 0.00
20:57:11.168 -> 26.39, 26.40, -0.01, 0.00, 151, 0, 0.04, 0.00
20:57:12.185 -> 26.39, 26.40, -0.01, 0.00, 151, 0, 0.04, 0.00
20:57:13.227 -> 26.39, 26.40, -0.01, 0.00, 151, 0, -0.00, 0.00
20:57:14.226 -> 26.39, 26.40, -0.01, 0.00, 151, 0, -0.00, 0.00
20:57:15.245 -> 26.39, 26.40, -0.01, 0.00, 151, 0, 0.04, 0.00
20:57:16.293 -> 26.30, 26.40, -0.10, -0.09, 147, 0, -0.00, 0.00
20:57:17.304 -> 26.30, 26.40, -0.10, 0.00, 148, 159, 0.26, 607.52
20:57:18.310 -> 26.21, 26.40, -0.19, -0.09, 144, 0, 2.37, 0.00
20:57:19.332 -> 26.30, 26.40, -0.10, 0.09, 149, 85, 0.04, 2337.70
20:57:20.362 -> 26.30, 26.40, -0.10, 0.00, 148, 159, 1.05, 151.36
20:57:21.378 -> 26.21, 26.40, -0.19, -0.09, 144, 0, 1.99, 0.00
20:57:22.424 -> 26.30, 26.40, -0.10, 0.09, 149, 85, 0.04, 2337.70
20:57:23.428 -> 26.30, 26.40, -0.10, 0.00, 148, 159, 2.10, 75.64
20:57:24.454 -> 26.21, 26.40, -0.19, -0.09, 144, 0, 2.44, 0.00
20:57:25.469 -> 26.30, 26.40, -0.10, 0.09, 149, 85, 0.30, 284.01
20:57:26.517 -> 26.30, 26.40, -0.10, 0.00, 148, 159, 1.28, 124.62
20:57:27.526 -> 26.12, 26.40, -0.28, -0.18, 141, 0, 3.08, 0.00
20:57:28.561 -> 26.30, 26.40, -0.10, 0.18, 149, 85, 0.26, 324.77
20:57:29.574 -> 26.30, 26.40, -0.10, 0.00, 148, 159, 0.45, 353.71
20:57:30.609 -> 26.12, 26.40, -0.28, -0.18, 141, 0, 1.43, 0.00
20:57:31.621 -> 26.30, 26.40, -0.10, 0.18, 149, 85, 0.30, 284.01
20:57:32.666 -> 26.21, 26.40, -0.19, -0.09, 144, 0, 1.69, 0.00
20:57:33.690 -> 26.30, 26.40, -0.10, 0.09, 149, 85, 0.04, 2337.70
20:57:34.693 -> 26.30, 26.40, -0.10, 0.00, 148, 159, 1.80, 88.25
20:57:35.726 -> 26.12, 26.40, -0.28, -0.18, 141, 0, 2.10, 0.00
20:57:36.746 -> 26.30, 26.40, -0.10, 0.18, 149, 85, 0.26, 324.77
20:57:37.770 -> 26.30, 26.40, -0.10, 0.00, 148, 159, 1.35, 117.69
20:57:38.801 -> 26.12, 26.40, -0.28, -0.18, 141, 0, 3.04, 0.00
20:57:39.817 -> 26.30, 26.40, -0.10, 0.18, 149, 85, 0.30, 284.01
20:57:40.827 -> 26.30, 26.40, -0.10, 0.00, 148, 159, 1.73, 92.09
20:57:41.842 -> 26.12, 26.40, -0.28, -0.18, 141, 0, 1.80, 0.00
20:57:42.899 -> 26.30, 26.40, -0.10, 0.18, 149, 85, 0.26, 324.77
20:57:43.913 -> 26.30, 26.40, -0.10, 0.00, 148, 159, 1.01, 156.97
20:57:44.939 -> 26.21, 26.40, -0.19, -0.09, 144, 0, 2.40, 0.00
20:57:45.946 -> 26.30, 26.40, -0.10, 0.09, 149, 85, -0.00, -70862.06
20:57:46.978 -> 26.30, 26.40, -0.10, 0.00, 148, 159, 1.65, 96.28
20:57:47.991 -> 26.21, 26.40, -0.19, -0.09, 144, 0, 1.80, 0.00
20:57:49.014 -> 26.39, 26.40, -0.01, 0.18, 152, 0, -0.00, 0.00
20:57:50.043 -> 26.39, 26.40, -0.01, 0.00, 151, 0, 0.04, 0.00
20:57:51.058 -> 26.39, 26.40, -0.01, 0.00, 151, 0, 0.04, 0.00
20:57:52.098 -> 26.39, 26.40, -0.01, 0.00, 151, 0, -0.00, 0.00
20:57:53.115 -> 26.39, 26.40, -0.01, 0.00, 151, 0, 0.04, 0.00
20:57:54.147 -> 26.39, 26.40, -0.01, 0.00, 151, 0, -0.00, 0.00
20:57:55.175 -> 26.39, 26.40, -0.01, 0.00, 151, 0, -0.00, 0.00
20:57:56.189 -> 26.48, 26.40, 0.08, 0.09, 155, 0, 0.04, 0.00
20:57:57.212 -> 26.48, 26.40, 0.08, 0.00, 154, 0, -0.00, 0.00
20:57:58.225 -> 26.48, 26.40, 0.08, 0.00, 154, 0, 0.04, 0.00
20:57:59.239 -> 26.48, 26.40, 0.08, 0.00, 154, 0, -0.00, 0.00
20:58:00.275 -> 26.48, 26.40, 0.08, 0.00, 154, 0, -0.00, 0.00
20:58:01.297 -> 26.48, 26.40, 0.08, 0.00, 154, 0, -0.00, 0.00
20:58:02.311 -> 26.56, 26.40, 0.17, 0.09, 158, 0, 0.04, 0.00
20:58:03.346 -> 26.56, 26.40, 0.17, 0.00, 157, 0, 0.04, 0.00
20:58:04.369 -> 26.56, 26.40, 0.17, 0.00, 157, 0, 0.04, 0.00
20:58:05.386 -> 26.56, 26.40, 0.17, 0.00, 157, 0, 0.04, 0.00
20:58:06.416 -> 26.56, 26.40, 0.17, 0.00, 157, 0, 0.04, 0.00
20:58:07.418 -> 26.56, 26.40, 0.17, 0.00, 157, 0, -0.00, 0.00
20:58:08.473 -> 26.56, 26.40, 0.17, 0.00, 157, 0, -0.04, 0.00
20:58:09.481 -> 26.56, 26.40, 0.17, 0.00, 157, 0, 0.04, 0.00
20:58:10.487 -> 26.56, 26.40, 0.17, 0.00, 157, 0, -0.00, 0.00
20:58:11.517 -> 26.65, 26.40, 0.26, 0.09, 161, 0, 0.04, 0.00
20:58:12.552 -> 26.65, 26.40, 0.26, 0.00, 160, 0, 0.07, 0.00
20:58:13.585 -> 26.65, 26.40, 0.26, 0.00, 160, 0, -0.00, 0.00
20:58:14.611 -> 26.65, 26.40, 0.26, 0.00, 160, 0, -0.00, 0.00
20:58:15.627 -> 26.65, 26.40, 0.26, 0.00, 160, 0, 0.04, 0.00
20:58:16.646 -> 26.65, 26.40, 0.26, 0.00, 160, 0, 0.04, 0.00
20:58:17.646 -> 26.65, 26.40, 0.26, 0.00, 160, 0, 0.04, 0.00
20:58:18.684 -> 26.65, 26.40, 0.26, 0.00, 160, 0, -0.00, 0.00
20:58:19.723 -> 26.65, 26.40, 0.26, 0.00, 160, 0, 0.04, 0.00
20:58:20.745 -> 26.65, 26.40, 0.26, 0.00, 160, 0, -0.00, 0.00
20:58:21.753 -> 26.65, 26.40, 0.26, 0.00, 160, 0, 0.04, 0.00
20:58:22.793 -> 26.65, 26.40, 0.26, 0.00, 160, 0, 0.04, 0.00
20:58:23.804 -> 26.65, 26.40, 0.26, 0.00, 160, 0, 0.04, 0.00
20:58:24.829 -> 26.65, 26.40, 0.26, 0.00, 160, 0, -0.00, 0.00
20:58:25.826 -> 26.65, 26.40, 0.26, 0.00, 160, 0, 0.04, 0.00
20:58:26.857 -> 26.65, 26.40, 0.26, 0.00, 160, 0, 0.04, 0.00
20:58:27.889 -> 26.65, 26.40, 0.26, 0.00, 160, 0, -0.00, 0.00
20:58:28.896 -> 26.65, 26.40, 0.26, 0.00, 160, 0, 0.04, 0.00
20:58:29.953 -> 26.65, 26.40, 0.26, 0.00, 160, 0, 0.04, 0.00
20:58:30.971 -> 26.65, 26.40, 0.26, 0.00, 160, 0, -0.00, 0.00
20:58:31.993 -> 26.65, 26.40, 0.26, 0.00, 160, 0, -0.00, 0.00
20:58:32.998 -> 26.65, 26.40, 0.26, 0.00, 160, 0, 0.04, 0.00
20:58:34.043 -> 26.65, 26.40, 0.26, 0.00, 160, 0, -0.00, 0.00
20:58:35.041 -> 26.65, 26.40, 0.26, 0.00, 160, 0, -0.00, 0.00
20:58:36.054 -> 26.65, 26.40, 0.26, 0.00, 160, 0, -0.00, 0.00
20:58:37.091 -> 26.65, 26.40, 0.26, 0.00, 160, 0, 0.04, 0.00
20:58:38.130 -> 26.65, 26.40, 0.26, 0.00, 160, 0, 0.04, 0.00
20:58:39.137 -> 26.65, 26.40, 0.26, 0.00, 160, 0, -0.00, 0.00
20:58:40.177 -> 26.65, 26.40, 0.26, 0.00, 160, 0, -0.00, 0.00
20:58:41.188 -> 26.65, 26.40, 0.26, 0.00, 160, 0, -0.00, 0.00
20:58:42.222 -> 26.65, 26.40, 0.26, 0.00, 160, 0, -0.00, 0.00
20:58:43.223 -> 26.65, 26.40, 0.26, 0.00, 160, 0, -0.00, 0.00
20:58:44.262 -> 26.65, 26.40, 0.26, 0.00, 160, 0, -0.00, 0.00
20:58:45.292 -> 26.65, 26.40, 0.26, 0.00, 160, 0, 0.04, 0.00
20:58:46.310 -> 26.65, 26.40, 0.26, 0.00, 160, 0, 0.04, 0.00
20:58:47.318 -> 26.65, 26.40, 0.26, 0.00, 160, 0, 0.04, 0.00
20:58:48.342 -> 26.56, 26.40, 0.17, -0.09, 156, 0, 0.04, 0.00
20:58:49.357 -> 26.56, 26.40, 0.17, 0.00, 157, 0, -0.00, 0.00
20:58:50.404 -> 26.56, 26.40, 0.17, 0.00, 157, 0, -0.00, 0.00
20:58:51.418 -> 26.56, 26.40, 0.17, 0.00, 157, 0, 0.04, 0.00
20:58:52.453 -> 26.56, 26.40, 0.17, 0.00, 157, 0, -0.04, 0.00
20:58:53.462 -> 26.56, 26.40, 0.17, 0.00, 157, 0, 0.04, 0.00
20:58:54.467 -> 26.56, 26.40, 0.17, 0.00, 157, 0, -0.00, 0.00
20:58:55.511 -> 26.56, 26.40, 0.17, 0.00, 157, 0, 0.04, 0.00
20:58:56.533 -> 26.56, 26.40, 0.17, 0.00, 157, 0, 0.04, 0.00
20:58:57.568 -> 26.56, 26.40, 0.17, 0.00, 157, 0, -0.00, 0.00
20:58:58.582 -> 26.56, 26.40, 0.17, 0.00, 157, 0, 0.04, 0.00
20:58:59.592 -> 26.56, 26.40, 0.17, 0.00, 157, 0, -0.00, 0.00
20:59:00.619 -> 26.56, 26.40, 0.17, 0.00, 157, 0, -0.00, 0.00
20:59:01.644 -> 26.56, 26.40, 0.17, 0.00, 157, 0, -0.00, 0.00
20:59:02.662 -> 26.56, 26.40, 0.17, 0.00, 157, 0, 0.04, 0.00
20:59:03.705 -> 26.56, 26.40, 0.17, 0.00, 157, 0, -0.00, 0.00
20:59:04.724 -> 26.56, 26.40, 0.17, 0.00, 157, 0, 0.04, 0.00
20:59:05.751 -> 26.56, 26.40, 0.17, 0.00, 157, 0, -0.00, 0.00
20:59:06.776 -> 26.56, 26.40, 0.17, 0.00, 157, 0, -0.00, 0.00
20:59:07.797 -> 26.56, 26.40, 0.17, 0.00, 157, 0, -0.08, 0.00
20:59:08.804 -> 26.56, 26.40, 0.17, 0.00, 157, 0, 0.04, 0.00
20:59:09.825 -> 26.56, 26.40, 0.17, 0.00, 157, 0, -0.00, 0.00
20:59:10.841 -> 26.56, 26.40, 0.17, 0.00, 157, 0, 0.04, 0.00
20:59:11.876 -> 26.56, 26.40, 0.17, 0.00, 157, 0, 0.04, 0.00
20:59:12.906 -> 26.56, 26.40, 0.17, 0.00, 157, 0, -0.00, 0.00
20:59:13.909 -> 26.56, 26.40, 0.17, 0.00, 157, 0, 0.04, 0.00
20:59:14.925 -> 26.56, 26.40, 0.17, 0.00, 157, 0, 0.04, 0.00
20:59:15.985 -> 26.56, 26.40, 0.17, 0.00, 157, 0, 0.04, 0.00
20:59:16.987 -> 26.56, 26.40, 0.17, 0.00, 157, 0, 0.04, 0.00
20:59:18.012 -> 26.56, 26.40, 0.17, 0.00, 157, 0, -0.00, 0.00
20:59:19.028 -> 26.56, 26.40, 0.17, 0.00, 157, 0, -0.00, 0.00
20:59:20.052 -> 26.56, 26.40, 0.17, 0.00, 157, 0, 0.04, 0.00
20:59:21.068 -> 26.56, 26.40, 0.17, 0.00, 157, 0, -0.00, 0.00
20:59:22.120 -> 26.56, 26.40, 0.17, 0.00, 157, 0, -0.00, 0.00
20:59:23.142 -> 26.56, 26.40, 0.17, 0.00, 157, 0, 0.04, 0.00
20:59:24.156 -> 26.56, 26.40, 0.17, 0.00, 157, 0, 0.04, 0.00
20:59:25.181 -> 26.56, 26.40, 0.17, 0.00, 157, 0, 0.04, 0.00
20:59:26.201 -> 26.56, 26.40, 0.17, 0.00, 157, 0, 0.04, 0.00
20:59:27.227 -> 26.56, 26.40, 0.17, 0.00, 157, 0, 0.04, 0.00
20:59:28.244 -> 26.56, 26.40, 0.17, 0.00, 157, 0, 0.04, 0.00
20:59:29.260 -> 26.56, 26.40, 0.17, 0.00, 157, 0, 0.04, 0.00
20:59:30.300 -> 26.56, 26.40, 0.17, 0.00, 157, 0, -0.00, 0.00
20:59:31.312 -> 26.56, 26.40, 0.17, 0.00, 157, 0, -0.00, 0.00
20:59:32.329 -> 26.56, 26.40, 0.17, 0.00, 157, 0, 0.04, 0.00
20:59:33.349 -> 26.56, 26.40, 0.17, 0.00, 157, 0, 0.04, 0.00
20:59:34.365 -> 26.56, 26.40, 0.17, 0.00, 157, 0, -0.00, 0.00
20:59:35.409 -> 26.56, 26.40, 0.17, 0.00, 157, 0, -0.00, 0.00
20:59:36.413 -> 26.56, 26.40, 0.17, 0.00, 157, 0, 0.04, 0.00
20:59:37.461 -> 26.56, 26.40, 0.17, 0.00, 157, 0, -0.00, 0.00
20:59:38.473 -> 26.56, 26.40, 0.17, 0.00, 157, 0, -0.00, 0.00
20:59:39.491 -> 26.56, 26.40, 0.17, 0.00, 157, 0, 0.04, 0.00
20:59:40.527 -> 26.56, 26.40, 0.17, 0.00, 157, 0, -0.00, 0.00
20:59:41.527 -> 26.56, 26.40, 0.17, 0.00, 157, 0, 0.04, 0.00
20:59:42.575 -> 26.56, 26.40, 0.17, 0.00, 157, 0, 0.04, 0.00
20:59:43.595 -> 26.48, 26.40, 0.08, -0.09, 153, 0, 0.04, 0.00
20:59:44.622 -> 26.56, 26.40, 0.17, 0.09, 158, 0, -0.00, 0.00
20:59:45.647 -> 26.48, 26.40, 0.08, -0.09, 153, 0, 0.04, 0.00
20:59:46.640 -> 26.48, 26.40, 0.08, 0.00, 154, 0, 0.04, 0.00
20:59:47.674 -> 26.48, 26.40, 0.08, 0.00, 154, 0, 0.04, 0.00
20:59:48.694 -> 26.48, 26.40, 0.08, 0.00, 154, 0, -0.00, 0.00
20:59:49.736 -> 26.48, 26.40, 0.08, 0.00, 154, 0, -0.00, 0.00
20:59:50.734 -> 26.48, 26.40, 0.08, 0.00, 154, 0, -0.00, 0.00
20:59:51.764 -> 26.48, 26.40, 0.08, 0.00, 154, 0, -0.00, 0.00
20:59:52.795 -> 26.48, 26.40, 0.08, 0.00, 154, 0, 0.04, 0.00
20:59:53.804 -> 26.48, 26.40, 0.08, 0.00, 154, 0, -0.00, 0.00
20:59:54.838 -> 26.48, 26.40, 0.08, 0.00, 154, 0, -0.00, 0.00
20:59:55.873 -> 26.48, 26.40, 0.08, 0.00, 154, 0, -0.00, 0.00
20:59:56.894 -> 26.48, 26.40, 0.08, 0.00, 154, 0, 0.07, 0.00
