final_actions_13_20200821-230117
const unsigned char q_actions[448] = {0, 0, 0, 224, 247, 0, 0, 0, 0, 0, 0, 0, 0, 223, 0, 0, 0, 0, 0, 0, 0, 0, 239, 0, 0, 0, 0, 0, 0, 0, 0, 239, 0, 0, 0, 0, 0, 0, 0, 0, 239, 0, 0, 0, 0, 0, 0, 0, 0, 239, 0, 0, 239, 0, 0, 0, 0, 0, 239, 0, 0, 239, 0, 0, 0, 0, 0, 63, 0, 0, 225, 0, 0, 0, 0, 0, 234, 0, 0, 250, 0, 0, 0, 0, 0, 234, 0, 0, 250, 0, 0, 0, 0, 0, 234, 0, 0, 250, 0, 0, 0, 0, 0, 234, 0, 0, 250, 0, 0, 0, 0, 0, 243, 0, 0, 250, 0, 0, 0, 0, 0, 9, 0, 0, 250, 0, 0, 0, 0, 0, 237, 0, 0, 250, 0, 0, 0, 0, 0, 37, 0, 0, 250, 0, 0, 0, 0, 0, 151, 0, 0, 250, 0, 0, 0, 0, 0, 151, 0, 0, 250, 0, 0, 0, 0, 0, 151, 0, 0, 250, 0, 0, 0, 0, 0, 151, 0, 0, 250, 0, 0, 0, 0, 0, 147, 0, 0, 234, 0, 0, 0, 0, 0, 152, 0, 0, 234, 0, 0, 0, 0, 0, 78, 0, 0, 234, 0, 0, 0, 0, 0, 17, 0, 0, 234, 0, 0, 0, 0, 0, 30, 0, 0, 125, 0, 0, 0, 0, 0, 200, 0, 0, 125, 0, 0, 0, 0, 0, 200, 0, 0, 125, 0, 0, 0, 0, 0, 3, 0, 0, 125, 0, 0, 0, 0, 0, 200, 0, 0, 125, 0, 0, 0, 0, 0, 200, 0, 0, 125, 0, 0, 0, 0, 0, 109, 0, 0, 125, 0, 0, 0, 0, 0, 200, 0, 0, 125, 0, 0, 0, 0, 0, 200, 0, 0, 125, 0, 0, 0, 0, 0, 109, 0, 0, 125, 0, 0, 0, 0, 0, 109, 0, 0, 125, 0, 0, 0, 0, 0, 109, 0, 0, 125, 0, 0, 0, 0, 0, 109, 0, 0, 125, 0, 0, 0, 0, 0, 218, 0, 0, 125, 0, 0, 0, 0, 0, 144, 0, 0, 34, 0, 0, 0, 0, 0, 50, 0, 0, 80, 0, 0, 0, 0, 0, 12, 0, 0, 203, 0, 0, 0, 0, 0, 86, 0, 0, 39, 0, 0, 0, 0, 0, 97, 0, 0, 26, 0, 0, 0, 0, 0, 203, 0, 0, 210, 0, 0, 0, 0, 0, 128, 0, 0, 84, 0, 0, 0, 0, 0, 175, 0, 0, 112, 0, 0, 0, 0, 0, 11, 0, 0, 68, 0, 0, 0, 0, 0, 67, 0, 0, 158, 0, 0, 0, 0, 0, 13, 0, 0, 37, 0, 0, 0, 0, 0, 18, 0, 0};

Timestamp, Temperature (ºC), Setpoint, Error, Velocity, Acceleration, State, PWM output, Current, PWM / Current
23:05:28.389, 21.31, 26.31, -5.00, 0.00, 0.00, 4, 247, 0.04, 6793.07
23:05:29.426, 21.23, 26.31, -5.09, -0.09, -0.09, -9, 255, 3.83, 66.58
23:05:30.417, 21.23, 26.31, -5.09, 0.00, 0.09, -32, 255, 3.83, 66.58
23:05:31.448, 21.23, 26.31, -5.09, 0.00, 0.00, -33, 255, 3.83, 66.58
23:05:32.466, 21.23, 26.31, -5.09, 0.00, 0.00, -33, 255, 3.79, 67.24
23:05:33.507, 21.23, 26.31, -5.09, 0.00, 0.00, -33, 255, 3.83, 66.58
23:05:34.542, 21.23, 26.31, -5.09, 0.00, 0.00, -33, 255, 3.87, 65.93
23:05:35.545, 21.23, 26.31, -5.09, 0.00, 0.00, -33, 255, 3.83, 66.58
23:05:36.586, 21.23, 26.31, -5.09, 0.00, 0.00, -33, 255, 3.83, 66.58
23:05:37.588, 21.23, 26.31, -5.09, 0.00, 0.00, -33, 255, 3.83, 66.58
23:05:38.620, 21.23, 26.31, -5.09, 0.00, 0.00, -33, 255, 3.83, 66.58
23:05:39.646, 21.31, 26.31, -5.00, 0.09, 0.09, 8, 0, 3.49, 0.00
23:05:40.677, 21.40, 26.31, -4.91, 0.09, 0.00, 16, 0, 0.04, 0.00
23:05:41.689, 21.48, 26.31, -4.83, 0.09, 0.00, 25, 0, -0.04, 0.00
23:05:42.713, 21.48, 26.31, -4.83, 0.00, -0.09, 21, 0, 0.04, 0.00
23:05:43.730, 21.57, 26.31, -4.74, 0.09, 0.09, 35, 0, 0.04, 0.00
23:05:44.746, 21.57, 26.31, -4.74, 0.00, -0.09, 30, 0, -0.00, 0.00
23:05:45.792, 21.66, 26.31, -4.66, 0.09, 0.09, 35, 0, 0.04, 0.00
23:05:46.798, 21.66, 26.31, -4.66, 0.00, -0.09, 30, 0, 0.04, 0.00
23:05:47.841, 21.74, 26.31, -4.57, 0.09, 0.09, 44, 0, 0.04, 0.00
23:05:48.834, 21.74, 26.31, -4.57, 0.00, -0.09, 39, 0, -0.00, 0.00
23:05:49.886, 21.83, 26.31, -4.48, 0.09, 0.09, 53, 0, 0.04, 0.00
23:05:50.887, 21.83, 26.31, -4.48, 0.00, -0.09, 48, 0, 0.04, 0.00
23:05:51.932, 21.83, 26.31, -4.48, 0.00, 0.00, 49, 239, 0.37, 638.35
23:05:52.955, 21.74, 26.31, -4.57, -0.09, -0.09, 36, 0, 3.30, 0.00
23:05:53.987, 21.91, 26.31, -4.40, 0.17, 0.26, 64, 0, 0.04, 0.00
23:05:55.004, 21.91, 26.31, -4.40, 0.00, -0.17, 63, 0, 0.04, 0.00
23:05:56.031, 21.91, 26.31, -4.40, 0.00, 0.00, 58, 239, -0.00, -199247.42
23:05:57.039, 21.83, 26.31, -4.48, -0.09, -0.09, 45, 0, 3.27, 0.00
23:05:58.055, 21.91, 26.31, -4.40, 0.09, 0.17, 63, 0, -0.00, 0.00
23:05:59.085, 21.91, 26.31, -4.40, 0.00, -0.09, 57, 0, 0.04, 0.00
23:06:00.101, 21.91, 26.31, -4.40, 0.00, 0.00, 58, 239, 0.45, 531.68
23:06:01.124, 21.83, 26.31, -4.48, -0.09, -0.09, 45, 0, 3.27, 0.00
23:06:02.171, 22.00, 26.31, -4.31, 0.17, 0.26, 73, 0, -0.00, 0.00
23:06:03.195, 22.00, 26.31, -4.31, 0.00, -0.17, 72, 0, 0.04, 0.00
23:06:04.186, 22.00, 26.31, -4.31, 0.00, 0.00, 67, 63, 0.41, 152.93
23:06:05.214, 22.00, 26.31, -4.31, 0.00, 0.00, 67, 63, 0.67, 93.35
23:06:06.240, 22.00, 26.31, -4.31, 0.00, 0.00, 67, 63, 0.49, 129.34
23:06:07.260, 22.00, 26.31, -4.31, 0.00, 0.00, 67, 63, 0.34, 187.03
23:06:08.294, 22.00, 26.31, -4.31, 0.00, 0.00, 67, 63, 1.88, 33.57
23:06:09.335, 22.00, 26.31, -4.31, 0.00, 0.00, 67, 63, 0.86, 73.03
23:06:10.347, 22.00, 26.31, -4.31, 0.00, 0.00, 67, 63, 0.45, 140.15
23:06:11.382, 22.00, 26.31, -4.31, 0.00, 0.00, 67, 63, 1.91, 32.91
23:06:12.396, 22.00, 26.31, -4.31, 0.00, 0.00, 67, 63, 1.13, 55.97
23:06:13.407, 22.00, 26.31, -4.31, 0.00, 0.00, 67, 63, 0.67, 93.35
23:06:14.457, 22.00, 26.31, -4.31, 0.00, 0.00, 67, 63, 0.34, 187.03
23:06:15.453, 22.09, 26.31, -4.23, 0.09, 0.09, 80, 0, 1.65, 0.00
23:06:16.494, 22.09, 26.31, -4.23, 0.00, -0.09, 75, 0, -0.00, 0.00
23:06:17.515, 22.09, 26.31, -4.23, 0.00, 0.00, 76, 234, 0.30, 781.87
23:06:18.553, 22.00, 26.31, -4.31, -0.09, -0.09, 63, 0, 3.12, 0.00
23:06:19.572, 22.09, 26.31, -4.23, 0.09, 0.17, 81, 0, 0.04, 0.00
23:06:20.576, 22.09, 26.31, -4.23, 0.00, -0.09, 75, 0, 0.04, 0.00
23:06:21.605, 22.17, 26.31, -4.14, 0.09, 0.09, 89, 0, -0.00, 0.00
23:06:22.625, 22.17, 26.31, -4.14, 0.00, -0.09, 84, 0, 0.04, 0.00
23:06:23.640, 22.17, 26.31, -4.14, 0.00, 0.00, 85, 234, 0.34, 694.69
23:06:24.688, 22.09, 26.31, -4.23, -0.09, -0.09, 72, 0, 3.19, 0.00
23:06:25.691, 22.17, 26.31, -4.14, 0.09, 0.17, 90, 0, 0.04, 0.00
23:06:26.714, 22.17, 26.31, -4.14, 0.00, -0.09, 84, 0, 0.04, 0.00
23:06:27.736, 22.26, 26.31, -4.05, 0.09, 0.09, 89, 0, 0.04, 0.00
23:06:28.757, 22.26, 26.31, -4.05, 0.00, -0.09, 84, 0, -0.00, 0.00
23:06:29.788, 22.26, 26.31, -4.05, 0.00, 0.00, 85, 234, -0.00, -195079.06
23:06:30.801, 22.17, 26.31, -4.14, -0.09, -0.09, 81, 0, 2.93, 0.00
23:06:31.827, 22.26, 26.31, -4.05, 0.09, 0.17, 90, 0, 0.04, 0.00
23:06:32.881, 22.26, 26.31, -4.05, 0.00, -0.09, 84, 0, -0.00, 0.00
23:06:33.884, 22.26, 26.31, -4.05, 0.00, 0.00, 85, 234, 0.37, 625.00
23:06:34.913, 22.17, 26.31, -4.14, -0.09, -0.09, 81, 0, 3.45, 0.00
23:06:35.924, 22.35, 26.31, -3.97, 0.17, 0.26, 100, 0, 0.04, 0.00
23:06:36.972, 22.35, 26.31, -3.97, 0.00, -0.17, 99, 0, 0.04, 0.00
23:06:37.996, 22.35, 26.31, -3.97, 0.00, 0.00, 94, 234, 0.34, 694.69
23:06:39.018, 22.26, 26.31, -4.05, -0.09, -0.09, 81, 0, 3.34, 0.00
23:06:40.038, 22.35, 26.31, -3.97, 0.09, 0.17, 99, 0, -0.00, 0.00
23:06:41.060, 22.43, 26.31, -3.88, 0.09, 0.00, 106, 250, 0.41, 606.85
23:06:42.065, 22.26, 26.31, -4.05, -0.17, -0.26, 107, 0, 3.49, 0.00
23:06:43.114, 22.43, 26.31, -3.88, 0.17, 0.35, 109, 0, -0.00, 0.00
23:06:44.131, 22.43, 26.31, -3.88, 0.00, -0.17, 108, 0, 0.04, 0.00
23:06:45.158, 22.43, 26.31, -3.88, 0.00, 0.00, 103, 234, 0.34, 694.69
23:06:46.177, 22.35, 26.31, -3.97, -0.09, -0.09, 90, 0, 2.89, 0.00
23:06:47.204, 22.43, 26.31, -3.88, 0.09, 0.17, 108, 0, -0.00, 0.00
23:06:48.230, 22.52, 26.31, -3.79, 0.09, 0.00, 115, 250, 0.04, 6875.58
23:06:49.229, 22.35, 26.31, -3.97, -0.17, -0.26, 116, 0, 3.53, 0.00
23:06:50.253, 22.52, 26.31, -3.79, 0.17, 0.35, 118, 0, 0.04, 0.00
23:06:51.289, 22.52, 26.31, -3.79, 0.00, -0.17, 117, 0, 0.04, 0.00
23:06:52.316, 22.52, 26.31, -3.79, 0.00, 0.00, 112, 243, 0.41, 589.86
23:06:53.336, 22.43, 26.31, -3.88, -0.09, -0.09, 99, 0, 3.42, 0.00
23:06:54.350, 22.60, 26.31, -3.71, 0.17, 0.26, 127, 0, -0.00, 0.00
23:06:55.394, 22.60, 26.31, -3.71, 0.00, -0.17, 126, 0, 0.04, 0.00
23:06:56.422, 22.60, 26.31, -3.71, 0.00, 0.00, 121, 9, 0.41, 21.85
23:06:57.424, 22.60, 26.31, -3.71, 0.00, 0.00, 121, 9, 0.07, 121.75
23:06:58.447, 22.69, 26.31, -3.62, 0.09, 0.09, 134, 0, 0.26, 0.00
23:06:59.474, 22.69, 26.31, -3.62, 0.00, -0.09, 129, 0, 0.04, 0.00
23:07:00.490, 22.69, 26.31, -3.62, 0.00, 0.00, 130, 237, 0.04, 6518.05
23:07:01.522, 22.60, 26.31, -3.71, -0.09, -0.09, 117, 0, 3.34, 0.00
23:07:02.550, 22.69, 26.31, -3.62, 0.09, 0.17, 135, 0, -0.00, 0.00
23:07:03.566, 22.69, 26.31, -3.62, 0.00, -0.09, 129, 0, -0.00, 0.00
23:07:04.593, 22.78, 26.31, -3.53, 0.09, 0.09, 143, 0, 0.04, 0.00
23:07:05.614, 22.78, 26.31, -3.53, 0.00, -0.09, 138, 0, 0.04, 0.00
23:07:06.655, 22.78, 26.31, -3.53, 0.00, 0.00, 139, 37, 0.37, 98.82
23:07:07.668, 22.78, 26.31, -3.53, 0.00, 0.00, 139, 37, 0.60, 61.69
23:07:08.697, 22.78, 26.31, -3.53, 0.00, 0.00, 139, 37, 0.26, 141.37
23:07:09.722, 22.78, 26.31, -3.53, 0.00, 0.00, 139, 37, 0.86, 42.89
23:07:10.722, 22.86, 26.31, -3.45, 0.09, 0.09, 152, 0, 0.26, 0.00
23:07:11.750, 22.86, 26.31, -3.45, 0.00, -0.09, 147, 0, 0.04, 0.00
23:07:12.781, 22.86, 26.31, -3.45, 0.00, 0.00, 148, 151, 0.04, 4152.85
23:07:13.818, 22.78, 26.31, -3.53, -0.09, -0.09, 135, 0, 2.85, 0.00
23:07:14.842, 22.86, 26.31, -3.45, 0.09, 0.17, 153, 0, 0.04, 0.00
23:07:15.842, 22.86, 26.31, -3.45, 0.00, -0.09, 147, 0, 0.04, 0.00
23:07:16.891, 22.86, 26.31, -3.45, 0.00, 0.00, 148, 151, 0.41, 366.54
23:07:17.911, 22.78, 26.31, -3.53, -0.09, -0.09, 135, 0, 2.89, 0.00
23:07:18.943, 22.95, 26.31, -3.36, 0.17, 0.26, 154, 0, 0.04, 0.00
23:07:19.954, 22.95, 26.31, -3.36, 0.00, -0.17, 153, 0, 0.04, 0.00
23:07:20.982, 22.95, 26.31, -3.36, 0.00, 0.00, 148, 151, 0.34, 448.28
23:07:22.009, 22.86, 26.31, -3.45, -0.09, -0.09, 144, 0, 2.93, 0.00
23:07:23.004, 22.95, 26.31, -3.36, 0.09, 0.17, 153, 0, 0.04, 0.00
23:07:24.035, 22.95, 26.31, -3.36, 0.00, -0.09, 147, 0, 0.04, 0.00
23:07:25.065, 22.95, 26.31, -3.36, 0.00, 0.00, 148, 151, 0.37, 403.31
23:07:26.083, 22.86, 26.31, -3.45, -0.09, -0.09, 144, 0, 1.54, 0.00
23:07:27.108, 22.95, 26.31, -3.36, 0.09, 0.17, 153, 0, -0.00, 0.00
23:07:28.135, 23.04, 26.31, -3.27, 0.09, 0.00, 160, 250, 0.37, 667.73
23:07:29.159, 22.86, 26.31, -3.45, -0.17, -0.26, 170, 0, 3.53, 0.00
23:07:30.184, 23.04, 26.31, -3.27, 0.17, 0.35, 163, 0, 0.04, 0.00
23:07:31.202, 23.04, 26.31, -3.27, 0.00, -0.17, 162, 0, -0.00, 0.00
23:07:32.240, 23.04, 26.31, -3.27, 0.00, 0.00, 157, 151, 0.34, 448.28
23:07:33.268, 22.95, 26.31, -3.36, -0.09, -0.09, 144, 0, 2.29, 0.00
23:07:34.296, 23.04, 26.31, -3.27, 0.09, 0.17, 162, 0, 0.04, 0.00
23:07:35.322, 23.12, 26.31, -3.19, 0.09, 0.00, 169, 250, 0.04, 6875.58
23:07:36.338, 22.95, 26.31, -3.36, -0.17, -0.26, 170, 0, 3.49, 0.00
23:07:37.360, 23.12, 26.31, -3.19, 0.17, 0.35, 172, 0, 0.04, 0.00
23:07:38.384, 23.12, 26.31, -3.19, 0.00, -0.17, 171, 0, -0.00, 0.00
23:07:39.400, 23.12, 26.31, -3.19, 0.00, 0.00, 166, 151, 0.37, 403.31
23:07:40.426, 23.04, 26.31, -3.27, -0.09, -0.09, 153, 0, 3.04, 0.00
23:07:41.451, 23.21, 26.31, -3.10, 0.17, 0.26, 181, 0, 0.04, 0.00
23:07:42.456, 23.21, 26.31, -3.10, 0.00, -0.17, 180, 0, 0.04, 0.00
23:07:43.507, 23.21, 26.31, -3.10, 0.00, 0.00, 175, 151, 0.41, 366.54
23:07:44.528, 23.12, 26.31, -3.19, -0.09, -0.09, 162, 0, 2.63, 0.00
23:07:45.548, 23.21, 26.31, -3.10, 0.09, 0.17, 180, 0, 0.04, 0.00
23:07:46.576, 23.30, 26.31, -3.01, 0.09, 0.00, 187, 234, 0.34, 694.69
23:07:47.590, 23.21, 26.31, -3.10, -0.09, -0.17, 198, 0, 2.93, 0.00
23:07:48.620, 23.30, 26.31, -3.01, 0.09, 0.17, 189, 0, -0.00, 0.00
23:07:49.644, 23.30, 26.31, -3.01, 0.00, -0.09, 183, 0, -0.00, 0.00
23:07:50.673, 23.30, 26.31, -3.01, 0.00, 0.00, 184, 147, 0.37, 392.63
23:07:51.674, 23.30, 26.31, -3.01, 0.00, 0.00, 184, 147, 3.04, 48.34
23:07:52.700, 23.30, 26.31, -3.01, 0.00, 0.00, 184, 147, 1.24, 118.71
23:07:53.726, 23.30, 26.31, -3.01, 0.00, 0.00, 184, 147, 2.93, 50.20
23:07:54.752, 23.30, 26.31, -3.01, 0.00, 0.00, 184, 147, 2.06, 71.20
23:07:55.764, 23.30, 26.31, -3.01, 0.00, 0.00, 184, 147, 1.43, 103.08
23:07:56.793, 23.39, 26.31, -2.93, 0.09, 0.09, 197, 0, 3.00, 0.00
23:07:57.812, 23.47, 26.31, -2.84, 0.09, 0.00, 205, 234, -0.00, -195079.06
23:07:58.843, 23.39, 26.31, -2.93, -0.09, -0.17, 216, 0, 3.15, 0.00
23:07:59.869, 23.47, 26.31, -2.84, 0.09, 0.17, 207, 0, 0.04, 0.00
23:08:00.912, 23.47, 26.31, -2.84, 0.00, -0.09, 201, 0, 0.04, 0.00
23:08:01.935, 23.56, 26.31, -2.75, 0.09, 0.09, 206, 0, -0.00, 0.00
23:08:02.937, 23.56, 26.31, -2.75, 0.00, -0.09, 201, 0, 0.04, 0.00
23:08:03.974, 23.56, 26.31, -2.75, 0.00, 0.00, 202, 78, 0.37, 208.33
23:08:04.997, 23.56, 26.31, -2.75, 0.00, 0.00, 202, 78, 0.64, 122.39
23:08:06.034, 23.56, 26.31, -2.75, 0.00, 0.00, 202, 78, 2.18, 35.82
23:08:07.027, 23.65, 26.31, -2.67, 0.09, 0.09, 215, 0, 0.90, 0.00
23:08:08.073, 23.65, 26.31, -2.67, 0.00, -0.09, 210, 0, -0.00, 0.00
23:08:09.072, 23.73, 26.31, -2.58, 0.09, 0.09, 224, 0, -0.00, 0.00
23:08:10.118, 23.73, 26.31, -2.58, 0.00, -0.09, 219, 0, 0.04, 0.00
23:08:11.114, 23.73, 26.31, -2.58, 0.00, 0.00, 220, 30, -0.00, -25010.14
23:08:12.147, 23.73, 26.31, -2.58, 0.00, 0.00, 220, 30, 0.19, 160.77
23:08:13.166, 23.82, 26.31, -2.49, 0.09, 0.09, 233, 0, 0.41, 0.00
23:08:14.202, 23.82, 26.31, -2.49, 0.00, -0.09, 228, 0, 0.04, 0.00
23:08:15.213, 23.82, 26.31, -2.49, 0.00, 0.00, 229, 200, -0.00, -166734.23
23:08:16.241, 23.73, 26.31, -2.58, -0.09, -0.09, 216, 0, 2.63, 0.00
23:08:17.258, 23.82, 26.31, -2.49, 0.09, 0.17, 234, 0, 0.04, 0.00
23:08:18.287, 23.91, 26.31, -2.40, 0.09, 0.00, 241, 125, 0.41, 303.43
23:08:19.308, 23.82, 26.31, -2.49, -0.09, -0.17, 252, 0, 2.37, 0.00
23:08:20.338, 23.91, 26.31, -2.40, 0.09, 0.17, 243, 0, 0.04, 0.00
23:08:21.350, 23.91, 26.31, -2.40, 0.00, -0.09, 237, 0, 0.04, 0.00
23:08:22.385, 23.91, 26.31, -2.40, 0.00, 0.00, 238, 200, 0.41, 485.48
23:08:23.431, 23.82, 26.31, -2.49, -0.09, -0.09, 225, 0, 3.30, 0.00
23:08:24.437, 23.91, 26.31, -2.40, 0.09, 0.17, 243, 0, 0.04, 0.00
23:08:25.471, 23.91, 26.31, -2.40, 0.00, -0.09, 237, 0, 0.04, 0.00
23:08:26.490, 24.00, 26.31, -2.32, 0.09, 0.09, 251, 0, -0.00, 0.00
23:08:27.515, 24.00, 26.31, -2.32, 0.00, -0.09, 246, 0, 0.04, 0.00
23:08:28.542, 24.00, 26.31, -2.32, 0.00, 0.00, 247, 3, 0.41, 7.28
23:08:29.540, 24.00, 26.31, -2.32, 0.00, 0.00, 247, 3, 0.04, 82.51
23:08:30.574, 24.00, 26.31, -2.32, 0.00, 0.00, 247, 3, 0.19, 16.08
23:08:31.594, 24.00, 26.31, -2.32, 0.00, 0.00, 247, 3, 0.15, 20.13
23:08:32.639, 24.00, 26.31, -2.32, 0.00, 0.00, 247, 3, 0.07, 40.58
23:08:33.646, 24.00, 26.31, -2.32, 0.00, 0.00, 247, 3, 0.07, 40.58
23:08:34.667, 24.00, 26.31, -2.32, 0.00, 0.00, 247, 3, 0.26, 11.46
23:08:35.683, 24.08, 26.31, -2.23, 0.09, 0.09, 260, 0, 0.07, 0.00
23:08:36.709, 24.08, 26.31, -2.23, 0.00, -0.09, 255, 0, -0.00, 0.00
23:08:37.729, 24.08, 26.31, -2.23, 0.00, 0.00, 256, 200, 0.04, 5500.46
23:08:38.755, 24.00, 26.31, -2.32, -0.09, -0.09, 243, 0, 2.63, 0.00
23:08:39.808, 24.08, 26.31, -2.23, 0.09, 0.17, 261, 0, 0.04, 0.00
23:08:40.822, 24.08, 26.31, -2.23, 0.00, -0.09, 255, 0, 0.04, 0.00
23:08:41.842, 24.08, 26.31, -2.23, 0.00, 0.00, 256, 200, 0.37, 534.19
23:08:42.866, 24.00, 26.31, -2.32, -0.09, -0.09, 243, 0, 2.21, 0.00
23:08:43.874, 24.08, 26.31, -2.23, 0.09, 0.17, 261, 0, 0.04, 0.00
23:08:44.923, 24.08, 26.31, -2.23, 0.00, -0.09, 255, 0, 0.04, 0.00
23:08:45.947, 24.17, 26.31, -2.14, 0.09, 0.09, 269, 0, 0.04, 0.00
23:08:46.976, 24.17, 26.31, -2.14, 0.00, -0.09, 264, 0, -0.00, 0.00
23:08:47.975, 24.17, 26.31, -2.14, 0.00, 0.00, 265, 200, 0.37, 534.19
23:08:49.015, 24.08, 26.31, -2.23, -0.09, -0.09, 252, 0, 3.27, 0.00
23:08:50.017, 24.17, 26.31, -2.14, 0.09, 0.18, 270, 0, 0.04, 0.00
23:08:51.060, 24.17, 26.31, -2.14, 0.00, -0.09, 264, 0, 0.04, 0.00
23:08:52.088, 24.17, 26.31, -2.14, 0.00, 0.00, 265, 200, 0.37, 534.19
23:08:53.120, 24.08, 26.31, -2.23, -0.09, -0.09, 252, 0, 2.29, 0.00
23:08:54.124, 24.17, 26.31, -2.14, 0.09, 0.18, 270, 0, 0.04, 0.00
23:08:55.156, 24.17, 26.31, -2.14, 0.00, -0.09, 264, 0, 0.04, 0.00
23:08:56.192, 24.26, 26.31, -2.05, 0.09, 0.09, 269, 0, -0.00, 0.00
23:08:57.206, 24.26, 26.31, -2.05, 0.00, -0.09, 264, 0, 0.04, 0.00
23:08:58.212, 24.26, 26.31, -2.05, 0.00, 0.00, 265, 200, 0.34, 593.75
23:08:59.237, 24.17, 26.31, -2.14, -0.09, -0.09, 261, 0, 2.93, 0.00
23:09:00.252, 24.26, 26.31, -2.05, 0.09, 0.18, 270, 0, 0.04, 0.00
23:09:01.276, 24.26, 26.31, -2.05, 0.00, -0.09, 264, 0, 0.04, 0.00
23:09:02.312, 24.35, 26.31, -1.97, 0.09, 0.09, 278, 0, -0.00, 0.00
23:09:03.336, 24.35, 26.31, -1.97, 0.00, -0.09, 273, 0, -0.00, 0.00
23:09:04.364, 24.35, 26.31, -1.97, 0.00, 0.00, 274, 109, 0.41, 264.59
23:09:05.393, 24.35, 26.31, -1.97, 0.00, 0.00, 274, 109, 2.44, 44.67
23:09:06.411, 24.35, 26.31, -1.97, 0.00, 0.00, 274, 109, 1.35, 80.68
23:09:07.423, 24.35, 26.31, -1.97, 0.00, 0.00, 274, 109, 0.98, 111.75
23:09:08.439, 24.35, 26.31, -1.97, 0.00, 0.00, 274, 109, 2.40, 45.37
23:09:09.473, 24.35, 26.31, -1.97, 0.00, 0.00, 274, 109, 0.75, 145.33
23:09:10.506, 24.43, 26.31, -1.88, 0.09, 0.09, 287, 0, 2.63, 0.00
23:09:11.533, 24.43, 26.31, -1.88, 0.00, -0.09, 282, 0, -0.00, 0.00
23:09:12.563, 24.43, 26.31, -1.88, 0.00, 0.00, 283, 200, 0.37, 534.19
23:09:13.589, 24.35, 26.31, -1.97, -0.09, -0.09, 270, 0, 2.82, 0.00
23:09:14.585, 24.52, 26.31, -1.79, 0.18, 0.26, 298, 0, 0.04, 0.00
23:09:15.643, 24.52, 26.31, -1.79, 0.00, -0.18, 297, 0, 0.04, 0.00
23:09:16.631, 24.52, 26.31, -1.79, 0.00, 0.00, 292, 200, 0.04, 5500.46
23:09:17.662, 24.43, 26.31, -1.88, -0.09, -0.09, 279, 0, 3.15, 0.00
23:09:18.687, 24.52, 26.31, -1.79, 0.09, 0.18, 297, 0, 0.04, 0.00
23:09:19.715, 24.61, 26.31, -1.70, 0.09, 0.00, 304, 125, 0.37, 333.87
23:09:20.749, 24.52, 26.31, -1.79, -0.09, -0.18, 315, 0, 2.18, 0.00
23:09:21.752, 24.61, 26.31, -1.70, 0.09, 0.18, 306, 0, -0.00, 0.00
23:09:22.798, 24.61, 26.31, -1.70, 0.00, -0.09, 300, 0, 0.04, 0.00
23:09:23.809, 24.70, 26.31, -1.61, 0.09, 0.09, 314, 0, -0.00, 0.00
23:09:24.855, 24.70, 26.31, -1.61, 0.00, -0.09, 309, 0, 0.04, 0.00
23:09:25.858, 24.70, 26.31, -1.61, 0.00, 0.00, 310, 109, 0.37, 291.13
23:09:26.882, 24.70, 26.31, -1.61, 0.00, 0.00, 310, 109, 2.29, 47.60
23:09:27.894, 24.61, 26.31, -1.70, -0.09, -0.09, 297, 0, 1.54, 0.00
23:09:28.919, 24.79, 26.31, -1.53, 0.18, 0.26, 325, 0, 0.04, 0.00
23:09:29.940, 24.79, 26.31, -1.53, 0.00, -0.18, 324, 0, 0.04, 0.00
23:09:30.982, 24.79, 26.31, -1.53, 0.00, 0.00, 319, 109, -0.00, -90870.17
23:09:32.015, 24.79, 26.31, -1.53, 0.00, 0.00, 319, 109, 2.63, 41.48
23:09:33.034, 24.79, 26.31, -1.53, 0.00, 0.00, 319, 109, 0.86, 126.35
23:09:34.054, 24.79, 26.31, -1.53, 0.00, 0.00, 319, 109, 2.67, 40.89
23:09:35.054, 24.87, 26.31, -1.44, 0.09, 0.09, 332, 0, 0.64, 0.00
23:09:36.104, 24.87, 26.31, -1.44, 0.00, -0.09, 327, 0, -0.00, 0.00
23:09:37.102, 24.87, 26.31, -1.44, 0.00, 0.00, 328, 109, 0.04, 2997.75
23:09:38.126, 24.87, 26.31, -1.44, 0.00, 0.00, 328, 109, 1.99, 54.79
23:09:39.158, 24.87, 26.31, -1.44, 0.00, 0.00, 328, 109, 1.16, 93.71
23:09:40.173, 24.87, 26.31, -1.44, 0.00, 0.00, 328, 109, 1.95, 55.84
23:09:41.195, 24.87, 26.31, -1.44, 0.00, 0.00, 328, 109, 0.98, 111.75
23:09:42.222, 24.87, 26.31, -1.44, 0.00, 0.00, 328, 109, 2.78, 39.23
23:09:43.254, 24.87, 26.31, -1.44, 0.00, 0.00, 328, 109, 1.28, 85.43
23:09:44.283, 24.96, 26.31, -1.35, 0.09, 0.09, 341, 0, 1.88, 0.00
23:09:45.309, 24.96, 26.31, -1.35, 0.00, -0.09, 336, 0, -0.00, 0.00
23:09:46.335, 24.96, 26.31, -1.35, 0.00, 0.00, 337, 218, 0.34, 647.19
23:09:47.356, 24.87, 26.31, -1.44, -0.09, -0.09, 324, 0, 3.38, 0.00
23:09:48.386, 25.05, 26.31, -1.26, 0.18, 0.26, 343, 0, 0.04, 0.00
23:09:49.399, 25.05, 26.31, -1.26, 0.00, -0.18, 342, 0, 0.04, 0.00
23:09:50.435, 25.14, 26.31, -1.17, 0.09, 0.09, 350, 0, 0.04, 0.00
23:09:51.443, 25.14, 26.31, -1.17, 0.00, -0.09, 345, 0, 0.04, 0.00
23:09:52.482, 25.14, 26.31, -1.17, 0.00, 0.00, 346, 144, 0.37, 384.61
23:09:53.507, 25.05, 26.31, -1.26, -0.09, -0.09, 333, 0, 2.67, 0.00
23:09:54.510, 25.14, 26.31, -1.17, 0.09, 0.18, 351, 0, -0.00, 0.00
23:09:55.559, 25.23, 26.31, -1.08, 0.09, 0.00, 358, 80, 0.41, 194.19
23:09:56.578, 25.23, 26.31, -1.08, 0.00, -0.09, 354, 0, 0.98, 0.00
23:09:57.581, 25.23, 26.31, -1.08, 0.00, 0.00, 355, 50, 0.37, 133.55
23:09:58.612, 25.23, 26.31, -1.08, 0.00, 0.00, 355, 50, 0.90, 55.54
23:09:59.628, 25.32, 26.31, -1.00, 0.09, 0.09, 368, 0, 0.30, 0.00
23:10:00.660, 25.32, 26.31, -1.00, 0.00, -0.09, 363, 0, -0.00, 0.00
23:10:01.681, 25.32, 26.31, -1.00, 0.00, 0.00, 364, 12, -0.00, -10004.05
23:10:02.696, 25.32, 26.31, -1.00, 0.00, 0.00, 364, 12, 0.30, 40.10
23:10:03.736, 25.32, 26.31, -1.00, 0.00, 0.00, 364, 12, 0.15, 80.51
23:10:04.743, 25.32, 26.31, -1.00, 0.00, 0.00, 364, 12, 0.07, 162.34
23:10:05.796, 25.41, 26.31, -0.91, 0.09, 0.09, 377, 0, 0.37, 0.00
23:10:06.818, 25.41, 26.31, -0.91, 0.00, -0.09, 372, 0, 0.04, 0.00
23:10:07.837, 25.41, 26.31, -0.91, 0.00, 0.00, 373, 86, 0.04, 2365.20
23:10:08.838, 25.41, 26.31, -0.91, 0.00, 0.00, 373, 86, 2.18, 39.50
23:10:09.887, 25.41, 26.31, -0.91, 0.00, 0.00, 373, 86, 0.64, 134.94
23:10:10.901, 25.41, 26.31, -0.91, 0.00, 0.00, 373, 86, 1.80, 47.73
23:10:11.924, 25.41, 26.31, -0.91, 0.00, 0.00, 373, 86, 1.99, 43.23
23:10:12.965, 25.41, 26.31, -0.91, 0.00, 0.00, 373, 86, 0.83, 104.23
23:10:13.964, 25.41, 26.31, -0.91, 0.00, 0.00, 373, 86, 2.14, 40.19
23:10:14.978, 25.41, 26.31, -0.91, 0.00, 0.00, 373, 86, 1.28, 67.41
23:10:16.031, 25.49, 26.31, -0.82, 0.09, 0.09, 386, 0, 0.49, 0.00
23:10:17.033, 25.49, 26.31, -0.82, 0.00, -0.09, 381, 0, -0.00, 0.00
23:10:18.077, 25.49, 26.31, -0.82, 0.00, 0.00, 382, 97, 0.04, 2667.72
23:10:19.098, 25.49, 26.31, -0.82, 0.00, 0.00, 382, 97, 2.74, 35.39
23:10:20.113, 25.49, 26.31, -0.82, 0.00, 0.00, 382, 97, 0.94, 103.43
23:10:21.141, 25.49, 26.31, -0.82, 0.00, 0.00, 382, 97, 1.73, 56.18
23:10:22.168, 25.49, 26.31, -0.82, 0.00, 0.00, 382, 97, 2.21, 43.80
23:10:23.189, 25.49, 26.31, -0.82, 0.00, 0.00, 382, 97, 0.79, 123.16
23:10:24.222, 25.58, 26.31, -0.73, 0.09, 0.09, 395, 0, 2.25, 0.00
23:10:25.215, 25.58, 26.31, -0.73, 0.00, -0.09, 390, 0, 0.04, 0.00
23:10:26.261, 25.58, 26.31, -0.73, 0.00, 0.00, 391, 203, 0.41, 492.76
23:10:27.277, 25.49, 26.31, -0.82, -0.09, -0.09, 378, 0, 3.27, 0.00
23:10:28.291, 25.67, 26.31, -0.64, 0.18, 0.27, 406, 0, 0.04, 0.00
23:10:29.326, 25.67, 26.31, -0.64, 0.00, -0.18, 405, 0, 0.04, 0.00
23:10:30.347, 25.67, 26.31, -0.64, 0.00, 0.00, 400, 128, 0.37, 341.88
23:10:31.377, 25.58, 26.31, -0.73, -0.09, -0.09, 387, 0, 2.14, 0.00
23:10:32.390, 25.76, 26.31, -0.55, 0.18, 0.27, 406, 0, -0.00, 0.00
23:10:33.431, 25.76, 26.31, -0.55, 0.00, -0.18, 405, 0, -0.00, 0.00
23:10:34.447, 25.76, 26.31, -0.55, 0.00, 0.00, 400, 128, 0.37, 341.88
23:10:35.467, 25.76, 26.31, -0.55, 0.00, 0.00, 400, 128, 1.20, 106.60
23:10:36.498, 25.76, 26.31, -0.55, 0.00, 0.00, 400, 128, 2.33, 54.99
23:10:37.509, 25.76, 26.31, -0.55, 0.00, 0.00, 400, 128, 2.52, 50.89
23:10:38.544, 25.76, 26.31, -0.55, 0.00, 0.00, 400, 128, 0.83, 155.13
23:10:39.558, 25.85, 26.31, -0.46, 0.09, 0.09, 413, 0, 2.70, 0.00
23:10:40.600, 25.85, 26.31, -0.46, 0.00, -0.09, 408, 0, 0.04, 0.00
23:10:41.620, 25.94, 26.31, -0.37, 0.09, 0.09, 422, 0, -0.00, 0.00
23:10:42.628, 25.94, 26.31, -0.37, 0.00, -0.09, 417, 0, -0.00, 0.00
23:10:43.664, 25.94, 26.31, -0.37, 0.00, 0.00, 418, 11, 0.37, 29.38
23:10:44.671, 25.94, 26.31, -0.37, 0.00, 0.00, 418, 11, 0.07, 148.81
23:10:45.699, 25.94, 26.31, -0.37, 0.00, 0.00, 418, 11, 0.56, 19.57
23:10:56.111, 26.03, 26.31, -0.28, 0.09, 0.09, 431, 0, 0.30, 0.00
23:10:56.111, 26.03, 26.31, -0.28, 0.00, -0.09, 426, 0, -0.00, 0.00
23:10:56.111, 26.03, 26.31, -0.28, 0.00, 0.00, 427, 67, 0.04, 1842.65
23:10:56.111, 26.03, 26.31, -0.28, 0.00, 0.00, 427, 67, 1.13, 59.52
23:10:56.111, 26.03, 26.31, -0.28, 0.00, 0.00, 427, 67, 0.71, 94.04
23:10:56.111, 26.12, 26.31, -0.20, 0.09, 0.09, 440, 0, 0.37, 0.00
23:10:56.111, 26.12, 26.31, -0.20, 0.00, -0.09, 435, 0, -0.00, 0.00
23:10:56.111, 26.12, 26.31, -0.20, 0.00, 0.00, 436, 13, 0.37, 34.72
23:10:56.111, 26.12, 26.31, -0.20, 0.00, 0.00, 436, 13, 0.60, 21.68
23:10:56.111, 26.12, 26.31, -0.20, 0.00, 0.00, 436, 13, 0.45, 28.92
23:10:57.107, 26.12, 26.31, -0.20, 0.00, 0.00, 436, 13, 0.19, 69.67
23:11:01.114, 26.21, 26.31, -0.11, 0.09, 0.09, 449, 0, 0.60, 0.00
23:11:01.114, 26.21, 26.31, -0.11, 0.00, -0.09, 444, 0, 0.04, 0.00
23:11:01.114, 26.21, 26.31, -0.11, 0.00, 0.00, 445, 18, -0.00, -15006.08
23:11:01.114, 26.21, 26.31, -0.11, 0.00, 0.00, 445, 18, 0.37, 48.08
23:11:03.469, 26.21, 26.31, -0.11, 0.00, 0.00, 445, 18, 0.26, 68.78
23:11:03.469, 26.21, 26.31, -0.11, 0.00, 0.00, 445, 18, 0.19, 96.46
23:11:04.960, 26.21, 26.31, -0.11, 0.00, 0.00, 445, 18, 0.83, 21.81
23:11:05.228, 26.21, 26.31, -0.11, 0.00, 0.00, 445, 18, 0.52, 34.31
23:11:06.877, 26.21, 26.31, -0.11, 0.00, 0.00, 445, 18, 0.30, 60.14
23:11:07.867, 26.21, 26.31, -0.11, 0.00, 0.00, 445, 18, 0.22, 80.30
23:11:09.404, 26.21, 26.31, -0.11, 0.00, 0.00, 445, 18, 0.15, 120.77
23:11:09.404, 26.21, 26.31, -0.11, 0.00, 0.00, 445, 18, 0.75, 24.00
23:11:11.537, 26.21, 26.31, -0.11, 0.00, 0.00, 445, 18, 0.41, 43.69
23:11:12.050, 26.30, 26.31, -0.02, 0.09, 0.09, 458, 0, 0.19, 0.00
23:11:13.550, 26.30, 26.31, -0.02, 0.00, -0.09, 453, 0, 0.04, 0.00
23:11:13.550, 26.30, 26.31, -0.02, 0.00, 0.00, 454, 0, -0.00, 0.00
23:11:16.248, 26.30, 26.31, -0.02, 0.00, 0.00, 454, 0, -0.00, 0.00
23:11:16.248, 26.30, 26.31, -0.02, 0.00, 0.00, 454, 0, -0.00, 0.00
23:11:18.191, 26.30, 26.31, -0.02, 0.00, 0.00, 454, 0, 0.04, 0.00
23:11:18.191, 26.30, 26.31, -0.02, 0.00, 0.00, 454, 0, -0.00, 0.00
23:11:19.071, 26.30, 26.31, -0.02, 0.00, 0.00, 454, 0, -0.00, 0.00
23:11:19.783, 26.30, 26.31, -0.02, 0.00, 0.00, 454, 0, 0.04, 0.00
23:11:29.816, 26.30, 26.31, -0.02, 0.00, 0.00, 454, 0, 0.04, 0.00
23:11:29.816, 26.30, 26.31, -0.02, 0.00, 0.00, 454, 0, -0.00, 0.00
23:11:29.816, 26.30, 26.31, -0.02, 0.00, 0.00, 454, 0, 0.04, 0.00
23:11:29.816, 26.30, 26.31, -0.02, 0.00, 0.00, 454, 0, 0.04, 0.00
23:11:29.816, 26.30, 26.31, -0.02, 0.00, 0.00, 454, 0, 0.04, 0.00
23:11:29.816, 26.30, 26.31, -0.02, 0.00, 0.00, 454, 0, 0.04, 0.00
23:11:29.816, 26.30, 26.31, -0.02, 0.00, 0.00, 454, 0, 0.04, 0.00
23:11:29.816, 26.39, 26.31, 0.07, 0.09, 0.09, 467, 0, -0.00, 0.00
23:11:29.816, 26.39, 26.31, 0.07, 0.00, -0.09, 462, 0, -0.00, 0.00
23:11:29.816, 26.39, 26.31, 0.07, 0.00, 0.00, 463, 0, -0.00, 0.00
23:11:33.050, 26.39, 26.31, 0.07, 0.00, 0.00, 463, 0, -0.00, 0.00
23:11:33.050, 26.39, 26.31, 0.07, 0.00, 0.00, 463, 0, 0.07, 0.00
23:11:33.050, 26.39, 26.31, 0.07, 0.00, 0.00, 463, 0, -0.00, 0.00
23:11:34.258, 26.39, 26.31, 0.07, 0.00, 0.00, 463, 0, -0.00, 0.00
23:11:35.714, 26.39, 26.31, 0.07, 0.00, 0.00, 463, 0, 0.04, 0.00
23:11:36.250, 26.39, 26.31, 0.07, 0.00, 0.00, 463, 0, 0.04, 0.00
23:11:37.275, 26.39, 26.31, 0.07, 0.00, 0.00, 463, 0, 0.04, 0.00
23:11:38.562, 26.39, 26.31, 0.07, 0.00, 0.00, 463, 0, 0.04, 0.00
23:11:39.070, 26.39, 26.31, 0.07, 0.00, 0.00, 463, 0, -0.00, 0.00
23:11:40.120, 26.39, 26.31, 0.07, 0.00, 0.00, 463, 0, -0.00, 0.00
23:11:41.411, 26.39, 26.31, 0.07, 0.00, 0.00, 463, 0, 0.04, 0.00
23:11:42.593, 26.39, 26.31, 0.07, 0.00, 0.00, 463, 0, -0.00, 0.00
23:11:44.062, 26.39, 26.31, 0.07, 0.00, 0.00, 463, 0, 0.04, 0.00
23:11:44.062, 26.39, 26.31, 0.07, 0.00, 0.00, 463, 0, 0.04, 0.00
23:11:45.056, 26.39, 26.31, 0.07, 0.00, 0.00, 463, 0, -0.00, 0.00
23:11:46.092, 26.39, 26.31, 0.07, 0.00, 0.00, 463, 0, 0.04, 0.00
23:11:47.125, 26.39, 26.31, 0.07, 0.00, 0.00, 463, 0, -0.00, 0.00
23:11:48.136, 26.39, 26.31, 0.07, 0.00, 0.00, 463, 0, 0.04, 0.00
23:11:49.151, 26.39, 26.31, 0.07, 0.00, 0.00, 463, 0, 0.04, 0.00
23:11:50.177, 26.39, 26.31, 0.07, 0.00, 0.00, 463, 0, 0.04, 0.00
23:11:51.200, 26.39, 26.31, 0.07, 0.00, 0.00, 463, 0, 0.04, 0.00
23:11:52.217, 26.39, 26.31, 0.07, 0.00, 0.00, 463, 0, -0.00, 0.00
23:11:53.269, 26.39, 26.31, 0.07, 0.00, 0.00, 463, 0, -0.00, 0.00
23:11:54.273, 26.39, 26.31, 0.07, 0.00, 0.00, 463, 0, -0.00, 0.00
23:11:55.290, 26.39, 26.31, 0.07, 0.00, 0.00, 463, 0, -0.00, 0.00
23:11:56.325, 26.39, 26.31, 0.07, 0.00, 0.00, 463, 0, 0.04, 0.00
23:11:57.342, 26.39, 26.31, 0.07, 0.00, 0.00, 463, 0, -0.00, 0.00
23:11:58.365, 26.39, 26.31, 0.07, 0.00, 0.00, 463, 0, 0.04, 0.00
23:11:59.392, 26.39, 26.31, 0.07, 0.00, 0.00, 463, 0, 0.04, 0.00
23:12:00.429, 26.39, 26.31, 0.07, 0.00, 0.00, 463, 0, -0.00, 0.00
23:12:01.447, 26.39, 26.31, 0.07, 0.00, 0.00, 463, 0, 0.04, 0.00
23:12:02.470, 26.39, 26.31, 0.07, 0.00, 0.00, 463, 0, -0.00, 0.00
23:12:03.489, 26.39, 26.31, 0.07, 0.00, 0.00, 463, 0, -0.00, 0.00
23:12:04.501, 26.39, 26.31, 0.07, 0.00, 0.00, 463, 0, -0.00, 0.00
23:12:05.519, 26.39, 26.31, 0.07, 0.00, 0.00, 463, 0, 0.04, 0.00
23:12:06.550, 26.39, 26.31, 0.07, 0.00, 0.00, 463, 0, -0.00, 0.00
23:12:07.568, 26.39, 26.31, 0.07, 0.00, 0.00, 463, 0, 0.04, 0.00
23:12:08.625, 26.39, 26.31, 0.07, 0.00, 0.00, 463, 0, 0.04, 0.00
23:12:09.642, 26.39, 26.31, 0.07, 0.00, 0.00, 463, 0, 0.04, 0.00
23:12:10.666, 26.39, 26.31, 0.07, 0.00, 0.00, 463, 0, -0.00, 0.00
23:12:11.694, 26.39, 26.31, 0.07, 0.00, 0.00, 463, 0, 0.04, 0.00
23:12:12.691, 26.39, 26.31, 0.07, 0.00, 0.00, 463, 0, -0.00, 0.00
23:12:13.718, 26.39, 26.31, 0.07, 0.00, 0.00, 463, 0, -0.00, 0.00
23:12:14.742, 26.39, 26.31, 0.07, 0.00, 0.00, 463, 0, -0.00, 0.00
23:12:15.782, 26.48, 26.31, 0.16, 0.09, 0.09, 476, 0, 0.04, 0.00
23:12:16.798, 26.39, 26.31, 0.07, -0.09, -0.18, 486, 0, -0.00, 0.00
23:12:17.827, 26.48, 26.31, 0.16, 0.09, 0.18, 477, 0, 0.04, 0.00
23:12:18.850, 26.39, 26.31, 0.07, -0.09, -0.18, 486, 0, 0.04, 0.00
23:12:19.858, 26.48, 26.31, 0.16, 0.09, 0.18, 477, 0, -0.00, 0.00
23:12:20.875, 26.48, 26.31, 0.16, 0.00, -0.09, 471, 0, -0.00, 0.00
23:12:21.926, 26.48, 26.31, 0.16, 0.00, 0.00, 472, 0, 0.04, 0.00
23:12:22.925, 26.48, 26.31, 0.16, 0.00, 0.00, 472, 0, -0.00, 0.00
23:12:23.959, 26.48, 26.31, 0.16, 0.00, 0.00, 472, 0, 0.04, 0.00
23:12:25.004, 26.48, 26.31, 0.16, 0.00, 0.00, 472, 0, -0.00, 0.00
23:12:25.997, 26.48, 26.31, 0.16, 0.00, 0.00, 472, 0, 0.04, 0.00
23:12:27.015, 26.48, 26.31, 0.16, 0.00, 0.00, 472, 0, 0.04, 0.00
23:12:28.067, 26.48, 26.31, 0.16, 0.00, 0.00, 472, 0, -0.00, 0.00
23:12:29.063, 26.48, 26.31, 0.16, 0.00, 0.00, 472, 0, 0.04, 0.00
23:12:30.085, 26.48, 26.31, 0.16, 0.00, 0.00, 472, 0, 0.04, 0.00
23:12:31.135, 26.48, 26.31, 0.16, 0.00, 0.00, 472, 0, -0.00, 0.00
23:12:32.152, 26.48, 26.31, 0.16, 0.00, 0.00, 472, 0, 0.04, 0.00
23:12:33.172, 26.48, 26.31, 0.16, 0.00, 0.00, 472, 0, 0.04, 0.00
23:12:34.188, 26.48, 26.31, 0.16, 0.00, 0.00, 472, 0, 0.04, 0.00
23:12:35.222, 26.48, 26.31, 0.16, 0.00, 0.00, 472, 0, -0.00, 0.00
23:12:36.234, 26.48, 26.31, 0.16, 0.00, 0.00, 472, 0, -0.00, 0.00
23:12:37.266, 26.48, 26.31, 0.16, 0.00, 0.00, 472, 0, -0.00, 0.00
23:12:38.287, 26.48, 26.31, 0.16, 0.00, 0.00, 472, 0, 0.04, 0.00
23:12:39.317, 26.48, 26.31, 0.16, 0.00, 0.00, 472, 0, 0.04, 0.00
23:12:40.353, 26.48, 26.31, 0.16, 0.00, 0.00, 472, 0, 0.04, 0.00
23:12:41.344, 26.48, 26.31, 0.16, 0.00, 0.00, 472, 0, -0.00, 0.00
23:12:42.388, 26.48, 26.31, 0.16, 0.00, 0.00, 472, 0, 0.04, 0.00
23:12:43.413, 26.48, 26.31, 0.16, 0.00, 0.00, 472, 0, -0.00, 0.00
23:12:44.436, 26.48, 26.31, 0.16, 0.00, 0.00, 472, 0, 0.04, 0.00
23:12:45.464, 26.48, 26.31, 0.16, 0.00, 0.00, 472, 0, 0.04, 0.00
23:12:46.462, 26.48, 26.31, 0.16, 0.00, 0.00, 472, 0, 0.04, 0.00
23:12:47.513, 26.48, 26.31, 0.16, 0.00, 0.00, 472, 0, 0.04, 0.00
23:12:48.538, 26.48, 26.31, 0.16, 0.00, 0.00, 472, 0, 0.04, 0.00
23:12:49.540, 26.48, 26.31, 0.16, 0.00, 0.00, 472, 0, 0.04, 0.00
23:12:50.576, 26.48, 26.31, 0.16, 0.00, 0.00, 472, 0, -0.00, 0.00
23:12:51.609, 26.48, 26.31, 0.16, 0.00, 0.00, 472, 0, 0.04, 0.00
23:12:52.601, 26.48, 26.31, 0.16, 0.00, 0.00, 472, 0, -0.00, 0.00
23:12:53.649, 26.48, 26.31, 0.16, 0.00, 0.00, 472, 0, -0.00, 0.00
23:12:54.668, 26.48, 26.31, 0.16, 0.00, 0.00, 472, 0, -0.00, 0.00
23:12:55.678, 26.48, 26.31, 0.16, 0.00, 0.00, 472, 0, -0.00, 0.00
23:12:56.702, 26.48, 26.31, 0.16, 0.00, 0.00, 472, 0, 0.04, 0.00
23:12:57.726, 26.48, 26.31, 0.16, 0.00, 0.00, 472, 0, 0.04, 0.00
23:12:58.740, 26.48, 26.31, 0.16, 0.00, 0.00, 472, 0, -0.00, 0.00
23:12:59.789, 26.48, 26.31, 0.16, 0.00, 0.00, 472, 0, 0.11, 0.00
23:13:00.801, 26.48, 26.31, 0.16, 0.00, 0.00, 472, 0, 0.04, 0.00
23:13:01.808, 26.48, 26.31, 0.16, 0.00, 0.00, 472, 0, 0.04, 0.00
23:13:02.859, 26.48, 26.31, 0.16, 0.00, 0.00, 472, 0, 0.04, 0.00
23:13:03.862, 26.48, 26.31, 0.16, 0.00, 0.00, 472, 0, -0.04, 0.00
23:13:04.897, 26.48, 26.31, 0.16, 0.00, 0.00, 472, 0, -0.00, 0.00
23:13:05.925, 26.48, 26.31, 0.16, 0.00, 0.00, 472, 0, 0.04, 0.00
23:13:06.936, 26.48, 26.31, 0.16, 0.00, 0.00, 472, 0, 0.04, 0.00
23:13:07.969, 26.48, 26.31, 0.16, 0.00, 0.00, 472, 0, -0.00, 0.00
23:13:09.002, 26.48, 26.31, 0.16, 0.00, 0.00, 472, 0, 0.04, 0.00
23:13:10.014, 26.48, 26.31, 0.16, 0.00, 0.00, 472, 0, -0.00, 0.00
23:13:11.032, 26.48, 26.31, 0.16, 0.00, 0.00, 472, 0, 0.04, 0.00
23:13:12.038, 26.48, 26.31, 0.16, 0.00, 0.00, 472, 0, 0.04, 0.00
23:13:13.065, 26.48, 26.31, 0.16, 0.00, 0.00, 472, 0, 0.04, 0.00
23:13:14.105, 26.48, 26.31, 0.16, 0.00, 0.00, 472, 0, 0.04, 0.00
23:13:15.126, 26.48, 26.31, 0.16, 0.00, 0.00, 472, 0, -0.00, 0.00
23:13:16.165, 26.48, 26.31, 0.16, 0.00, 0.00, 472, 0, 0.04, 0.00
23:13:17.159, 26.48, 26.31, 0.16, 0.00, 0.00, 472, 0, -0.00, 0.00
23:13:18.193, 26.48, 26.31, 0.16, 0.00, 0.00, 472, 0, -0.00, 0.00
23:13:19.218, 26.48, 26.31, 0.16, 0.00, 0.00, 472, 0, 0.04, 0.00
23:13:20.248, 26.48, 26.31, 0.16, 0.00, 0.00, 472, 0, 0.04, 0.00
23:13:21.282, 26.48, 26.31, 0.16, 0.00, 0.00, 472, 0, 0.04, 0.00
23:13:22.310, 26.48, 26.31, 0.16, 0.00, 0.00, 472, 0, 0.04, 0.00
23:13:23.295, 26.48, 26.31, 0.16, 0.00, 0.00, 472, 0, -0.00, 0.00
23:13:24.323, 26.48, 26.31, 0.16, 0.00, 0.00, 472, 0, -0.00, 0.00
23:13:25.361, 26.48, 26.31, 0.16, 0.00, 0.00, 472, 0, 0.04, 0.00
23:13:26.382, 26.48, 26.31, 0.16, 0.00, 0.00, 472, 0, -0.00, 0.00
23:13:27.405, 26.48, 26.31, 0.16, 0.00, 0.00, 472, 0, -0.00, 0.00
23:13:28.416, 26.48, 26.31, 0.16, 0.00, 0.00, 472, 0, 0.04, 0.00
23:13:29.467, 26.48, 26.31, 0.16, 0.00, 0.00, 472, 0, 0.04, 0.00
23:13:30.486, 26.48, 26.31, 0.16, 0.00, 0.00, 472, 0, 0.04, 0.00
23:13:31.500, 26.48, 26.31, 0.16, 0.00, 0.00, 472, 0, -0.00, 0.00
23:13:32.526, 26.48, 26.31, 0.16, 0.00, 0.00, 472, 0, -0.00, 0.00
23:13:33.534, 26.48, 26.31, 0.16, 0.00, 0.00, 472, 0, 0.04, 0.00
23:13:34.560, 26.48, 26.31, 0.16, 0.00, 0.00, 472, 0, 0.04, 0.00
23:13:35.577, 26.48, 26.31, 0.16, 0.00, 0.00, 472, 0, 0.04, 0.00
23:13:36.626, 26.48, 26.31, 0.16, 0.00, 0.00, 472, 0, -0.00, 0.00
23:13:37.646, 26.48, 26.31, 0.16, 0.00, 0.00, 472, 0, 0.04, 0.00
23:13:38.671, 26.48, 26.31, 0.16, 0.00, 0.00, 472, 0, 0.04, 0.00
23:13:39.694, 26.48, 26.31, 0.16, 0.00, 0.00, 472, 0, -0.00, 0.00
23:13:40.691, 26.48, 26.31, 0.16, 0.00, 0.00, 472, 0, -0.00, 0.00
23:13:41.735, 26.48, 26.31, 0.16, 0.00, 0.00, 472, 0, 0.04, 0.00
23:13:42.746, 26.48, 26.31, 0.16, 0.00, 0.00, 472, 0, 0.04, 0.00
23:13:43.793, 26.48, 26.31, 0.16, 0.00, 0.00, 472, 0, -0.00, 0.00
23:13:44.806, 26.48, 26.31, 0.16, 0.00, 0.00, 472, 0, 0.04, 0.00
23:13:45.839, 26.48, 26.31, 0.16, 0.00, 0.00, 472, 0, 0.04, 0.00
23:13:46.850, 26.48, 26.31, 0.16, 0.00, 0.00, 472, 0, 0.04, 0.00
23:13:47.869, 26.48, 26.31, 0.16, 0.00, 0.00, 472, 0, -0.00, 0.00
23:13:48.910, 26.48, 26.31, 0.16, 0.00, 0.00, 472, 0, -0.00, 0.00
23:13:49.911, 26.48, 26.31, 0.16, 0.00, 0.00, 472, 0, 0.04, 0.00
23:13:50.928, 26.48, 26.31, 0.16, 0.00, 0.00, 472, 0, 0.04, 0.00
23:13:51.960, 26.48, 26.31, 0.16, 0.00, 0.00, 472, 0, 0.04, 0.00
23:13:52.986, 26.48, 26.31, 0.16, 0.00, 0.00, 472, 0, 0.04, 0.00
23:13:54.006, 26.48, 26.31, 0.16, 0.00, 0.00, 472, 0, -0.00, 0.00
23:13:55.020, 26.48, 26.31, 0.16, 0.00, 0.00, 472, 0, -0.00, 0.00
23:13:56.050, 26.48, 26.31, 0.16, 0.00, 0.00, 472, 0, -0.00, 0.00
23:13:57.101, 26.48, 26.31, 0.16, 0.00, 0.00, 472, 0, -0.00, 0.00
23:13:58.111, 26.48, 26.31, 0.16, 0.00, 0.00, 472, 0, -0.00, 0.00
23:13:59.121, 26.48, 26.31, 0.16, 0.00, 0.00, 472, 0, 0.04, 0.00
23:14:00.151, 26.48, 26.31, 0.16, 0.00, 0.00, 472, 0, 0.04, 0.00
23:14:01.167, 26.48, 26.31, 0.16, 0.00, 0.00, 472, 0, -0.00, 0.00
23:14:02.215, 26.48, 26.31, 0.16, 0.00, 0.00, 472, 0, 0.04, 0.00
23:14:03.228, 26.48, 26.31, 0.16, 0.00, 0.00, 472, 0, 0.04, 0.00
23:14:04.229, 26.48, 26.31, 0.16, 0.00, 0.00, 472, 0, -0.00, 0.00
23:14:05.262, 26.48, 26.31, 0.16, 0.00, 0.00, 472, 0, 0.04, 0.00
23:14:06.278, 26.48, 26.31, 0.16, 0.00, 0.00, 472, 0, -0.00, 0.00
23:14:07.321, 26.48, 26.31, 0.16, 0.00, 0.00, 472, 0, 0.04, 0.00
23:14:08.338, 26.48, 26.31, 0.16, 0.00, 0.00, 472, 0, 0.04, 0.00
23:14:09.374, 26.48, 26.31, 0.16, 0.00, 0.00, 472, 0, -0.00, 0.00
23:14:10.396, 26.48, 26.31, 0.16, 0.00, 0.00, 472, 0, 0.04, 0.00
23:14:11.416, 26.48, 26.31, 0.16, 0.00, 0.00, 472, 0, 0.04, 0.00
23:14:12.438, 26.48, 26.31, 0.16, 0.00, 0.00, 472, 0, 0.04, 0.00
23:14:13.455, 26.48, 26.31, 0.16, 0.00, 0.00, 472, 0, 0.04, 0.00
23:14:14.485, 26.48, 26.31, 0.16, 0.00, 0.00, 472, 0, -0.00, 0.00
23:14:15.506, 26.48, 26.31, 0.16, 0.00, 0.00, 472, 0, -0.00, 0.00
23:14:16.538, 26.48, 26.31, 0.16, 0.00, 0.00, 472, 0, -0.00, 0.00
23:14:17.566, 26.48, 26.31, 0.16, 0.00, 0.00, 472, 0, 0.04, 0.00
23:14:18.594, 26.48, 26.31, 0.16, 0.00, 0.00, 472, 0, 0.04, 0.00
23:14:19.584, 26.39, 26.31, 0.07, -0.09, -0.09, 459, 0, -0.00, 0.00
23:14:20.616, 26.39, 26.31, 0.07, 0.00, 0.09, 464, 0, 0.04, 0.00
23:14:21.640, 26.39, 26.31, 0.07, 0.00, 0.00, 463, 0, 0.04, 0.00
23:14:22.682, 26.39, 26.31, 0.07, 0.00, 0.00, 463, 0, 0.04, 0.00
23:14:23.714, 26.39, 26.31, 0.07, 0.00, 0.00, 463, 0, -0.00, 0.00
23:14:24.704, 26.39, 26.31, 0.07, 0.00, 0.00, 463, 0, -0.00, 0.00
23:14:25.744, 26.39, 26.31, 0.07, 0.00, 0.00, 463, 0, 0.04, 0.00
23:14:26.776, 26.39, 26.31, 0.07, 0.00, 0.00, 463, 0, 0.04, 0.00
23:14:27.805, 26.39, 26.31, 0.07, 0.00, 0.00, 463, 0, 0.04, 0.00
23:14:28.817, 26.39, 26.31, 0.07, 0.00, 0.00, 463, 0, 0.04, 0.00
23:14:29.828, 26.39, 26.31, 0.07, 0.00, 0.00, 463, 0, -0.00, 0.00
23:14:30.862, 26.39, 26.31, 0.07, 0.00, 0.00, 463, 0, 0.04, 0.00
23:14:31.876, 26.39, 26.31, 0.07, 0.00, 0.00, 463, 0, -0.00, 0.00
23:14:32.896, 26.39, 26.31, 0.07, 0.00, 0.00, 463, 0, -0.00, 0.00
23:14:33.912, 26.39, 26.31, 0.07, 0.00, 0.00, 463, 0, 0.04, 0.00
23:14:34.940, 26.39, 26.31, 0.07, 0.00, 0.00, 463, 0, 0.04, 0.00
23:14:35.961, 26.39, 26.31, 0.07, 0.00, 0.00, 463, 0, 0.04, 0.00
23:14:36.983, 26.39, 26.31, 0.07, 0.00, 0.00, 463, 0, 0.04, 0.00
23:14:38.009, 26.39, 26.31, 0.07, 0.00, 0.00, 463, 0, -0.00, 0.00
23:14:39.037, 26.39, 26.31, 0.07, 0.00, 0.00, 463, 0, 0.04, 0.00
23:14:40.076, 26.39, 26.31, 0.07, 0.00, 0.00, 463, 0, 0.04, 0.00
23:14:41.076, 26.39, 26.31, 0.07, 0.00, 0.00, 463, 0, -0.00, 0.00
23:14:42.115, 26.39, 26.31, 0.07, 0.00, 0.00, 463, 0, -0.00, 0.00
23:14:43.130, 26.39, 26.31, 0.07, 0.00, 0.00, 463, 0, 0.04, 0.00
23:14:44.149, 26.39, 26.31, 0.07, 0.00, 0.00, 463, 0, 0.04, 0.00
23:14:45.181, 26.39, 26.31, 0.07, 0.00, 0.00, 463, 0, -0.00, 0.00
23:14:46.200, 26.39, 26.31, 0.07, 0.00, 0.00, 463, 0, 0.04, 0.00
23:14:47.221, 26.39, 26.31, 0.07, 0.00, 0.00, 463, 0, -0.00, 0.00
23:14:48.247, 26.39, 26.31, 0.07, 0.00, 0.00, 463, 0, 0.04, 0.00
23:14:49.273, 26.39, 26.31, 0.07, 0.00, 0.00, 463, 0, -0.00, 0.00
23:14:50.315, 26.39, 26.31, 0.07, 0.00, 0.00, 463, 0, -0.00, 0.00
23:14:51.324, 26.39, 26.31, 0.07, 0.00, 0.00, 463, 0, 0.04, 0.00
23:14:52.349, 26.39, 26.31, 0.07, 0.00, 0.00, 463, 0, 0.04, 0.00
23:14:53.374, 26.39, 26.31, 0.07, 0.00, 0.00, 463, 0, -0.00, 0.00
23:14:54.398, 26.39, 26.31, 0.07, 0.00, 0.00, 463, 0, -0.00, 0.00
23:14:55.426, 26.39, 26.31, 0.07, 0.00, 0.00, 463, 0, -0.00, 0.00
23:14:56.453, 26.39, 26.31, 0.07, 0.00, 0.00, 463, 0, -0.00, 0.00
23:14:57.466, 26.39, 26.31, 0.07, 0.00, 0.00, 463, 0, 0.04, 0.00
23:14:58.499, 26.39, 26.31, 0.07, 0.00, 0.00, 463, 0, 0.04, 0.00
23:14:59.497, 26.30, 26.31, -0.02, -0.09, -0.09, 450, 0, -0.00, 0.00
23:15:00.525, 26.30, 26.31, -0.02, 0.00, 0.09, 455, 0, 0.04, 0.00
23:15:01.553, 26.30, 26.31, -0.02, 0.00, 0.00, 454, 0, 0.04, 0.00
23:15:02.588, 26.30, 26.31, -0.02, 0.00, 0.00, 454, 0, -0.00, 0.00
23:15:03.609, 26.30, 26.31, -0.02, 0.00, 0.00, 454, 0, -0.00, 0.00
23:15:04.617, 26.30, 26.31, -0.02, 0.00, 0.00, 454, 0, 0.04, 0.00
23:15:05.647, 26.30, 26.31, -0.02, 0.00, 0.00, 454, 0, 0.04, 0.00
23:15:06.673, 26.30, 26.31, -0.02, 0.00, 0.00, 454, 0, -0.00, 0.00
23:15:07.713, 26.30, 26.31, -0.02, 0.00, 0.00, 454, 0, -0.00, 0.00
23:15:08.709, 26.30, 26.31, -0.02, 0.00, 0.00, 454, 0, -0.00, 0.00
23:15:09.737, 26.30, 26.31, -0.02, 0.00, 0.00, 454, 0, 0.04, 0.00
23:15:10.761, 26.30, 26.31, -0.02, 0.00, 0.00, 454, 0, -0.00, 0.00
23:15:11.776, 26.30, 26.31, -0.02, 0.00, 0.00, 454, 0, 0.04, 0.00
23:15:12.828, 26.30, 26.31, -0.02, 0.00, 0.00, 454, 0, -0.00, 0.00
23:15:13.820, 26.30, 26.31, -0.02, 0.00, 0.00, 454, 0, -0.00, 0.00
23:15:14.847, 26.30, 26.31, -0.02, 0.00, 0.00, 454, 0, 0.04, 0.00
23:15:15.903, 26.30, 26.31, -0.02, 0.00, 0.00, 454, 0, -0.00, 0.00
23:15:16.893, 26.30, 26.31, -0.02, 0.00, 0.00, 454, 0, -0.00, 0.00
23:15:17.922, 26.30, 26.31, -0.02, 0.00, 0.00, 454, 0, 0.04, 0.00
23:15:18.944, 26.30, 26.31, -0.02, 0.00, 0.00, 454, 0, 0.04, 0.00
23:15:19.981, 26.30, 26.31, -0.02, 0.00, 0.00, 454, 0, -0.00, 0.00
23:15:20.988, 26.30, 26.31, -0.02, 0.00, 0.00, 454, 0, 0.04, 0.00
23:15:22.012, 26.30, 26.31, -0.02, 0.00, 0.00, 454, 0, 0.04, 0.00
23:15:23.040, 26.30, 26.31, -0.02, 0.00, 0.00, 454, 0, 0.04, 0.00
23:15:24.084, 26.30, 26.31, -0.02, 0.00, 0.00, 454, 0, -0.00, 0.00
23:15:25.111, 26.30, 26.31, -0.02, 0.00, 0.00, 454, 0, -0.00, 0.00
23:15:26.111, 26.30, 26.31, -0.02, 0.00, 0.00, 454, 0, 0.04, 0.00
23:15:27.157, 26.30, 26.31, -0.02, 0.00, 0.00, 454, 0, 0.04, 0.00
23:15:28.155, 26.30, 26.31, -0.02, 0.00, 0.00, 454, 0, -0.00, 0.00
23:15:29.187, 26.30, 26.31, -0.02, 0.00, 0.00, 454, 0, 0.04, 0.00
23:15:30.217, 26.30, 26.31, -0.02, 0.00, 0.00, 454, 0, 0.04, 0.00
23:15:31.243, 26.30, 26.31, -0.02, 0.00, 0.00, 454, 0, -0.00, 0.00
23:15:32.264, 26.30, 26.31, -0.02, 0.00, 0.00, 454, 0, 0.04, 0.00
23:15:33.272, 26.30, 26.31, -0.02, 0.00, 0.00, 454, 0, 0.04, 0.00
23:15:34.326, 26.30, 26.31, -0.02, 0.00, 0.00, 454, 0, -0.00, 0.00
23:15:35.329, 26.30, 26.31, -0.02, 0.00, 0.00, 454, 0, 0.04, 0.00
23:15:36.331, 26.30, 26.31, -0.02, 0.00, 0.00, 454, 0, 0.04, 0.00
23:15:37.373, 26.30, 26.31, -0.02, 0.00, 0.00, 454, 0, -0.00, 0.00
23:15:38.411, 26.30, 26.31, -0.02, 0.00, 0.00, 454, 0, -0.00, 0.00
23:15:39.436, 26.30, 26.31, -0.02, 0.00, 0.00, 454, 0, -0.00, 0.00
23:15:40.435, 26.30, 26.31, -0.02, 0.00, 0.00, 454, 0, -0.00, 0.00
23:15:41.469, 26.30, 26.31, -0.02, 0.00, 0.00, 454, 0, 0.04, 0.00
23:15:42.500, 26.30, 26.31, -0.02, 0.00, 0.00, 454, 0, -0.00, 0.00
23:15:43.525, 26.21, 26.31, -0.11, -0.09, -0.09, 441, 0, -0.00, 0.00
23:15:44.535, 26.21, 26.31, -0.11, 0.00, 0.09, 446, 0, 0.04, 0.00
23:15:45.561, 26.21, 26.31, -0.11, 0.00, 0.00, 445, 18, -0.00, -15006.08
23:15:46.596, 26.21, 26.31, -0.11, 0.00, 0.00, 445, 18, 0.56, 32.02
23:15:47.597, 26.21, 26.31, -0.11, 0.00, 0.00, 445, 18, 0.34, 53.44
23:15:48.634, 26.21, 26.31, -0.11, 0.00, 0.00, 445, 18, 0.22, 80.30
23:15:49.658, 26.21, 26.31, -0.11, 0.00, 0.00, 445, 18, 0.15, 120.77
23:15:50.670, 26.21, 26.31, -0.11, 0.00, 0.00, 445, 18, 0.79, 22.86
23:15:51.703, 26.21, 26.31, -0.11, 0.00, 0.00, 445, 18, 0.56, 32.02
23:15:52.740, 26.21, 26.31, -0.11, 0.00, 0.00, 445, 18, 0.37, 48.08
23:15:53.765, 26.21, 26.31, -0.11, 0.00, 0.00, 445, 18, 0.26, 68.78
23:15:54.792, 26.21, 26.31, -0.11, 0.00, 0.00, 445, 18, 0.22, 80.30
23:15:55.813, 26.21, 26.31, -0.11, 0.00, 0.00, 445, 18, 0.15, 120.77
23:15:56.808, 26.21, 26.31, -0.11, 0.00, 0.00, 445, 18, 0.11, 161.46
23:15:57.856, 26.21, 26.31, -0.11, 0.00, 0.00, 445, 18, 0.75, 24.00
23:15:58.878, 26.21, 26.31, -0.11, 0.00, 0.00, 445, 18, 0.52, 34.31
23:15:59.880, 26.21, 26.31, -0.11, 0.00, 0.00, 445, 18, 0.37, 48.08
23:16:00.918, 26.21, 26.31, -0.11, 0.00, 0.00, 445, 18, 0.30, 60.14
23:16:01.932, 26.21, 26.31, -0.11, 0.00, 0.00, 445, 18, 0.34, 53.44
23:16:02.965, 26.21, 26.31, -0.11, 0.00, 0.00, 445, 18, 0.22, 80.30
23:16:03.985, 26.21, 26.31, -0.11, 0.00, 0.00, 445, 18, 0.22, 80.30
23:16:04.995, 26.21, 26.31, -0.11, 0.00, 0.00, 445, 18, 0.19, 96.46
23:16:06.041, 26.21, 26.31, -0.11, 0.00, 0.00, 445, 18, 0.11, 161.46
23:16:07.057, 26.21, 26.31, -0.11, 0.00, 0.00, 445, 18, 0.64, 28.24
23:16:08.087, 26.21, 26.31, -0.11, 0.00, 0.00, 445, 18, 0.37, 48.08
23:16:09.118, 26.21, 26.31, -0.11, 0.00, 0.00, 445, 18, 0.19, 96.46
23:16:10.129, 26.21, 26.31, -0.11, 0.00, 0.00, 445, 18, 0.41, 43.69
23:16:11.156, 26.21, 26.31, -0.11, 0.00, 0.00, 445, 18, 0.45, 40.04
23:16:12.186, 26.21, 26.31, -0.11, 0.00, 0.00, 445, 18, 0.19, 96.46
23:16:13.206, 26.21, 26.31, -0.11, 0.00, 0.00, 445, 18, 0.11, 161.46
23:16:14.221, 26.30, 26.31, -0.02, 0.09, 0.09, 458, 0, 0.45, 0.00
23:16:15.239, 26.30, 26.31, -0.02, 0.00, -0.09, 453, 0, 0.04, 0.00
23:16:16.264, 26.30, 26.31, -0.02, 0.00, 0.00, 454, 0, -0.00, 0.00
23:16:17.294, 26.30, 26.31, -0.02, 0.00, 0.00, 454, 0, 0.04, 0.00
23:16:18.318, 26.30, 26.31, -0.02, 0.00, 0.00, 454, 0, 0.04, 0.00
23:16:19.339, 26.30, 26.31, -0.02, 0.00, 0.00, 454, 0, 0.04, 0.00
23:16:20.366, 26.30, 26.31, -0.02, 0.00, 0.00, 454, 0, 0.04, 0.00
23:16:21.371, 26.30, 26.31, -0.02, 0.00, 0.00, 454, 0, -0.00, 0.00
23:16:22.422, 26.30, 26.31, -0.02, 0.00, 0.00, 454, 0, -0.00, 0.00
23:16:23.433, 26.30, 26.31, -0.02, 0.00, 0.00, 454, 0, -0.00, 0.00
23:16:24.440, 26.30, 26.31, -0.02, 0.00, 0.00, 454, 0, -0.00, 0.00
23:16:25.467, 26.30, 26.31, -0.02, 0.00, 0.00, 454, 0, 0.04, 0.00
23:16:26.515, 26.30, 26.31, -0.02, 0.00, 0.00, 454, 0, -0.00, 0.00
23:16:27.538, 26.30, 26.31, -0.02, 0.00, 0.00, 454, 0, 0.04, 0.00
23:16:28.530, 26.30, 26.31, -0.02, 0.00, 0.00, 454, 0, 0.04, 0.00
23:16:29.578, 26.30, 26.31, -0.02, 0.00, 0.00, 454, 0, 0.04, 0.00
23:16:30.598, 26.30, 26.31, -0.02, 0.00, 0.00, 454, 0, 0.04, 0.00
23:16:31.621, 26.30, 26.31, -0.02, 0.00, 0.00, 454, 0, -0.00, 0.00
23:16:32.637, 26.30, 26.31, -0.02, 0.00, 0.00, 454, 0, -0.00, 0.00
23:16:33.665, 26.30, 26.31, -0.02, 0.00, 0.00, 454, 0, -0.00, 0.00
23:16:34.684, 26.30, 26.31, -0.02, 0.00, 0.00, 454, 0, 0.04, 0.00
23:16:35.727, 26.30, 26.31, -0.02, 0.00, 0.00, 454, 0, 0.04, 0.00
23:16:36.744, 26.30, 26.31, -0.02, 0.00, 0.00, 454, 0, 0.04, 0.00
23:16:37.765, 26.30, 26.31, -0.02, 0.00, 0.00, 454, 0, 0.04, 0.00
23:16:38.772, 26.30, 26.31, -0.02, 0.00, 0.00, 454, 0, 0.04, 0.00
23:16:39.790, 26.30, 26.31, -0.02, 0.00, 0.00, 454, 0, 0.04, 0.00
23:16:40.841, 26.30, 26.31, -0.02, 0.00, 0.00, 454, 0, 0.04, 0.00
23:16:41.860, 26.30, 26.31, -0.02, 0.00, 0.00, 454, 0, 0.04, 0.00
23:16:42.877, 26.30, 26.31, -0.02, 0.00, 0.00, 454, 0, 0.04, 0.00
23:16:43.891, 26.30, 26.31, -0.02, 0.00, 0.00, 454, 0, 0.04, 0.00
23:16:44.913, 26.30, 26.31, -0.02, 0.00, 0.00, 454, 0, -0.00, 0.00
23:16:45.957, 26.30, 26.31, -0.02, 0.00, 0.00, 454, 0, 0.04, 0.00
23:16:46.959, 26.30, 26.31, -0.02, 0.00, 0.00, 454, 0, -0.00, 0.00
23:16:47.989, 26.30, 26.31, -0.02, 0.00, 0.00, 454, 0, 0.04, 0.00
23:16:49.026, 26.30, 26.31, -0.02, 0.00, 0.00, 454, 0, 0.04, 0.00
23:16:50.055, 26.30, 26.31, -0.02, 0.00, 0.00, 454, 0, 0.04, 0.00
23:16:51.066, 26.30, 26.31, -0.02, 0.00, 0.00, 454, 0, 0.04, 0.00
23:16:52.085, 26.30, 26.31, -0.02, 0.00, 0.00, 454, 0, 0.04, 0.00
23:16:53.108, 26.21, 26.31, -0.11, -0.09, -0.09, 441, 0, 0.04, 0.00
23:16:54.127, 26.21, 26.31, -0.11, 0.00, 0.09, 446, 0, -0.00, 0.00
23:16:55.155, 26.21, 26.31, -0.11, 0.00, 0.00, 445, 18, 0.04, 495.04
23:16:56.192, 26.21, 26.31, -0.11, 0.00, 0.00, 445, 18, 0.60, 30.01
23:16:57.212, 26.21, 26.31, -0.11, 0.00, 0.00, 445, 18, 0.37, 48.08
23:16:58.214, 26.21, 26.31, -0.11, 0.00, 0.00, 445, 18, 0.15, 120.77
23:16:59.258, 26.21, 26.31, -0.11, 0.00, 0.00, 445, 18, 0.56, 32.02
23:17:00.268, 26.21, 26.31, -0.11, 0.00, 0.00, 445, 18, 0.64, 28.24
23:17:01.283, 26.21, 26.31, -0.11, 0.00, 0.00, 445, 18, 0.52, 34.31
23:17:02.309, 26.21, 26.31, -0.11, 0.00, 0.00, 445, 18, 0.26, 68.78
23:17:03.341, 26.21, 26.31, -0.11, 0.00, 0.00, 445, 18, 0.11, 161.46
23:17:04.364, 26.21, 26.31, -0.11, 0.00, 0.00, 445, 18, 0.79, 22.86
23:17:05.384, 26.21, 26.31, -0.11, 0.00, 0.00, 445, 18, 0.30, 60.14
23:17:06.429, 26.21, 26.31, -0.11, 0.00, 0.00, 445, 18, 0.19, 96.46
23:17:07.440, 26.21, 26.31, -0.11, 0.00, 0.00, 445, 18, 0.64, 28.24
23:17:08.478, 26.21, 26.31, -0.11, 0.00, 0.00, 445, 18, 0.56, 32.02
23:17:09.472, 26.21, 26.31, -0.11, 0.00, 0.00, 445, 18, 0.41, 43.69
23:17:10.493, 26.21, 26.31, -0.11, 0.00, 0.00, 445, 18, 0.19, 96.46
23:17:11.549, 26.21, 26.31, -0.11, 0.00, 0.00, 445, 18, 0.07, 243.50
23:17:12.548, 26.21, 26.31, -0.11, 0.00, 0.00, 445, 18, 0.52, 34.31
23:17:13.580, 26.21, 26.31, -0.11, 0.00, 0.00, 445, 18, 0.26, 68.78
23:17:14.613, 26.21, 26.31, -0.11, 0.00, 0.00, 445, 18, 0.19, 96.46
23:17:15.632, 26.21, 26.31, -0.11, 0.00, 0.00, 445, 18, 0.37, 48.08
23:17:16.643, 26.21, 26.31, -0.11, 0.00, 0.00, 445, 18, 0.52, 34.31
23:17:17.693, 26.21, 26.31, -0.11, 0.00, 0.00, 445, 18, 0.34, 53.44
23:17:18.713, 26.21, 26.31, -0.11, 0.00, 0.00, 445, 18, 0.15, 120.77
23:17:19.721, 26.21, 26.31, -0.11, 0.00, 0.00, 445, 18, 0.07, 243.50
23:17:20.740, 26.21, 26.31, -0.11, 0.00, 0.00, 445, 18, 0.52, 34.31
23:17:21.769, 26.21, 26.31, -0.11, 0.00, 0.00, 445, 18, 0.19, 96.46
23:17:22.793, 26.21, 26.31, -0.11, 0.00, 0.00, 445, 18, 0.15, 120.77
23:17:23.829, 26.21, 26.31, -0.11, 0.00, 0.00, 445, 18, 0.79, 22.86
23:17:24.825, 26.21, 26.31, -0.11, 0.00, 0.00, 445, 18, 0.45, 40.04
23:17:25.849, 26.21, 26.31, -0.11, 0.00, 0.00, 445, 18, 0.22, 80.30
23:17:26.879, 26.21, 26.31, -0.11, 0.00, 0.00, 445, 18, 0.79, 22.86
23:17:27.901, 26.21, 26.31, -0.11, 0.00, 0.00, 445, 18, 0.30, 60.14
23:17:28.924, 26.21, 26.31, -0.11, 0.00, 0.00, 445, 18, 0.19, 96.46
23:17:29.981, 26.21, 26.31, -0.11, 0.00, 0.00, 445, 18, 0.07, 243.50
23:17:30.969, 26.21, 26.31, -0.11, 0.00, 0.00, 445, 18, 0.30, 60.14
23:17:31.992, 26.30, 26.31, -0.02, 0.09, 0.09, 458, 0, 0.11, 0.00
23:17:33.027, 26.30, 26.31, -0.02, 0.00, -0.09, 453, 0, -0.00, 0.00
23:17:34.066, 26.30, 26.31, -0.02, 0.00, 0.00, 454, 0, -0.00, 0.00
23:17:35.080, 26.30, 26.31, -0.02, 0.00, 0.00, 454, 0, -0.00, 0.00
23:17:36.100, 26.30, 26.31, -0.02, 0.00, 0.00, 454, 0, 0.04, 0.00
23:17:37.135, 26.30, 26.31, -0.02, 0.00, 0.00, 454, 0, -0.00, 0.00
23:17:38.146, 26.30, 26.31, -0.02, 0.00, 0.00, 454, 0, 0.04, 0.00
23:17:39.187, 26.30, 26.31, -0.02, 0.00, 0.00, 454, 0, 0.04, 0.00
23:17:40.198, 26.30, 26.31, -0.02, 0.00, 0.00, 454, 0, 0.04, 0.00
23:17:41.217, 26.30, 26.31, -0.02, 0.00, 0.00, 454, 0, 0.04, 0.00
23:17:42.231, 26.30, 26.31, -0.02, 0.00, 0.00, 454, 0, 0.04, 0.00
23:17:43.258, 26.30, 26.31, -0.02, 0.00, 0.00, 454, 0, 0.04, 0.00
23:17:44.298, 26.30, 26.31, -0.02, 0.00, 0.00, 454, 0, 0.04, 0.00
23:17:45.324, 26.30, 26.31, -0.02, 0.00, 0.00, 454, 0, 0.04, 0.00
23:17:46.340, 26.30, 26.31, -0.02, 0.00, 0.00, 454, 0, -0.00, 0.00
23:17:56.490, 26.30, 26.31, -0.02, 0.00, 0.00, 454, 0, 0.04, 0.00
23:17:56.490, 26.30, 26.31, -0.02, 0.00, 0.00, 454, 0, 0.04, 0.00
23:17:56.490, 26.30, 26.31, -0.02, 0.00, 0.00, 454, 0, -0.00, 0.00
23:17:56.490, 26.30, 26.31, -0.02, 0.00, 0.00, 454, 0, 0.04, 0.00
23:17:56.490, 26.30, 26.31, -0.02, 0.00, 0.00, 454, 0, 0.04, 0.00
23:17:56.490, 26.30, 26.31, -0.02, 0.00, 0.00, 454, 0, 0.04, 0.00
23:17:56.490, 26.30, 26.31, -0.02, 0.00, 0.00, 454, 0, 0.04, 0.00
23:17:56.490, 26.30, 26.31, -0.02, 0.00, 0.00, 454, 0, 0.04, 0.00
23:17:56.490, 26.30, 26.31, -0.02, 0.00, 0.00, 454, 0, 0.04, 0.00
23:18:06.523, 26.30, 26.31, -0.02, 0.00, 0.00, 454, 0, 0.04, 0.00
23:18:06.523, 26.30, 26.31, -0.02, 0.00, 0.00, 454, 0, -0.00, 0.00
23:18:06.523, 26.30, 26.31, -0.02, 0.00, 0.00, 454, 0, 0.04, 0.00
23:18:06.523, 26.30, 26.31, -0.02, 0.00, 0.00, 454, 0, 0.04, 0.00
23:18:06.523, 26.30, 26.31, -0.02, 0.00, 0.00, 454, 0, 0.04, 0.00
23:18:06.523, 26.30, 26.31, -0.02, 0.00, 0.00, 454, 0, 0.04, 0.00
23:18:06.523, 26.30, 26.31, -0.02, 0.00, 0.00, 454, 0, 0.04, 0.00
23:18:06.523, 26.30, 26.31, -0.02, 0.00, 0.00, 454, 0, -0.00, 0.00
23:18:06.523, 26.21, 26.31, -0.11, -0.09, -0.09, 441, 0, -0.00, 0.00
23:18:06.523, 26.21, 26.31, -0.11, 0.00, 0.09, 446, 0, 0.04, 0.00
23:18:11.785, 26.21, 26.31, -0.11, 0.00, 0.00, 445, 18, 0.04, 495.04
23:18:11.785, 26.21, 26.31, -0.11, 0.00, 0.00, 445, 18, 0.67, 26.67
23:18:11.785, 26.21, 26.31, -0.11, 0.00, 0.00, 445, 18, 0.34, 53.44
23:18:11.785, 26.21, 26.31, -0.11, 0.00, 0.00, 445, 18, 0.19, 96.46
23:18:11.785, 26.21, 26.31, -0.11, 0.00, 0.00, 445, 18, 0.79, 22.86
23:18:11.922, 26.21, 26.31, -0.11, 0.00, 0.00, 445, 18, 0.37, 48.08
23:18:12.929, 26.21, 26.31, -0.11, 0.00, 0.00, 445, 18, 0.15, 120.77
23:18:13.978, 26.21, 26.31, -0.11, 0.00, 0.00, 445, 18, 0.75, 24.00
23:18:14.999, 26.21, 26.31, -0.11, 0.00, 0.00, 445, 18, 0.52, 34.31
23:18:16.020, 26.21, 26.31, -0.11, 0.00, 0.00, 445, 18, 0.26, 68.78
23:18:17.039, 26.21, 26.31, -0.11, 0.00, 0.00, 445, 18, 0.19, 96.46
23:18:18.071, 26.21, 26.31, -0.11, 0.00, 0.00, 445, 18, 0.71, 25.27
23:18:19.104, 26.21, 26.31, -0.11, 0.00, 0.00, 445, 18, 0.52, 34.31
23:18:20.124, 26.21, 26.31, -0.11, 0.00, 0.00, 445, 18, 0.34, 53.44
23:18:21.147, 26.21, 26.31, -0.11, 0.00, 0.00, 445, 18, 0.11, 161.46
23:18:22.168, 26.21, 26.31, -0.11, 0.00, 0.00, 445, 18, 0.79, 22.86
23:18:23.198, 26.21, 26.31, -0.11, 0.00, 0.00, 445, 18, 0.45, 40.04
23:18:24.214, 26.21, 26.31, -0.11, 0.00, 0.00, 445, 18, 0.26, 68.78
23:18:25.248, 26.21, 26.31, -0.11, 0.00, 0.00, 445, 18, 0.19, 96.46
23:18:26.253, 26.21, 26.31, -0.11, 0.00, 0.00, 445, 18, 0.19, 96.46
23:18:27.273, 26.21, 26.31, -0.11, 0.00, 0.00, 445, 18, 0.56, 32.02
23:18:28.288, 26.21, 26.31, -0.11, 0.00, 0.00, 445, 18, 0.34, 53.44
23:18:29.336, 26.21, 26.31, -0.11, 0.00, 0.00, 445, 18, 0.19, 96.46
23:18:30.368, 26.21, 26.31, -0.11, 0.00, 0.00, 445, 18, 0.11, 161.46
23:18:31.358, 26.21, 26.31, -0.11, 0.00, 0.00, 445, 18, 0.75, 24.00
23:18:32.407, 26.21, 26.31, -0.11, 0.00, 0.00, 445, 18, 0.60, 30.01
23:18:33.433, 26.21, 26.31, -0.11, 0.00, 0.00, 445, 18, 0.26, 68.78
23:18:34.431, 26.21, 26.31, -0.11, 0.00, 0.00, 445, 18, 0.19, 96.46
23:18:35.470, 26.21, 26.31, -0.11, 0.00, 0.00, 445, 18, 0.11, 161.46
23:18:36.479, 26.21, 26.31, -0.11, 0.00, 0.00, 445, 18, 0.79, 22.86
23:18:37.531, 26.21, 26.31, -0.11, 0.00, 0.00, 445, 18, 0.45, 40.04
23:18:38.536, 26.21, 26.31, -0.11, 0.00, 0.00, 445, 18, 0.37, 48.08
23:18:39.550, 26.21, 26.31, -0.11, 0.00, 0.00, 445, 18, 0.11, 161.46
23:18:40.593, 26.21, 26.31, -0.11, 0.00, 0.00, 445, 18, 0.71, 25.27
23:18:41.607, 26.21, 26.31, -0.11, 0.00, 0.00, 445, 18, 0.52, 34.31
23:18:42.623, 26.21, 26.31, -0.11, 0.00, 0.00, 445, 18, 0.15, 120.77
23:18:43.640, 26.21, 26.31, -0.11, 0.00, 0.00, 445, 18, 0.64, 28.24
23:18:44.677, 26.30, 26.31, -0.02, 0.09, 0.09, 458, 0, 0.26, 0.00
23:18:45.708, 26.30, 26.31, -0.02, 0.00, -0.09, 453, 0, -0.04, 0.00
23:18:46.714, 26.30, 26.31, -0.02, 0.00, 0.00, 454, 0, 0.04, 0.00
23:18:47.767, 26.30, 26.31, -0.02, 0.00, 0.00, 454, 0, -0.00, 0.00
23:18:48.772, 26.30, 26.31, -0.02, 0.00, 0.00, 454, 0, -0.08, 0.00
23:18:49.788, 26.30, 26.31, -0.02, 0.00, 0.00, 454, 0, 0.04, 0.00
23:18:50.811, 26.30, 26.31, -0.02, 0.00, 0.00, 454, 0, -0.04, 0.00
23:18:51.855, 26.30, 26.31, -0.02, 0.00, 0.00, 454, 0, -0.00, 0.00
23:18:52.884, 26.30, 26.31, -0.02, 0.00, 0.00, 454, 0, -0.00, 0.00
23:18:53.904, 26.30, 26.31, -0.02, 0.00, 0.00, 454, 0, -0.00, 0.00
23:18:54.899, 26.30, 26.31, -0.02, 0.00, 0.00, 454, 0, -0.00, 0.00
23:18:55.932, 26.30, 26.31, -0.02, 0.00, 0.00, 454, 0, 0.04, 0.00
23:18:56.969, 26.30, 26.31, -0.02, 0.00, 0.00, 454, 0, 0.04, 0.00
23:18:57.985, 26.30, 26.31, -0.02, 0.00, 0.00, 454, 0, 0.04, 0.00
23:18:59.013, 26.30, 26.31, -0.02, 0.00, 0.00, 454, 0, 0.04, 0.00
23:19:00.033, 26.30, 26.31, -0.02, 0.00, 0.00, 454, 0, -0.00, 0.00
23:19:01.041, 26.30, 26.31, -0.02, 0.00, 0.00, 454, 0, -0.00, 0.00
23:19:02.071, 26.30, 26.31, -0.02, 0.00, 0.00, 454, 0, 0.04, 0.00
23:19:03.105, 26.30, 26.31, -0.02, 0.00, 0.00, 454, 0, 0.04, 0.00
23:19:04.128, 26.30, 26.31, -0.02, 0.00, 0.00, 454, 0, -0.00, 0.00
23:19:05.137, 26.30, 26.31, -0.02, 0.00, 0.00, 454, 0, 0.04, 0.00
23:19:06.166, 26.30, 26.31, -0.02, 0.00, 0.00, 454, 0, 0.04, 0.00
23:19:07.180, 26.30, 26.31, -0.02, 0.00, 0.00, 454, 0, 0.04, 0.00
23:19:08.221, 26.30, 26.31, -0.02, 0.00, 0.00, 454, 0, -0.00, 0.00
23:19:09.256, 26.30, 26.31, -0.02, 0.00, 0.00, 454, 0, 0.04, 0.00
23:19:10.256, 26.30, 26.31, -0.02, 0.00, 0.00, 454, 0, -0.00, 0.00
23:19:11.293, 26.30, 26.31, -0.02, 0.00, 0.00, 454, 0, 0.04, 0.00
23:19:12.295, 26.30, 26.31, -0.02, 0.00, 0.00, 454, 0, 0.04, 0.00
23:19:13.343, 26.30, 26.31, -0.02, 0.00, 0.00, 454, 0, -0.00, 0.00
23:19:14.366, 26.30, 26.31, -0.02, 0.00, 0.00, 454, 0, -0.00, 0.00
23:19:15.370, 26.30, 26.31, -0.02, 0.00, 0.00, 454, 0, -0.00, 0.00
23:19:25.971, 26.30, 26.31, -0.02, 0.00, 0.00, 454, 0, 0.04, 0.00
23:19:25.971, 26.30, 26.31, -0.02, 0.00, 0.00, 454, 0, 0.04, 0.00
23:19:25.971, 26.30, 26.31, -0.02, 0.00, 0.00, 454, 0, -0.00, 0.00
23:19:25.971, 26.30, 26.31, -0.02, 0.00, 0.00, 454, 0, -0.00, 0.00
23:19:25.971, 26.30, 26.31, -0.02, 0.00, 0.00, 454, 0, -0.00, 0.00
23:19:25.971, 26.30, 26.31, -0.02, 0.00, 0.00, 454, 0, -0.00, 0.00
23:19:25.971, 26.30, 26.31, -0.02, 0.00, 0.00, 454, 0, 0.04, 0.00
23:19:25.971, 26.30, 26.31, -0.02, 0.00, 0.00, 454, 0, -0.00, 0.00
23:19:25.971, 26.21, 26.31, -0.11, -0.09, -0.09, 441, 0, -0.00, 0.00
23:19:25.971, 26.21, 26.31, -0.11, 0.00, 0.09, 446, 0, 0.04, 0.00
23:19:34.048, 26.21, 26.31, -0.11, 0.00, 0.00, 445, 18, 0.04, 495.04
23:19:34.048, 26.21, 26.31, -0.11, 0.00, 0.00, 445, 18, 0.15, 120.77
23:19:34.048, 26.21, 26.31, -0.11, 0.00, 0.00, 445, 18, 0.15, 120.77
23:19:34.048, 26.21, 26.31, -0.11, 0.00, 0.00, 445, 18, 0.90, 19.99
23:19:34.048, 26.21, 26.31, -0.11, 0.00, 0.00, 445, 18, 0.75, 24.00
23:19:34.048, 26.21, 26.31, -0.11, 0.00, 0.00, 445, 18, 0.41, 43.69
23:19:34.048, 26.21, 26.31, -0.11, 0.00, 0.00, 445, 18, 0.26, 68.78
23:19:34.048, 26.21, 26.31, -0.11, 0.00, 0.00, 445, 18, 0.22, 80.30
23:19:35.091, 26.21, 26.31, -0.11, 0.00, 0.00, 445, 18, 0.15, 120.77
23:19:35.978, 26.21, 26.31, -0.11, 0.00, 0.00, 445, 18, 0.07, 243.50
23:19:38.905, 26.21, 26.31, -0.11, 0.00, 0.00, 445, 18, 0.67, 26.67
23:19:38.905, 26.21, 26.31, -0.11, 0.00, 0.00, 445, 18, 0.41, 43.69
23:19:42.826, 26.21, 26.31, -0.11, 0.00, 0.00, 445, 18, 0.22, 80.30
23:19:42.826, 26.21, 26.31, -0.11, 0.00, 0.00, 445, 18, 0.79, 22.86
23:19:42.826, 26.21, 26.31, -0.11, 0.00, 0.00, 445, 18, 0.52, 34.31
23:19:42.826, 26.21, 26.31, -0.11, 0.00, 0.00, 445, 18, 0.30, 60.14
23:19:47.694, 26.21, 26.31, -0.11, 0.00, 0.00, 445, 18, 0.19, 96.46
23:19:47.694, 26.21, 26.31, -0.11, 0.00, 0.00, 445, 18, 0.11, 161.46
23:19:47.694, 26.21, 26.31, -0.11, 0.00, 0.00, 445, 18, 0.60, 30.01
23:19:47.694, 26.21, 26.31, -0.11, 0.00, 0.00, 445, 18, 0.52, 34.31
23:19:47.694, 26.21, 26.31, -0.11, 0.00, 0.00, 445, 18, 0.34, 53.44
23:19:48.328, 26.21, 26.31, -0.11, 0.00, 0.00, 445, 18, 0.15, 120.77
23:19:49.594, 26.21, 26.31, -0.11, 0.00, 0.00, 445, 18, 0.11, 161.46
23:19:51.308, 26.21, 26.31, -0.11, 0.00, 0.00, 445, 18, 0.67, 26.67
23:19:51.308, 26.21, 26.31, -0.11, 0.00, 0.00, 445, 18, 0.30, 60.14
23:19:52.224, 26.21, 26.31, -0.11, 0.00, 0.00, 445, 18, 0.19, 96.46
23:19:53.252, 26.21, 26.31, -0.11, 0.00, 0.00, 445, 18, 0.07, 243.50
23:19:54.281, 26.21, 26.31, -0.11, 0.00, 0.00, 445, 18, 0.64, 28.24
23:19:55.296, 26.21, 26.31, -0.11, 0.00, 0.00, 445, 18, 0.34, 53.44
23:19:56.317, 26.21, 26.31, -0.11, 0.00, 0.00, 445, 18, 0.15, 120.77
23:19:57.361, 26.21, 26.31, -0.11, 0.00, 0.00, 445, 18, 0.07, 243.50
23:19:58.384, 26.30, 26.31, -0.02, 0.09, 0.09, 458, 0, 0.37, 0.00
23:19:59.407, 26.30, 26.31, -0.02, 0.00, -0.09, 453, 0, -0.00, 0.00
23:20:00.402, 26.30, 26.31, -0.02, 0.00, 0.00, 454, 0, 0.04, 0.00
23:20:01.444, 26.30, 26.31, -0.02, 0.00, 0.00, 454, 0, 0.04, 0.00
23:20:02.457, 26.30, 26.31, -0.02, 0.00, 0.00, 454, 0, 0.04, 0.00
23:20:03.499, 26.30, 26.31, -0.02, 0.00, 0.00, 454, 0, 0.04, 0.00
23:20:04.506, 26.30, 26.31, -0.02, 0.00, 0.00, 454, 0, -0.00, 0.00
23:20:05.549, 26.30, 26.31, -0.02, 0.00, 0.00, 454, 0, 0.04, 0.00
23:20:06.561, 26.30, 26.31, -0.02, 0.00, 0.00, 454, 0, 0.04, 0.00
23:20:07.592, 26.30, 26.31, -0.02, 0.00, 0.00, 454, 0, 0.04, 0.00
23:20:08.613, 26.30, 26.31, -0.02, 0.00, 0.00, 454, 0, 0.04, 0.00
23:20:09.631, 26.30, 26.31, -0.02, 0.00, 0.00, 454, 0, 0.11, 0.00
23:20:10.657, 26.30, 26.31, -0.02, 0.00, 0.00, 454, 0, 0.04, 0.00
23:20:11.658, 26.30, 26.31, -0.02, 0.00, 0.00, 454, 0, -0.00, 0.00
23:20:12.697, 26.30, 26.31, -0.02, 0.00, 0.00, 454, 0, 0.04, 0.00
23:20:13.727, 26.30, 26.31, -0.02, 0.00, 0.00, 454, 0, -0.00, 0.00
23:20:14.749, 26.30, 26.31, -0.02, 0.00, 0.00, 454, 0, -0.00, 0.00
23:20:15.773, 26.30, 26.31, -0.02, 0.00, 0.00, 454, 0, 0.04, 0.00
23:20:16.801, 26.30, 26.31, -0.02, 0.00, 0.00, 454, 0, 0.04, 0.00
23:20:17.797, 26.39, 26.31, 0.07, 0.09, 0.09, 467, 0, 0.04, 0.00
23:20:18.854, 26.39, 26.31, 0.07, 0.00, -0.09, 462, 0, -0.00, 0.00
23:20:19.858, 26.39, 26.31, 0.07, 0.00, 0.00, 463, 0, 0.04, 0.00
23:20:20.895, 26.39, 26.31, 0.07, 0.00, 0.00, 463, 0, -0.00, 0.00
23:20:21.926, 26.39, 26.31, 0.07, 0.00, 0.00, 463, 0, -0.00, 0.00
23:20:22.916, 26.39, 26.31, 0.07, 0.00, 0.00, 463, 0, -0.00, 0.00
23:20:23.950, 26.39, 26.31, 0.07, 0.00, 0.00, 463, 0, -0.00, 0.00
23:20:24.965, 26.39, 26.31, 0.07, 0.00, 0.00, 463, 0, 0.04, 0.00
23:20:25.993, 26.39, 26.31, 0.07, 0.00, 0.00, 463, 0, -0.00, 0.00
23:20:27.014, 26.39, 26.31, 0.07, 0.00, 0.00, 463, 0, -0.00, 0.00
23:20:28.066, 26.39, 26.31, 0.07, 0.00, 0.00, 463, 0, 0.04, 0.00
23:20:29.086, 26.39, 26.31, 0.07, 0.00, 0.00, 463, 0, 0.04, 0.00
23:20:30.081, 26.39, 26.31, 0.07, 0.00, 0.00, 463, 0, -0.00, 0.00
23:20:31.117, 26.39, 26.31, 0.07, 0.00, 0.00, 463, 0, 0.04, 0.00
23:20:32.147, 26.39, 26.31, 0.07, 0.00, 0.00, 463, 0, -0.00, 0.00
23:20:33.169, 26.39, 26.31, 0.07, 0.00, 0.00, 463, 0, 0.04, 0.00
23:20:34.178, 26.39, 26.31, 0.07, 0.00, 0.00, 463, 0, -0.00, 0.00
23:20:35.228, 26.39, 26.31, 0.07, 0.00, 0.00, 463, 0, -0.00, 0.00
23:20:36.224, 26.39, 26.31, 0.07, 0.00, 0.00, 463, 0, 0.04, 0.00
23:20:37.250, 26.39, 26.31, 0.07, 0.00, 0.00, 463, 0, -0.00, 0.00
23:20:38.270, 26.39, 26.31, 0.07, 0.00, 0.00, 463, 0, -0.00, 0.00
23:20:39.311, 26.39, 26.31, 0.07, 0.00, 0.00, 463, 0, -0.00, 0.00
23:20:40.343, 26.39, 26.31, 0.07, 0.00, 0.00, 463, 0, -0.00, 0.00
23:20:41.345, 26.39, 26.31, 0.07, 0.00, 0.00, 463, 0, 0.04, 0.00
23:20:42.368, 26.39, 26.31, 0.07, 0.00, 0.00, 463, 0, -0.00, 0.00
23:20:43.418, 26.39, 26.31, 0.07, 0.00, 0.00, 463, 0, -0.00, 0.00
23:20:44.409, 26.39, 26.31, 0.07, 0.00, 0.00, 463, 0, -0.00, 0.00
23:20:45.444, 26.30, 26.31, -0.02, -0.09, -0.09, 450, 0, 0.04, 0.00
23:20:46.480, 26.30, 26.31, -0.02, 0.00, 0.09, 455, 0, -0.00, 0.00
23:20:47.494, 26.30, 26.31, -0.02, 0.00, 0.00, 454, 0, 0.04, 0.00
23:20:48.508, 26.30, 26.31, -0.02, 0.00, 0.00, 454, 0, -0.00, 0.00
23:20:49.532, 26.30, 26.31, -0.02, 0.00, 0.00, 454, 0, -0.00, 0.00
23:20:50.566, 26.30, 26.31, -0.02, 0.00, 0.00, 454, 0, 0.04, 0.00
23:20:51.576, 26.30, 26.31, -0.02, 0.00, 0.00, 454, 0, 0.04, 0.00
23:20:52.627, 26.30, 26.31, -0.02, 0.00, 0.00, 454, 0, -0.00, 0.00
23:20:53.630, 26.30, 26.31, -0.02, 0.00, 0.00, 454, 0, -0.00, 0.00
23:20:54.644, 26.30, 26.31, -0.02, 0.00, 0.00, 454, 0, -0.00, 0.00
23:20:55.668, 26.30, 26.31, -0.02, 0.00, 0.00, 454, 0, -0.00, 0.00
23:20:56.697, 26.30, 26.31, -0.02, 0.00, 0.00, 454, 0, -0.00, 0.00
23:20:57.715, 26.30, 26.31, -0.02, 0.00, 0.00, 454, 0, -0.00, 0.00
23:20:58.762, 26.30, 26.31, -0.02, 0.00, 0.00, 454, 0, -0.00, 0.00
23:20:59.776, 26.30, 26.31, -0.02, 0.00, 0.00, 454, 0, 0.04, 0.00
23:21:00.786, 26.30, 26.31, -0.02, 0.00, 0.00, 454, 0, 0.04, 0.00
23:21:01.815, 26.30, 26.31, -0.02, 0.00, 0.00, 454, 0, 0.04, 0.00
23:21:02.839, 26.30, 26.31, -0.02, 0.00, 0.00, 454, 0, -0.00, 0.00
23:21:03.870, 26.30, 26.31, -0.02, 0.00, 0.00, 454, 0, 0.04, 0.00
23:21:04.894, 26.30, 26.31, -0.02, 0.00, 0.00, 454, 0, 0.04, 0.00
23:21:05.911, 26.30, 26.31, -0.02, 0.00, 0.00, 454, 0, -0.00, 0.00
23:21:06.943, 26.30, 26.31, -0.02, 0.00, 0.00, 454, 0, -0.00, 0.00
23:21:07.947, 26.21, 26.31, -0.11, -0.09, -0.09, 441, 0, 0.04, 0.00
23:21:08.993, 26.21, 26.31, -0.11, 0.00, 0.09, 446, 0, 0.04, 0.00
23:21:09.997, 26.21, 26.31, -0.11, 0.00, 0.00, 445, 18, 0.04, 495.04
23:21:11.019, 26.21, 26.31, -0.11, 0.00, 0.00, 445, 18, 0.15, 120.77
23:21:12.058, 26.21, 26.31, -0.11, 0.00, 0.00, 445, 18, 0.64, 28.24
23:21:13.097, 26.21, 26.31, -0.11, 0.00, 0.00, 445, 18, 0.49, 36.95
23:21:14.112, 26.21, 26.31, -0.11, 0.00, 0.00, 445, 18, 0.19, 96.46
23:21:15.124, 26.21, 26.31, -0.11, 0.00, 0.00, 445, 18, 0.04, 495.04
23:21:16.137, 26.21, 26.31, -0.11, 0.00, 0.00, 445, 18, 0.60, 30.01
23:21:17.168, 26.21, 26.31, -0.11, 0.00, 0.00, 445, 18, 0.37, 48.08
23:21:18.205, 26.21, 26.31, -0.11, 0.00, 0.00, 445, 18, 0.15, 120.77
23:21:19.231, 26.21, 26.31, -0.11, 0.00, 0.00, 445, 18, 0.90, 19.99
23:21:20.236, 26.21, 26.31, -0.11, 0.00, 0.00, 445, 18, 0.60, 30.01
23:21:21.271, 26.21, 26.31, -0.11, 0.00, 0.00, 445, 18, 0.34, 53.44
23:21:22.288, 26.21, 26.31, -0.11, 0.00, 0.00, 445, 18, 0.22, 80.30
23:21:23.306, 26.21, 26.31, -0.11, 0.00, 0.00, 445, 18, 0.15, 120.77
23:21:24.332, 26.21, 26.31, -0.11, 0.00, 0.00, 445, 18, 0.60, 30.01
23:21:25.362, 26.21, 26.31, -0.11, 0.00, 0.00, 445, 18, 0.26, 68.78
23:21:26.380, 26.21, 26.31, -0.11, 0.00, 0.00, 445, 18, 0.15, 120.77
23:21:27.413, 26.21, 26.31, -0.11, 0.00, 0.00, 445, 18, 0.71, 25.27
23:21:28.449, 26.21, 26.31, -0.11, 0.00, 0.00, 445, 18, 0.34, 53.44
23:21:29.453, 26.21, 26.31, -0.11, 0.00, 0.00, 445, 18, 0.15, 120.77
23:21:30.501, 26.21, 26.31, -0.11, 0.00, 0.00, 445, 18, 0.56, 32.02
23:21:31.515, 26.21, 26.31, -0.11, 0.00, 0.00, 445, 18, 0.37, 48.08
23:21:32.520, 26.21, 26.31, -0.11, 0.00, 0.00, 445, 18, 0.19, 96.46
23:21:33.557, 26.21, 26.31, -0.11, 0.00, 0.00, 445, 18, 0.11, 161.46
23:21:34.585, 26.21, 26.31, -0.11, 0.00, 0.00, 445, 18, 0.56, 32.02
23:21:35.609, 26.21, 26.31, -0.11, 0.00, 0.00, 445, 18, 0.34, 53.44
23:21:36.633, 26.21, 26.31, -0.11, 0.00, 0.00, 445, 18, 0.15, 120.77
23:21:37.638, 26.21, 26.31, -0.11, 0.00, 0.00, 445, 18, 0.11, 161.46
23:21:38.686, 26.21, 26.31, -0.11, 0.00, 0.00, 445, 18, 0.52, 34.31
23:21:39.714, 26.21, 26.31, -0.11, 0.00, 0.00, 445, 18, 0.52, 34.31
23:21:40.710, 26.21, 26.31, -0.11, 0.00, 0.00, 445, 18, 0.26, 68.78
23:21:41.728, 26.21, 26.31, -0.11, 0.00, 0.00, 445, 18, 0.30, 60.14
23:21:42.753, 26.21, 26.31, -0.11, 0.00, 0.00, 445, 18, 0.60, 30.01
23:21:43.794, 26.21, 26.31, -0.11, 0.00, 0.00, 445, 18, 0.67, 26.67
23:21:44.814, 26.21, 26.31, -0.11, 0.00, 0.00, 445, 18, 0.41, 43.69
23:21:45.827, 26.21, 26.31, -0.11, 0.00, 0.00, 445, 18, 0.11, 161.46
23:21:46.849, 26.21, 26.31, -0.11, 0.00, 0.00, 445, 18, 0.75, 24.00
23:21:47.886, 26.21, 26.31, -0.11, 0.00, 0.00, 445, 18, 0.52, 34.31
23:21:48.898, 26.21, 26.31, -0.11, 0.00, 0.00, 445, 18, 0.22, 80.30
23:21:49.939, 26.21, 26.31, -0.11, 0.00, 0.00, 445, 18, 0.07, 243.50
23:21:50.946, 26.21, 26.31, -0.11, 0.00, 0.00, 445, 18, 0.75, 24.00
23:21:51.968, 26.21, 26.31, -0.11, 0.00, 0.00, 445, 18, 0.45, 40.04
23:21:53.002, 26.21, 26.31, -0.11, 0.00, 0.00, 445, 18, 0.22, 80.30
