//action matrix for training simulation final_actions_11_2_20200821-001751
const unsigned char q_actions[150] = {0, 250, 241, 0, 232, 246, 0, 105, 240, 0, 244, 236, 0, 226, 235, 0, 241, 241, 0, 17, 234, 0, 241, 241, 0, 254, 248, 0, 246, 246, 0, 252, 252, 0, 225, 225, 0, 254, 249, 0, 136, 136, 0, 245, 245, 0, 252, 254, 0, 59, 236, 0, 165, 191, 0, 155, 252, 0, 253, 5, 0, 187, 190, 0, 199, 250, 0, 98, 216, 0, 188, 174, 0, 139, 195, 0, 165, 253, 0, 172, 172, 0, 226, 152, 0, 92, 50, 0, 80, 92, 0, 99, 234, 0, 117, 78, 0, 14, 14, 0, 112, 241, 0, 161, 63, 0, 115, 147, 0, 155, 155, 0, 4, 249, 0, 24, 91, 0, 152, 194, 0, 151, 151, 0, 11, 107, 0, 222, 11, 0, 161, 16, 0, 88, 161, 0, 116, 187, 0, 81, 81, 0, 110, 81, 0, 49, 12, 0, 110, 31};

00:22:29.084 -> Timestamp, Temperature (ºC), Setpoint, Error, Delta_T, State, PWM output, Current, PWM / Current
00:22:30.158 -> 22.78, 0.20, 22.58, 22.78, 830, 0, -0.00, 0.00
00:22:31.175 -> 22.78, 0.20, 22.58, 0.00, 829, 0, -0.00, 0.00
00:22:32.199 -> 22.78, 0.20, 22.58, 0.00, 829, 0, -0.00, 0.00
00:22:33.215 -> 22.78, 0.20, 22.58, 0.00, 829, 0, 0.04, 0.00
00:22:34.250 -> 22.78, 0.20, 22.58, 0.00, 829, 0, -0.00, 0.00
00:22:35.266 -> 27.58
00:22:35.266 -> 22.78, 27.78, -5.00, 0.00, 1, 250, -0.00, -208417.79
00:22:36.303 -> 22.78, 27.78, -5.00, 0.00, 1, 250, 3.60, 69.36
00:22:37.311 -> 22.78, 27.78, -5.00, 0.00, 1, 250, 3.57, 70.09
00:22:38.328 -> 22.69, 27.78, -5.09, -0.09, -3, 0, 3.45, 0.00
00:22:39.377 -> 22.78, 27.78, -5.00, 0.09, 2, 241, 0.19, 1291.53
00:22:40.392 -> 22.69, 27.78, -5.09, -0.09, -3, 0, 3.42, 0.00
00:22:41.394 -> 22.78, 27.78, -5.00, 0.09, 2, 241, 0.19, 1291.53
00:22:42.427 -> 22.69, 27.78, -5.09, -0.09, -3, 0, 3.38, 0.00
00:22:43.448 -> 22.78, 27.78, -5.00, 0.09, 2, 241, -0.00, -200914.76
00:22:44.476 -> 22.69, 27.78, -5.09, -0.09, -3, 0, 3.42, 0.00
00:22:45.499 -> 22.78, 27.78, -5.00, 0.09, 2, 241, 0.19, 1291.53
00:22:46.511 -> 22.69, 27.78, -5.09, -0.09, -3, 0, 3.45, 0.00
00:22:47.531 -> 22.78, 27.78, -5.00, 0.09, 2, 241, 0.11, 2161.81
00:22:48.572 -> 22.69, 27.78, -5.09, -0.09, -3, 0, 3.38, 0.00
00:22:49.585 -> 22.78, 27.78, -5.00, 0.09, 2, 241, 0.19, 1291.53
00:22:50.611 -> 22.78, 27.78, -5.00, 0.00, 1, 250, 3.53, 70.83
00:22:51.647 -> 22.78, 27.78, -5.00, 0.00, 1, 250, 3.60, 69.36
00:22:52.666 -> 22.78, 27.78, -5.00, 0.00, 1, 250, 3.60, 69.36
00:22:53.698 -> 22.78, 27.78, -5.00, 0.00, 1, 250, 3.57, 70.09
00:22:54.698 -> 22.78, 27.78, -5.00, 0.00, 1, 250, 3.53, 70.83
00:22:55.725 -> 22.78, 27.78, -5.00, 0.00, 1, 250, 3.60, 69.36
00:22:56.750 -> 22.78, 27.78, -5.00, 0.00, 1, 250, 3.57, 70.09
00:22:57.765 -> 22.86, 27.78, -4.91, 0.09, 5, 246, 3.53, 69.70
00:22:58.799 -> 22.86, 27.78, -4.91, 0.00, 4, 232, 3.57, 65.04
00:22:59.819 -> 22.86, 27.78, -4.91, 0.00, 4, 232, 3.38, 68.66
00:23:00.841 -> 22.86, 27.78, -4.91, 0.00, 4, 232, 3.12, 74.45
00:23:01.877 -> 22.95, 27.78, -4.83, 0.09, 8, 240, 3.53, 68.00
00:23:02.897 -> 22.95, 27.78, -4.83, 0.00, 7, 105, 3.45, 30.40
00:23:03.914 -> 22.95, 27.78, -4.83, 0.00, 7, 105, 2.40, 43.70
00:23:04.940 -> 23.04, 27.78, -4.74, 0.09, 11, 236, 1.73, 136.69
00:23:05.968 -> 23.04, 27.78, -4.74, 0.00, 10, 244, 3.53, 69.13
00:23:06.993 -> 23.04, 27.78, -4.74, 0.00, 10, 244, 3.53, 69.13
00:23:07.991 -> 23.04, 27.78, -4.74, 0.00, 10, 244, 3.49, 69.88
00:23:09.028 -> 23.04, 27.78, -4.74, 0.00, 10, 244, 3.42, 71.41
00:23:10.065 -> 23.12, 27.78, -4.65, 0.09, 11, 236, 3.57, 66.16
00:23:11.060 -> 23.12, 27.78, -4.65, 0.00, 10, 244, 3.45, 70.64
00:23:12.089 -> 23.12, 27.78, -4.65, 0.00, 10, 244, 3.42, 71.41
00:23:13.123 -> 23.12, 27.78, -4.65, 0.00, 10, 244, 3.57, 68.40
00:23:14.139 -> 23.21, 27.78, -4.57, 0.09, 14, 235, 3.53, 66.58
00:23:15.165 -> 23.21, 27.78, -4.57, 0.00, 13, 226, 3.30, 68.40
00:23:16.202 -> 23.21, 27.78, -4.57, 0.00, 13, 226, 2.97, 76.20
00:23:17.195 -> 23.21, 27.78, -4.57, 0.00, 13, 226, 3.49, 64.72
00:23:18.227 -> 23.30, 27.78, -4.48, 0.09, 17, 241, 3.34, 72.12
00:23:19.331 -> 23.30, 27.78, -4.48, 0.00, 16, 241, 3.34, 72.12
00:23:20.286 -> 23.30, 27.78, -4.48, 0.00, 16, 241, 3.53, 68.28
00:23:21.303 -> 23.39, 27.78, -4.39, 0.09, 20, 234, 3.38, 69.25
00:23:22.324 -> 23.39, 27.78, -4.39, 0.00, 19, 17, 3.57, 4.77
00:23:23.364 -> 23.47, 27.78, -4.31, 0.09, 23, 241, 0.11, 2161.81
00:23:24.359 -> 23.47, 27.78, -4.31, 0.00, 22, 241, 3.53, 68.28
00:23:25.389 -> 23.47, 27.78, -4.31, 0.00, 22, 241, 3.38, 71.32
00:23:26.424 -> 23.47, 27.78, -4.31, 0.00, 22, 241, 3.57, 67.56
00:23:27.456 -> 23.56, 27.78, -4.22, 0.09, 26, 248, 3.53, 70.27
00:23:28.478 -> 23.56, 27.78, -4.22, 0.00, 25, 254, 3.53, 71.97
00:23:29.494 -> 23.56, 27.78, -4.22, 0.00, 25, 254, 3.60, 70.47
00:23:30.524 -> 23.65, 27.78, -4.13, 0.09, 29, 246, 3.60, 68.25
00:23:31.551 -> 23.65, 27.78, -4.13, 0.00, 28, 246, 3.49, 70.45
00:23:32.561 -> 23.65, 27.78, -4.13, 0.00, 28, 246, 3.60, 68.25
00:23:33.564 -> 23.73, 27.78, -4.04, 0.09, 32, 252, 3.53, 71.40
00:23:34.591 -> 23.73, 27.78, -4.04, 0.00, 31, 252, 3.60, 69.91
00:23:35.627 -> 23.82, 27.78, -3.96, 0.09, 32, 252, 3.60, 69.91
00:23:36.647 -> 23.82, 27.78, -3.96, 0.00, 31, 252, 3.60, 69.91
00:23:37.681 -> 23.82, 27.78, -3.96, 0.00, 31, 252, 3.57, 70.65
00:23:38.698 -> 23.91, 27.78, -3.87, 0.09, 35, 225, 3.60, 62.42
00:23:39.715 -> 23.91, 27.78, -3.87, 0.00, 34, 225, 3.45, 65.14
00:23:40.759 -> 24.00, 27.78, -3.78, 0.09, 38, 249, 3.42, 72.88
00:23:41.760 -> 24.00, 27.78, -3.78, 0.00, 37, 254, 3.57, 71.21
00:23:42.793 -> 24.08, 27.78, -3.69, 0.09, 41, 136, 3.60, 37.73
00:23:43.826 -> 24.08, 27.78, -3.69, 0.00, 40, 136, 2.52, 54.07
00:23:44.831 -> 24.17, 27.78, -3.61, 0.09, 44, 245, 2.89, 84.75
00:23:45.848 -> 24.17, 27.78, -3.61, 0.00, 43, 245, 3.42, 71.71
00:23:46.886 -> 24.17, 27.78, -3.61, 0.00, 43, 245, 3.57, 68.68
00:23:47.915 -> 24.26, 27.78, -3.52, 0.09, 47, 254, 3.53, 71.97
00:23:48.921 -> 24.26, 27.78, -3.52, 0.00, 46, 252, 3.60, 69.91
00:23:49.945 -> 24.35, 27.78, -3.43, 0.09, 50, 236, 3.60, 65.47
00:23:50.976 -> 24.35, 27.78, -3.43, 0.00, 49, 59, 3.08, 19.16
00:23:52.000 -> 24.43, 27.78, -3.34, 0.09, 53, 191, 0.30, 638.20
00:23:53.025 -> 24.43, 27.78, -3.34, 0.00, 52, 165, 3.23, 51.10
00:23:54.031 -> 24.52, 27.78, -3.26, 0.09, 53, 191, 2.78, 68.75
00:23:55.066 -> 24.52, 27.78, -3.26, 0.00, 52, 165, 1.95, 84.53
00:23:56.098 -> 24.52, 27.78, -3.26, 0.00, 52, 165, 2.85, 57.83
00:23:57.116 -> 24.61, 27.78, -3.17, 0.09, 56, 252, 3.12, 80.87
00:23:58.149 -> 24.61, 27.78, -3.17, 0.00, 55, 155, 3.60, 43.00
00:23:59.166 -> 24.70, 27.78, -3.08, 0.09, 59, 5, 2.21, 2.26
00:24:00.195 -> 24.79, 27.78, -2.99, 0.09, 62, 190, 0.15, 1274.82
00:24:01.191 -> 24.79, 27.78, -2.99, 0.00, 61, 187, 3.04, 61.49
00:24:02.215 -> 24.79, 27.78, -2.99, 0.00, 61, 187, 2.25, 83.02
00:24:03.261 -> 24.79, 27.78, -2.99, 0.00, 61, 187, 1.84, 101.67
00:24:04.281 -> 24.87, 27.78, -2.90, 0.09, 65, 250, 1.84, 135.93
00:24:05.301 -> 24.87, 27.78, -2.90, 0.00, 64, 199, 3.60, 55.21
00:24:06.327 -> 24.96, 27.78, -2.81, 0.09, 68, 216, 3.12, 69.31
00:24:07.361 -> 24.96, 27.78, -2.81, 0.00, 67, 98, 3.00, 32.63
00:24:08.356 -> 25.05, 27.78, -2.73, 0.09, 71, 174, 0.56, 309.50
00:24:09.391 -> 25.05, 27.78, -2.73, 0.00, 70, 188, 3.27, 57.55
00:24:10.432 -> 25.05, 27.78, -2.73, 0.00, 70, 188, 2.78, 67.67
00:24:11.421 -> 25.14, 27.78, -2.64, 0.09, 74, 195, 2.10, 92.76
00:24:12.460 -> 25.14, 27.78, -2.64, 0.00, 73, 139, 3.30, 42.07
00:24:13.498 -> 25.23, 27.78, -2.55, 0.09, 77, 253, 2.93, 86.39
00:24:14.498 -> 25.23, 27.78, -2.55, 0.00, 76, 165, 3.53, 46.75
00:24:15.531 -> 25.32, 27.78, -2.46, 0.09, 77, 253, 3.15, 80.22
00:24:16.548 -> 25.32, 27.78, -2.46, 0.00, 76, 165, 3.57, 46.26
00:24:17.563 -> 25.41, 27.78, -2.37, 0.09, 80, 172, 1.91, 89.85
00:24:18.608 -> 25.41, 27.78, -2.37, 0.00, 79, 172, 3.08, 55.87
00:24:19.610 -> 25.49, 27.78, -2.28, 0.09, 83, 152, 3.23, 47.07
00:24:20.642 -> 25.49, 27.78, -2.28, 0.00, 82, 226, 2.44, 92.62
00:24:21.676 -> 25.58, 27.78, -2.19, 0.09, 86, 50, 3.53, 14.17
00:24:22.677 -> 25.58, 27.78, -2.19, 0.00, 85, 92, 0.41, 223.32
00:24:23.717 -> 25.67, 27.78, -2.11, 0.09, 89, 92, 1.69, 54.47
00:24:24.742 -> 25.67, 27.78, -2.11, 0.00, 88, 80, 1.58, 50.75
00:24:25.755 -> 25.76, 27.78, -2.02, 0.09, 92, 234, 0.60, 390.15
00:24:26.768 -> 25.76, 27.78, -2.02, 0.00, 91, 99, 3.49, 28.35
00:24:27.808 -> 25.85, 27.78, -1.93, 0.09, 95, 78, 1.58, 49.48
00:24:28.831 -> 25.85, 27.78, -1.93, 0.00, 94, 117, 0.52, 223.01
00:24:29.868 -> 25.85, 27.78, -1.93, 0.00, 94, 117, 0.94, 124.76
00:24:30.868 -> 25.94, 27.78, -1.84, 0.09, 98, 14, 1.73, 8.11
00:24:31.896 -> 26.03, 27.78, -1.75, 0.09, 101, 241, 0.41, 585.01
00:24:32.909 -> 26.03, 27.78, -1.75, 0.00, 100, 112, 3.34, 33.52
00:24:33.958 -> 26.03, 27.78, -1.75, 0.00, 100, 112, 0.94, 119.43
00:24:34.977 -> 26.12, 27.78, -1.66, 0.09, 101, 241, 1.43, 168.99
00:24:35.981 -> 26.12, 27.78, -1.66, 0.00, 100, 112, 3.49, 32.07
00:24:37.011 -> 26.21, 27.78, -1.57, 0.09, 104, 63, 1.31, 47.97
00:24:38.045 -> 26.21, 27.78, -1.57, 0.00, 103, 161, 0.37, 430.02
00:24:39.075 -> 26.21, 27.78, -1.57, 0.00, 103, 161, 3.00, 53.60
00:24:40.100 -> 26.30, 27.78, -1.48, 0.09, 107, 147, 2.93, 50.20
00:24:41.120 -> 26.30, 27.78, -1.48, 0.00, 106, 115, 2.29, 50.22
00:24:42.117 -> 26.39, 27.78, -1.39, 0.09, 110, 155, 1.80, 86.03
00:24:43.138 -> 26.39, 27.78, -1.39, 0.00, 109, 155, 1.50, 103.25
00:24:44.195 -> 26.39, 27.78, -1.39, 0.00, 109, 155, 2.89, 53.62
00:24:45.210 -> 26.48, 27.78, -1.30, 0.09, 113, 249, 2.40, 103.64
00:24:46.238 -> 26.48, 27.78, -1.30, 0.00, 112, 4, 3.60, 1.11
00:24:47.263 -> 26.56, 27.78, -1.21, 0.09, 116, 91, 0.07, 1231.05
00:24:48.283 -> 26.56, 27.78, -1.21, 0.00, 115, 24, 1.99, 12.06
00:24:49.300 -> 26.65, 27.78, -1.12, 0.09, 119, 194, 0.60, 323.46
00:24:50.321 -> 26.65, 27.78, -1.12, 0.00, 118, 152, 1.99, 76.40
00:24:51.334 -> 26.74, 27.78, -1.03, 0.09, 122, 151, 2.18, 69.35
00:24:52.364 -> 26.74, 27.78, -1.03, 0.00, 121, 151, 3.08, 49.05
00:24:53.384 -> 26.74, 27.78, -1.03, 0.00, 121, 151, 2.63, 57.46
00:24:54.417 -> 26.83, 27.78, -0.94, 0.09, 125, 107, 1.24, 86.41
00:24:55.446 -> 26.83, 27.78, -0.94, 0.00, 124, 11, 0.98, 11.28
00:24:56.468 -> 26.92, 27.78, -0.85, 0.09, 125, 107, 0.15, 717.92
00:24:57.461 -> 26.92, 27.78, -0.85, 0.00, 124, 11, 1.91, 5.75
00:24:58.489 -> 27.01, 27.78, -0.76, 0.09, 128, 11, 0.15, 73.81
00:24:59.543 -> 27.01, 27.78, -0.76, 0.00, 127, 222, 0.37, 592.95
00:25:00.542 -> 27.01, 27.78, -0.76, 0.00, 127, 222, 2.97, 74.85
00:25:01.575 -> 27.10, 27.78, -0.67, 0.09, 131, 16, 3.38, 4.73
00:25:02.597 -> 27.20, 27.78, -0.58, 0.09, 134, 161, 0.49, 330.54
00:25:03.613 -> 27.20, 27.78, -0.58, 0.00, 133, 88, 1.54, 57.19
00:25:04.634 -> 27.20, 27.78, -0.58, 0.00, 133, 88, 0.98, 90.22
00:25:05.660 -> 27.29, 27.78, -0.49, 0.09, 137, 187, 1.80, 103.79
00:25:06.694 -> 27.29, 27.78, -0.49, 0.00, 136, 116, 2.74, 42.33
00:25:07.706 -> 27.38, 27.78, -0.40, 0.09, 140, 81, 2.10, 38.53
00:25:08.723 -> 27.38, 27.78, -0.40, 0.00, 139, 81, 0.98, 83.05
00:25:09.748 -> 27.38, 27.78, -0.40, 0.00, 139, 81, 0.90, 89.98
00:25:20.300 -> 27.47, 27.78, -0.31, 0.09, 143, 81, 1.80, 44.96
00:25:20.300 -> 27.47, 27.78, -0.31, 0.00, 142, 110, 1.61, 68.16
00:25:20.300 -> 27.47, 27.78, -0.31, 0.00, 142, 110, 0.67, 162.99
00:25:20.300 -> 27.56, 27.78, -0.22, 0.09, 146, 12, 1.50, 7.99
00:25:20.300 -> 27.56, 27.78, -0.22, 0.00, 145, 49, 0.22, 218.59
00:25:20.300 -> 27.65, 27.78, -0.13, 0.09, 149, 31, 0.98, 31.78
00:25:20.300 -> 27.65, 27.78, -0.13, 0.00, 148, 110, 1.09, 101.10
00:25:20.300 -> 27.65, 27.78, -0.13, 0.00, 148, 110, 1.01, 108.60
00:25:20.300 -> 27.74, 27.78, -0.04, 0.09, 152, 0, 0.79, 0.00
00:25:20.300 -> 27.74, 27.78, -0.04, 0.00, 151, 0, -0.00, 0.00
00:25:30.334 -> 27.83, 27.78, 0.05, 0.09, 155, 0, -0.00, 0.00
00:25:30.334 -> 27.83, 27.78, 0.05, 0.00, 154, 0, -0.00, 0.00
00:25:30.334 -> 27.83, 27.78, 0.05, 0.00, 154, 0, -0.00, 0.00
00:25:30.334 -> 27.92, 27.78, 0.14, 0.09, 155, 0, -0.00, 0.00
00:25:30.334 -> 27.92, 27.78, 0.14, 0.00, 154, 0, -0.00, 0.00
00:25:30.334 -> 27.92, 27.78, 0.14, 0.00, 154, 0, 0.04, 0.00
00:25:30.334 -> 28.01, 27.78, 0.24, 0.09, 158, 0, -0.00, 0.00
00:25:30.334 -> 28.01, 27.78, 0.24, 0.00, 157, 0, -0.00, 0.00
00:25:30.334 -> 28.01, 27.78, 0.24, 0.00, 157, 0, -0.00, 0.00
00:25:30.334 -> 28.10, 27.78, 0.33, 0.09, 161, 0, -0.00, 0.00
00:25:40.367 -> 28.10, 27.78, 0.33, 0.00, 160, 0, -0.00, 0.00
00:25:40.367 -> 28.10, 27.78, 0.33, 0.00, 160, 0, -0.00, 0.00
00:25:40.367 -> 28.10, 27.78, 0.33, 0.00, 160, 0, -0.00, 0.00
00:25:40.367 -> 28.20, 27.78, 0.42, 0.09, 164, 0, -0.00, 0.00
00:25:40.367 -> 28.20, 27.78, 0.42, 0.00, 163, 0, -0.00, 0.00
00:25:40.367 -> 28.20, 27.78, 0.42, 0.00, 163, 0, 0.04, 0.00
00:25:40.367 -> 28.20, 27.78, 0.42, 0.00, 163, 0, 0.04, 0.00
00:25:40.367 -> 28.29, 27.78, 0.51, 0.09, 167, 0, -0.00, 0.00
00:25:40.367 -> 28.29, 27.78, 0.51, 0.00, 166, 0, -0.00, 0.00
00:25:43.169 -> 28.29, 27.78, 0.51, 0.00, 166, 0, -0.00, 0.00
00:25:43.169 -> 28.29, 27.78, 0.51, 0.00, 166, 0, -0.00, 0.00
00:25:43.169 -> 28.29, 27.78, 0.51, 0.00, 166, 0, -0.00, 0.00
00:25:49.997 -> 28.29, 27.78, 0.51, 0.00, 166, 0, -0.00, 0.00
00:25:49.997 -> 28.38, 27.78, 0.60, 0.09, 170, 0, -0.00, 0.00
00:25:49.997 -> 28.38, 27.78, 0.60, 0.00, 169, 0, 0.04, 0.00
00:25:49.997 -> 28.38, 27.78, 0.60, 0.00, 169, 0, -0.00, 0.00
00:25:49.997 -> 28.38, 27.78, 0.60, 0.00, 169, 0, -0.00, 0.00
00:25:49.997 -> 28.38, 27.78, 0.60, 0.00, 169, 0, -0.00, 0.00
00:25:49.997 -> 28.38, 27.78, 0.60, 0.00, 169, 0, -0.00, 0.00
00:25:51.004 -> 28.38, 27.78, 0.60, 0.00, 169, 0, -0.00, 0.00
00:25:52.145 -> 28.47, 27.78, 0.69, 0.09, 173, 0, 0.04, 0.00
00:25:54.767 -> 28.47, 27.78, 0.69, 0.00, 172, 0, -0.00, 0.00
00:25:54.767 -> 28.47, 27.78, 0.69, 0.00, 172, 0, -0.00, 0.00
00:25:54.767 -> 28.47, 27.78, 0.69, 0.00, 172, 0, -0.00, 0.00
00:25:59.557 -> 28.47, 27.78, 0.69, 0.00, 172, 0, -0.00, 0.00
00:25:59.557 -> 28.47, 27.78, 0.69, 0.00, 172, 0, -0.00, 0.00
00:25:59.557 -> 28.47, 27.78, 0.69, 0.00, 172, 0, -0.00, 0.00
00:25:59.557 -> 28.47, 27.78, 0.69, 0.00, 172, 0, 0.04, 0.00
00:25:59.898 -> 28.56, 27.78, 0.79, 0.09, 176, 0, -0.00, 0.00
00:26:00.915 -> 28.56, 27.78, 0.79, 0.00, 175, 0, -0.00, 0.00
00:26:01.927 -> 28.56, 27.78, 0.79, 0.00, 175, 0, -0.00, 0.00
00:26:02.939 -> 28.56, 27.78, 0.79, 0.00, 175, 0, -0.00, 0.00
00:26:03.982 -> 28.56, 27.78, 0.79, 0.00, 175, 0, -0.00, 0.00
00:26:05.014 -> 28.56, 27.78, 0.79, 0.00, 175, 0, -0.00, 0.00
00:26:06.008 -> 28.56, 27.78, 0.79, 0.00, 175, 0, 0.04, 0.00
00:26:07.060 -> 28.56, 27.78, 0.79, 0.00, 175, 0, 0.04, 0.00
00:26:08.059 -> 28.56, 27.78, 0.79, 0.00, 175, 0, -0.00, 0.00
00:26:09.089 -> 28.65, 27.78, 0.88, 0.09, 179, 0, -0.00, 0.00
00:26:10.128 -> 28.65, 27.78, 0.88, 0.00, 178, 0, 0.04, 0.00
00:26:11.126 -> 28.65, 27.78, 0.88, 0.00, 178, 0, 0.04, 0.00
00:26:12.147 -> 28.65, 27.78, 0.88, 0.00, 178, 0, -0.00, 0.00
00:26:13.180 -> 28.65, 27.78, 0.88, 0.00, 178, 0, 0.04, 0.00
00:26:14.197 -> 28.65, 27.78, 0.88, 0.00, 178, 0, -0.00, 0.00
00:26:15.238 -> 28.65, 27.78, 0.88, 0.00, 178, 0, -0.00, 0.00
00:26:16.242 -> 28.65, 27.78, 0.88, 0.00, 178, 0, -0.00, 0.00
00:26:17.280 -> 28.65, 27.78, 0.88, 0.00, 178, 0, -0.00, 0.00
00:26:18.312 -> 28.75, 27.78, 0.97, 0.09, 182, 0, -0.00, 0.00
00:26:19.306 -> 28.75, 27.78, 0.97, 0.00, 181, 0, -0.00, 0.00
00:26:20.351 -> 28.75, 27.78, 0.97, 0.00, 181, 0, -0.00, 0.00
00:26:21.376 -> 28.75, 27.78, 0.97, 0.00, 181, 0, -0.00, 0.00
00:26:22.375 -> 28.75, 27.78, 0.97, 0.00, 181, 0, -0.00, 0.00
00:26:23.420 -> 28.75, 27.78, 0.97, 0.00, 181, 0, -0.00, 0.00
00:26:24.445 -> 28.75, 27.78, 0.97, 0.00, 181, 0, -0.00, 0.00
00:26:25.454 -> 28.75, 27.78, 0.97, 0.00, 181, 0, -0.00, 0.00
00:26:26.487 -> 28.75, 27.78, 0.97, 0.00, 181, 0, 0.04, 0.00
00:26:27.490 -> 28.75, 27.78, 0.97, 0.00, 181, 0, 0.04, 0.00
00:26:28.520 -> 28.84, 27.78, 1.06, 0.09, 185, 0, -0.00, 0.00
00:26:29.555 -> 28.84, 27.78, 1.06, 0.00, 184, 0, -0.00, 0.00
00:26:30.586 -> 28.84, 27.78, 1.06, 0.00, 184, 0, -0.00, 0.00
00:26:31.595 -> 28.84, 27.78, 1.06, 0.00, 184, 0, -0.00, 0.00
00:26:32.614 -> 28.84, 27.78, 1.06, 0.00, 184, 0, -0.00, 0.00
00:26:33.646 -> 28.84, 27.78, 1.06, 0.00, 184, 0, 0.04, 0.00
00:26:34.657 -> 28.84, 27.78, 1.06, 0.00, 184, 0, -0.00, 0.00
00:26:35.688 -> 28.84, 27.78, 1.06, 0.00, 184, 0, -0.00, 0.00
00:26:36.726 -> 28.84, 27.78, 1.06, 0.00, 184, 0, 0.04, 0.00
00:26:37.726 -> 28.84, 27.78, 1.06, 0.00, 184, 0, 0.04, 0.00
00:26:38.765 -> 28.84, 27.78, 1.06, 0.00, 184, 0, -0.00, 0.00
00:26:39.801 -> 28.84, 27.78, 1.06, 0.00, 184, 0, -0.00, 0.00
00:26:40.819 -> 28.93, 27.78, 1.15, 0.09, 188, 0, -0.00, 0.00
00:26:41.829 -> 28.93, 27.78, 1.15, 0.00, 187, 0, -0.00, 0.00
00:26:42.867 -> 28.93, 27.78, 1.15, 0.00, 187, 0, -0.00, 0.00
00:26:43.865 -> 28.93, 27.78, 1.15, 0.00, 187, 0, -0.00, 0.00
00:26:44.891 -> 28.93, 27.78, 1.15, 0.00, 187, 0, -0.00, 0.00
00:26:45.934 -> 28.93, 27.78, 1.15, 0.00, 187, 0, 0.04, 0.00
00:26:46.943 -> 28.93, 27.78, 1.15, 0.00, 187, 0, 0.04, 0.00
00:26:47.964 -> 28.93, 27.78, 1.15, 0.00, 187, 0, 0.04, 0.00
00:26:49.002 -> 28.93, 27.78, 1.15, 0.00, 187, 0, -0.00, 0.00
00:26:50.028 -> 28.93, 27.78, 1.15, 0.00, 187, 0, -0.00, 0.00
00:26:51.042 -> 28.93, 27.78, 1.15, 0.00, 187, 0, 0.04, 0.00
00:26:52.074 -> 28.93, 27.78, 1.15, 0.00, 187, 0, 0.04, 0.00
00:26:53.073 -> 29.02, 27.78, 1.25, 0.09, 188, 0, -0.00, 0.00
00:26:54.099 -> 29.02, 27.78, 1.25, 0.00, 187, 0, -0.00, 0.00
00:26:55.126 -> 29.02, 27.78, 1.25, 0.00, 187, 0, 0.04, 0.00
00:26:56.159 -> 29.02, 27.78, 1.25, 0.00, 187, 0, -0.00, 0.00
00:26:57.159 -> 29.02, 27.78, 1.25, 0.00, 187, 0, -0.00, 0.00
00:26:58.184 -> 29.02, 27.78, 1.25, 0.00, 187, 0, -0.00, 0.00
00:26:59.230 -> 29.02, 27.78, 1.25, 0.00, 187, 0, 0.04, 0.00
00:27:00.255 -> 29.02, 27.78, 1.25, 0.00, 187, 0, -0.00, 0.00
00:27:01.268 -> 29.02, 27.78, 1.25, 0.00, 187, 0, 0.04, 0.00
00:27:02.302 -> 29.02, 27.78, 1.25, 0.00, 187, 0, -0.00, 0.00
00:27:03.294 -> 29.02, 27.78, 1.25, 0.00, 187, 0, -0.00, 0.00
00:27:04.343 -> 29.02, 27.78, 1.25, 0.00, 187, 0, 0.04, 0.00
00:27:05.361 -> 29.02, 27.78, 1.25, 0.00, 187, 0, -0.00, 0.00
00:27:06.377 -> 29.02, 27.78, 1.25, 0.00, 187, 0, -0.00, 0.00
00:27:07.397 -> 29.02, 27.78, 1.25, 0.00, 187, 0, -0.00, 0.00
00:27:08.432 -> 29.12, 27.78, 1.34, 0.09, 191, 0, -0.00, 0.00
00:27:09.436 -> 29.02, 27.78, 1.25, -0.09, 186, 0, -0.00, 0.00
00:27:10.483 -> 29.12, 27.78, 1.34, 0.09, 191, 0, -0.00, 0.00
00:27:12.234 -> 29.12, 27.78, 1.34, 0.00, 190, 0, -0.00, 0.00
00:27:16.154 -> 29.12, 27.78, 1.34, 0.00, 190, 0, -0.00, 0.00
00:27:16.154 -> 29.12, 27.78, 1.34, 0.00, 190, 0, -0.00, 0.00
00:27:16.154 -> 29.12, 27.78, 1.34, 0.00, 190, 0, -0.00, 0.00
00:27:16.154 -> 29.12, 27.78, 1.34, 0.00, 190, 0, -0.00, 0.00
00:27:22.524 -> 29.12, 27.78, 1.34, 0.00, 190, 0, -0.00, 0.00
00:27:22.524 -> 29.12, 27.78, 1.34, 0.00, 190, 0, -0.00, 0.00
00:27:22.524 -> 29.12, 27.78, 1.34, 0.00, 190, 0, -0.00, 0.00
00:27:22.524 -> 29.12, 27.78, 1.34, 0.00, 190, 0, -0.00, 0.00
00:27:22.524 -> 29.12, 27.78, 1.34, 0.00, 190, 0, -0.00, 0.00
00:27:22.524 -> 29.12, 27.78, 1.34, 0.00, 190, 0, -0.00, 0.00
00:27:22.775 -> 29.12, 27.78, 1.34, 0.00, 190, 0, -0.00, 0.00
00:27:26.165 -> 29.12, 27.78, 1.34, 0.00, 190, 0, -0.00, 0.00
00:27:26.165 -> 29.12, 27.78, 1.34, 0.00, 190, 0, -0.00, 0.00
00:27:26.165 -> 29.12, 27.78, 1.34, 0.00, 190, 0, -0.00, 0.00
00:27:26.853 -> 29.12, 27.78, 1.34, 0.00, 190, 0, -0.00, 0.00
00:27:28.578 -> 29.12, 27.78, 1.34, 0.00, 190, 0, 0.04, 0.00
00:27:29.493 -> 29.12, 27.78, 1.34, 0.00, 190, 0, -0.00, 0.00
00:27:29.896 -> 29.12, 27.78, 1.34, 0.00, 190, 0, 0.04, 0.00
00:27:30.937 -> 29.21, 27.78, 1.43, 0.09, 194, 0, 0.04, 0.00
00:27:31.969 -> 29.21, 27.78, 1.43, 0.00, 193, 0, -0.00, 0.00
00:27:32.965 -> 29.21, 27.78, 1.43, 0.00, 193, 0, -0.00, 0.00
00:27:34.005 -> 29.21, 27.78, 1.43, 0.00, 193, 0, 0.04, 0.00
00:27:35.012 -> 29.21, 27.78, 1.43, 0.00, 193, 0, 0.04, 0.00
00:27:36.055 -> 29.21, 27.78, 1.43, 0.00, 193, 0, -0.00, 0.00
00:27:37.051 -> 29.21, 27.78, 1.43, 0.00, 193, 0, -0.00, 0.00
00:27:38.081 -> 29.21, 27.78, 1.43, 0.00, 193, 0, -0.00, 0.00
00:27:39.120 -> 29.21, 27.78, 1.43, 0.00, 193, 0, 0.04, 0.00
00:27:40.132 -> 29.21, 27.78, 1.43, 0.00, 193, 0, 0.04, 0.00
00:27:41.169 -> 29.21, 27.78, 1.43, 0.00, 193, 0, 0.04, 0.00
00:27:42.175 -> 29.21, 27.78, 1.43, 0.00, 193, 0, -0.00, 0.00
00:27:43.213 -> 29.21, 27.78, 1.43, 0.00, 193, 0, 0.04, 0.00
00:27:44.244 -> 29.21, 27.78, 1.43, 0.00, 193, 0, -0.00, 0.00
00:27:45.246 -> 29.21, 27.78, 1.43, 0.00, 193, 0, 0.04, 0.00
00:27:46.278 -> 29.21, 27.78, 1.43, 0.00, 193, 0, -0.00, 0.00
00:27:47.312 -> 29.21, 27.78, 1.43, 0.00, 193, 0, -0.00, 0.00
00:27:48.312 -> 29.21, 27.78, 1.43, 0.00, 193, 0, -0.00, 0.00
00:27:49.357 -> 29.21, 27.78, 1.43, 0.00, 193, 0, -0.00, 0.00
00:27:50.383 -> 29.21, 27.78, 1.43, 0.00, 193, 0, -0.00, 0.00
00:27:51.390 -> 29.21, 27.78, 1.43, 0.00, 193, 0, -0.00, 0.00
00:27:52.422 -> 29.21, 27.78, 1.43, 0.00, 193, 0, -0.00, 0.00
00:27:53.419 -> 29.21, 27.78, 1.43, 0.00, 193, 0, -0.00, 0.00
00:27:54.464 -> 29.21, 27.78, 1.43, 0.00, 193, 0, -0.00, 0.00
00:27:55.493 -> 29.21, 27.78, 1.43, 0.00, 193, 0, -0.00, 0.00
00:27:56.498 -> 29.21, 27.78, 1.43, 0.00, 193, 0, -0.00, 0.00
00:27:57.518 -> 29.21, 27.78, 1.43, 0.00, 193, 0, 0.04, 0.00
00:27:58.545 -> 29.21, 27.78, 1.43, 0.00, 193, 0, -0.00, 0.00
00:27:59.583 -> 29.21, 27.78, 1.43, 0.00, 193, 0, -0.00, 0.00
00:28:00.581 -> 29.21, 27.78, 1.43, 0.00, 193, 0, -0.00, 0.00
00:28:01.630 -> 29.21, 27.78, 1.43, 0.00, 193, 0, -0.00, 0.00
00:28:02.637 -> 29.21, 27.78, 1.43, 0.00, 193, 0, -0.00, 0.00
00:28:03.659 -> 29.21, 27.78, 1.43, 0.00, 193, 0, -0.00, 0.00
00:28:04.685 -> 29.21, 27.78, 1.43, 0.00, 193, 0, -0.00, 0.00
00:28:05.716 -> 29.21, 27.78, 1.43, 0.00, 193, 0, -0.00, 0.00
00:28:06.730 -> 29.21, 27.78, 1.43, 0.00, 193, 0, -0.00, 0.00
00:28:07.756 -> 29.21, 27.78, 1.43, 0.00, 193, 0, -0.00, 0.00
00:28:08.794 -> 29.21, 27.78, 1.43, 0.00, 193, 0, -0.00, 0.00
00:28:09.799 -> 29.30, 27.78, 1.52, 0.09, 197, 0, -0.00, 0.00
00:28:10.844 -> 29.21, 27.78, 1.43, -0.09, 192, 0, -0.00, 0.00
00:28:11.851 -> 29.30, 27.78, 1.52, 0.09, 197, 0, -0.00, 0.00
00:28:12.878 -> 29.30, 27.78, 1.52, 0.00, 196, 0, -0.00, 0.00
00:28:13.879 -> 29.30, 27.78, 1.52, 0.00, 196, 0, -0.00, 0.00
00:28:14.911 -> 29.30, 27.78, 1.52, 0.00, 196, 0, 0.04, 0.00
00:28:15.936 -> 29.30, 27.78, 1.52, 0.00, 196, 0, -0.00, 0.00
00:28:16.953 -> 29.30, 27.78, 1.52, 0.00, 196, 0, 0.04, 0.00
00:28:17.970 -> 29.30, 27.78, 1.52, 0.00, 196, 0, 0.04, 0.00
00:28:19.008 -> 29.30, 27.78, 1.52, 0.00, 196, 0, -0.00, 0.00
00:28:20.029 -> 29.30, 27.78, 1.52, 0.00, 196, 0, -0.00, 0.00
00:28:21.068 -> 29.30, 27.78, 1.52, 0.00, 196, 0, -0.00, 0.00
00:28:22.063 -> 29.30, 27.78, 1.52, 0.00, 196, 0, 0.04, 0.00
00:28:23.094 -> 29.30, 27.78, 1.52, 0.00, 196, 0, 0.04, 0.00
00:28:24.118 -> 29.30, 27.78, 1.52, 0.00, 196, 0, -0.00, 0.00
00:28:25.137 -> 29.30, 27.78, 1.52, 0.00, 196, 0, -0.00, 0.00
00:28:26.152 -> 29.30, 27.78, 1.52, 0.00, 196, 0, 0.04, 0.00
00:28:27.184 -> 29.30, 27.78, 1.52, 0.00, 196, 0, 0.04, 0.00
00:28:28.223 -> 29.30, 27.78, 1.52, 0.00, 196, 0, -0.00, 0.00
00:28:29.240 -> 29.30, 27.78, 1.52, 0.00, 196, 0, -0.00, 0.00
00:28:30.250 -> 29.30, 27.78, 1.52, 0.00, 196, 0, -0.00, 0.00
00:28:31.279 -> 29.30, 27.78, 1.52, 0.00, 196, 0, -0.00, 0.00
00:28:32.292 -> 29.30, 27.78, 1.52, 0.00, 196, 0, -0.00, 0.00
00:28:33.322 -> 29.30, 27.78, 1.52, 0.00, 196, 0, -0.00, 0.00
00:28:34.346 -> 29.30, 27.78, 1.52, 0.00, 196, 0, -0.00, 0.00
00:28:35.378 -> 29.30, 27.78, 1.52, 0.00, 196, 0, -0.00, 0.00
00:28:36.406 -> 29.30, 27.78, 1.52, 0.00, 196, 0, -0.00, 0.00
00:28:37.415 -> 29.30, 27.78, 1.52, 0.00, 196, 0, 0.04, 0.00
00:28:38.439 -> 29.30, 27.78, 1.52, 0.00, 196, 0, -0.00, 0.00
00:28:39.458 -> 29.30, 27.78, 1.52, 0.00, 196, 0, 0.04, 0.00
00:28:40.473 -> 29.30, 27.78, 1.52, 0.00, 196, 0, -0.00, 0.00
00:28:41.495 -> 29.30, 27.78, 1.52, 0.00, 196, 0, -0.00, 0.00
00:28:42.518 -> 29.30, 27.78, 1.52, 0.00, 196, 0, 0.04, 0.00
00:28:43.547 -> 29.30, 27.78, 1.52, 0.00, 196, 0, -0.00, 0.00
00:28:44.586 -> 29.30, 27.78, 1.52, 0.00, 196, 0, -0.00, 0.00
00:28:45.607 -> 29.30, 27.78, 1.52, 0.00, 196, 0, -0.00, 0.00
00:28:46.631 -> 29.30, 27.78, 1.52, 0.00, 196, 0, -0.00, 0.00
00:28:47.651 -> 29.30, 27.78, 1.52, 0.00, 196, 0, -0.00, 0.00
00:28:48.667 -> 29.30, 27.78, 1.52, 0.00, 196, 0, -0.00, 0.00
00:28:49.692 -> 29.30, 27.78, 1.52, 0.00, 196, 0, 0.04, 0.00
00:28:50.723 -> 29.30, 27.78, 1.52, 0.00, 196, 0, 0.04, 0.00
00:28:51.747 -> 29.30, 27.78, 1.52, 0.00, 196, 0, -0.00, 0.00
00:28:52.780 -> 29.30, 27.78, 1.52, 0.00, 196, 0, -0.00, 0.00
00:28:53.805 -> 29.30, 27.78, 1.52, 0.00, 196, 0, -0.00, 0.00
00:28:54.808 -> 29.30, 27.78, 1.52, 0.00, 196, 0, -0.00, 0.00
00:28:55.840 -> 29.30, 27.78, 1.52, 0.00, 196, 0, 0.04, 0.00
00:28:56.864 -> 29.30, 27.78, 1.52, 0.00, 196, 0, -0.00, 0.00
00:28:57.872 -> 29.30, 27.78, 1.52, 0.00, 196, 0, -0.00, 0.00
00:28:58.902 -> 29.30, 27.78, 1.52, 0.00, 196, 0, 0.04, 0.00
00:28:59.922 -> 29.30, 27.78, 1.52, 0.00, 196, 0, -0.00, 0.00
00:29:00.948 -> 29.30, 27.78, 1.52, 0.00, 196, 0, -0.00, 0.00
00:29:01.982 -> 29.30, 27.78, 1.52, 0.00, 196, 0, -0.00, 0.00
00:29:02.980 -> 29.30, 27.78, 1.52, 0.00, 196, 0, 0.04, 0.00
00:29:04.018 -> 29.30, 27.78, 1.52, 0.00, 196, 0, -0.00, 0.00
00:29:05.030 -> 29.21, 27.78, 1.43, -0.09, 192, 0, 0.04, 0.00
00:29:06.056 -> 29.21, 27.78, 1.43, 0.00, 193, 0, -0.00, 0.00
00:29:07.072 -> 29.21, 27.78, 1.43, 0.00, 193, 0, -0.00, 0.00
00:29:08.119 -> 29.21, 27.78, 1.43, 0.00, 193, 0, -0.00, 0.00
00:29:09.117 -> 29.21, 27.78, 1.43, 0.00, 193, 0, -0.00, 0.00
00:29:10.139 -> 29.21, 27.78, 1.43, 0.00, 193, 0, -0.00, 0.00
00:29:11.165 -> 29.21, 27.78, 1.43, 0.00, 193, 0, -0.00, 0.00
00:29:21.485 -> 29.21, 27.78, 1.43, 0.00, 193, 0, 0.04, 0.00
00:29:21.485 -> 29.21, 27.78, 1.43, 0.00, 193, 0, -0.00, 0.00
00:29:21.485 -> 29.21, 27.78, 1.43, 0.00, 193, 0, -0.00, 0.00
00:29:21.485 -> 29.21, 27.78, 1.43, 0.00, 193, 0, -0.00, 0.00
00:29:21.485 -> 29.21, 27.78, 1.43, 0.00, 193, 0, -0.00, 0.00
00:29:21.485 -> 29.21, 27.78, 1.43, 0.00, 193, 0, -0.00, 0.00
00:29:21.485 -> 29.21, 27.78, 1.43, 0.00, 193, 0, -0.00, 0.00
00:29:21.485 -> 29.21, 27.78, 1.43, 0.00, 193, 0, -0.00, 0.00
00:29:21.485 -> 29.21, 27.78, 1.43, 0.00, 193, 0, -0.00, 0.00
00:29:21.485 -> 29.21, 27.78, 1.43, 0.00, 193, 0, -0.00, 0.00
00:29:24.494 -> 29.21, 27.78, 1.43, 0.00, 193, 0, -0.00, 0.00
00:29:24.494 -> 29.21, 27.78, 1.43, 0.00, 193, 0, 0.04, 0.00
00:29:24.494 -> 29.21, 27.78, 1.43, 0.00, 193, 0, -0.00, 0.00
00:29:34.525 -> 29.21, 27.78, 1.43, 0.00, 193, 0, -0.00, 0.00
00:29:34.525 -> 29.21, 27.78, 1.43, 0.00, 193, 0, 0.04, 0.00
00:29:34.525 -> 29.21, 27.78, 1.43, 0.00, 193, 0, -0.00, 0.00
00:29:34.525 -> 29.21, 27.78, 1.43, 0.00, 193, 0, -0.00, 0.00
00:29:34.525 -> 29.21, 27.78, 1.43, 0.00, 193, 0, 0.04, 0.00
00:29:34.525 -> 29.21, 27.78, 1.43, 0.00, 193, 0, -0.00, 0.00
00:29:34.525 -> 29.21, 27.78, 1.43, 0.00, 193, 0, -0.00, 0.00
00:29:34.525 -> 29.21, 27.78, 1.43, 0.00, 193, 0, -0.00, 0.00
00:29:34.525 -> 29.21, 27.78, 1.43, 0.00, 193, 0, -0.00, 0.00
00:29:43.328 -> 29.21, 27.78, 1.43, 0.00, 193, 0, -0.00, 0.00
00:29:43.328 -> 29.21, 27.78, 1.43, 0.00, 193, 0, -0.00, 0.00
00:29:43.328 -> 29.21, 27.78, 1.43, 0.00, 193, 0, 0.04, 0.00
00:29:43.328 -> 29.21, 27.78, 1.43, 0.00, 193, 0, 0.04, 0.00
00:29:43.328 -> 29.21, 27.78, 1.43, 0.00, 193, 0, -0.00, 0.00
00:29:43.328 -> 29.21, 27.78, 1.43, 0.00, 193, 0, -0.00, 0.00
00:29:43.328 -> 29.21, 27.78, 1.43, 0.00, 193, 0, -0.00, 0.00
00:29:43.328 -> 29.21, 27.78, 1.43, 0.00, 193, 0, -0.00, 0.00
00:29:43.328 -> 29.21, 27.78, 1.43, 0.00, 193, 0, 0.04, 0.00
00:29:44.805 -> 29.21, 27.78, 1.43, 0.00, 193, 0, -0.00, 0.00
00:29:45.836 -> 29.21, 27.78, 1.43, 0.00, 193, 0, -0.00, 0.00
00:29:47.294 -> 29.21, 27.78, 1.43, 0.00, 193, 0, -0.00, 0.00
00:29:47.294 -> 29.12, 27.78, 1.34, -0.09, 189, 0, -0.00, 0.00
00:29:49.295 -> 29.12, 27.78, 1.34, 0.00, 190, 0, 0.04, 0.00
00:29:49.295 -> 29.12, 27.78, 1.34, 0.00, 190, 0, -0.00, 0.00
00:29:51.027 -> 29.12, 27.78, 1.34, 0.00, 190, 0, -0.00, 0.00
00:29:52.274 -> 29.12, 27.78, 1.34, 0.00, 190, 0, -0.00, 0.00
00:29:52.274 -> 29.12, 27.78, 1.34, 0.00, 190, 0, -0.00, 0.00
00:29:53.857 -> 29.12, 27.78, 1.34, 0.00, 190, 0, -0.00, 0.00
00:29:55.759 -> 29.12, 27.78, 1.34, 0.00, 190, 0, 0.04, 0.00
00:29:55.759 -> 29.12, 27.78, 1.34, 0.00, 190, 0, 0.04, 0.00
00:29:59.679 -> 29.12, 27.78, 1.34, 0.00, 190, 0, -0.00, 0.00
00:29:59.679 -> 29.12, 27.78, 1.34, 0.00, 190, 0, -0.00, 0.00
00:29:59.679 -> 29.12, 27.78, 1.34, 0.00, 190, 0, 0.04, 0.00
00:29:59.679 -> 29.12, 27.78, 1.34, 0.00, 190, 0, -0.00, 0.00
00:30:04.711 -> 29.12, 27.78, 1.34, 0.00, 190, 0, 0.04, 0.00
00:30:04.711 -> 29.12, 27.78, 1.34, 0.00, 190, 0, -0.00, 0.00
00:30:04.711 -> 29.12, 27.78, 1.34, 0.00, 190, 0, -0.00, 0.00
00:30:04.711 -> 29.12, 27.78, 1.34, 0.00, 190, 0, 0.04, 0.00
00:30:04.711 -> 29.12, 27.78, 1.34, 0.00, 190, 0, -0.00, 0.00
00:30:08.331 -> 29.12, 27.78, 1.34, 0.00, 190, 0, -0.00, 0.00
00:30:08.331 -> 29.12, 27.78, 1.34, 0.00, 190, 0, -0.00, 0.00
00:30:08.331 -> 29.12, 27.78, 1.34, 0.00, 190, 0, -0.00, 0.00
00:30:13.543 -> 29.12, 27.78, 1.34, 0.00, 190, 0, -0.00, 0.00
00:30:13.543 -> 29.12, 27.78, 1.34, 0.00, 190, 0, -0.00, 0.00
00:30:13.543 -> 29.12, 27.78, 1.34, 0.00, 190, 0, 0.04, 0.00
00:30:13.543 -> 29.12, 27.78, 1.34, 0.00, 190, 0, -0.00, 0.00
00:30:13.543 -> 29.12, 27.78, 1.34, 0.00, 190, 0, -0.00, 0.00
00:30:14.502 -> 29.12, 27.78, 1.34, 0.00, 190, 0, -0.00, 0.00
00:30:15.957 -> 29.12, 27.78, 1.34, 0.00, 190, 0, 0.04, 0.00
00:30:15.957 -> 29.12, 27.78, 1.34, 0.00, 190, 0, 0.04, 0.00
00:30:17.500 -> 29.12, 27.78, 1.34, 0.00, 190, 0, 0.04, 0.00
00:30:22.962 -> 29.12, 27.78, 1.34, 0.00, 190, 0, -0.00, 0.00
00:30:22.962 -> 29.12, 27.78, 1.34, 0.00, 190, 0, 0.04, 0.00
00:30:22.962 -> 29.12, 27.78, 1.34, 0.00, 190, 0, -0.00, 0.00
00:30:22.962 -> 29.12, 27.78, 1.34, 0.00, 190, 0, -0.00, 0.00
00:30:22.962 -> 29.12, 27.78, 1.34, 0.00, 190, 0, -0.00, 0.00
00:30:22.962 -> 29.12, 27.78, 1.34, 0.00, 190, 0, -0.00, 0.00
00:30:33.627 -> 29.12, 27.78, 1.34, 0.00, 190, 0, 0.04, 0.00
00:30:33.627 -> 29.02, 27.78, 1.25, -0.09, 186, 0, 0.04, 0.00
00:30:33.627 -> 29.02, 27.78, 1.25, 0.00, 187, 0, -0.00, 0.00
00:30:33.627 -> 29.02, 27.78, 1.25, 0.00, 187, 0, -0.00, 0.00
00:30:33.627 -> 29.02, 27.78, 1.25, 0.00, 187, 0, 0.04, 0.00
00:30:33.627 -> 29.02, 27.78, 1.25, 0.00, 187, 0, 0.04, 0.00
00:30:33.627 -> 29.02, 27.78, 1.25, 0.00, 187, 0, -0.00, 0.00
00:30:33.627 -> 29.02, 27.78, 1.25, 0.00, 187, 0, 0.04, 0.00
00:30:33.627 -> 29.02, 27.78, 1.25, 0.00, 187, 0, 0.04, 0.00
00:30:33.627 -> 29.02, 27.78, 1.25, 0.00, 187, 0, 0.04, 0.00
00:30:42.149 -> 29.02, 27.78, 1.25, 0.00, 187, 0, -0.00, 0.00
00:30:42.149 -> 29.02, 27.78, 1.25, 0.00, 187, 0, 0.04, 0.00
00:30:42.149 -> 29.02, 27.78, 1.25, 0.00, 187, 0, 0.04, 0.00
00:30:42.149 -> 29.02, 27.78, 1.25, 0.00, 187, 0, -0.00, 0.00
00:30:42.149 -> 29.02, 27.78, 1.25, 0.00, 187, 0, -0.00, 0.00
00:30:42.149 -> 29.02, 27.78, 1.25, 0.00, 187, 0, 0.04, 0.00
00:30:42.149 -> 29.02, 27.78, 1.25, 0.00, 187, 0, -0.00, 0.00
00:30:42.149 -> 29.02, 27.78, 1.25, 0.00, 187, 0, 0.04, 0.00
00:30:42.737 -> 29.02, 27.78, 1.25, 0.00, 187, 0, 0.04, 0.00
00:30:43.541 -> 29.02, 27.78, 1.25, 0.00, 187, 0, -0.00, 0.00
00:30:47.140 -> 29.02, 27.78, 1.25, 0.00, 187, 0, -0.00, 0.00
00:30:47.140 -> 29.02, 27.78, 1.25, 0.00, 187, 0, -0.00, 0.00
00:30:47.140 -> 29.02, 27.78, 1.25, 0.00, 187, 0, 0.04, 0.00
00:30:47.696 -> 29.02, 27.78, 1.25, 0.00, 187, 0, -0.00, 0.00
00:30:52.870 -> 29.02, 27.78, 1.25, 0.00, 187, 0, 0.04, 0.00
00:30:52.870 -> 28.93, 27.78, 1.15, -0.09, 186, 0, 0.04, 0.00
00:30:52.870 -> 28.93, 27.78, 1.15, 0.00, 187, 0, -0.00, 0.00
00:30:52.870 -> 28.93, 27.78, 1.15, 0.00, 187, 0, 0.04, 0.00
00:30:52.870 -> 28.93, 27.78, 1.15, 0.00, 187, 0, -0.00, 0.00
00:30:53.464 -> 28.93, 27.78, 1.15, 0.00, 187, 0, -0.00, 0.00
00:30:54.512 -> 28.93, 27.78, 1.15, 0.00, 187, 0, -0.00, 0.00
00:30:55.499 -> 28.93, 27.78, 1.15, 0.00, 187, 0, -0.00, 0.00
00:30:56.535 -> 28.93, 27.78, 1.15, 0.00, 187, 0, -0.00, 0.00
00:30:57.563 -> 28.93, 27.78, 1.15, 0.00, 187, 0, -0.00, 0.00
00:30:58.594 -> 28.93, 27.78, 1.15, 0.00, 187, 0, -0.00, 0.00
00:30:59.608 -> 28.93, 27.78, 1.15, 0.00, 187, 0, -0.00, 0.00
00:31:00.643 -> 28.93, 27.78, 1.15, 0.00, 187, 0, 0.04, 0.00
00:31:01.648 -> 28.93, 27.78, 1.15, 0.00, 187, 0, -0.00, 0.00
00:31:02.691 -> 28.93, 27.78, 1.15, 0.00, 187, 0, 0.04, 0.00
00:31:03.686 -> 28.93, 27.78, 1.15, 0.00, 187, 0, -0.00, 0.00
00:31:04.718 -> 28.93, 27.78, 1.15, 0.00, 187, 0, -0.00, 0.00
00:31:05.727 -> 28.93, 27.78, 1.15, 0.00, 187, 0, -0.00, 0.00
00:31:06.763 -> 28.93, 27.78, 1.15, 0.00, 187, 0, -0.00, 0.00
00:31:07.803 -> 28.93, 27.78, 1.15, 0.00, 187, 0, 0.04, 0.00
00:31:08.812 -> 28.93, 27.78, 1.15, 0.00, 187, 0, -0.00, 0.00
00:31:09.849 -> 28.93, 27.78, 1.15, 0.00, 187, 0, -0.00, 0.00
00:31:10.861 -> 28.93, 27.78, 1.15, 0.00, 187, 0, -0.00, 0.00
00:31:11.883 -> 28.84, 27.78, 1.06, -0.09, 183, 0, -0.00, 0.00
00:31:12.905 -> 28.84, 27.78, 1.06, 0.00, 184, 0, -0.00, 0.00
00:31:13.944 -> 28.84, 27.78, 1.06, 0.00, 184, 0, -0.00, 0.00
00:31:14.967 -> 28.84, 27.78, 1.06, 0.00, 184, 0, -0.00, 0.00
00:31:15.972 -> 28.84, 27.78, 1.06, 0.00, 184, 0, -0.00, 0.00
00:31:16.988 -> 28.84, 27.78, 1.06, 0.00, 184, 0, 0.04, 0.00
00:31:18.019 -> 28.84, 27.78, 1.06, 0.00, 184, 0, -0.00, 0.00
00:31:19.030 -> 28.84, 27.78, 1.06, 0.00, 184, 0, -0.00, 0.00
00:31:20.076 -> 28.84, 27.78, 1.06, 0.00, 184, 0, -0.00, 0.00
00:31:21.096 -> 28.84, 27.78, 1.06, 0.00, 184, 0, -0.00, 0.00
00:31:22.133 -> 28.84, 27.78, 1.06, 0.00, 184, 0, -0.00, 0.00
00:31:23.148 -> 28.84, 27.78, 1.06, 0.00, 184, 0, -0.00, 0.00
00:31:24.153 -> 28.84, 27.78, 1.06, 0.00, 184, 0, -0.00, 0.00
00:31:25.185 -> 28.84, 27.78, 1.06, 0.00, 184, 0, -0.00, 0.00
00:31:26.219 -> 28.84, 27.78, 1.06, 0.00, 184, 0, -0.00, 0.00
00:31:27.212 -> 28.84, 27.78, 1.06, 0.00, 184, 0, -0.00, 0.00
00:31:28.256 -> 28.84, 27.78, 1.06, 0.00, 184, 0, -0.00, 0.00
00:31:29.280 -> 28.84, 27.78, 1.06, 0.00, 184, 0, -0.00, 0.00
00:31:30.290 -> 28.84, 27.78, 1.06, 0.00, 184, 0, -0.00, 0.00
00:31:31.318 -> 28.84, 27.78, 1.06, 0.00, 184, 0, -0.00, 0.00
00:31:32.358 -> 28.84, 27.78, 1.06, 0.00, 184, 0, -0.00, 0.00
00:31:33.359 -> 28.84, 27.78, 1.06, 0.00, 184, 0, -0.00, 0.00
00:31:34.377 -> 28.84, 27.78, 1.06, 0.00, 184, 0, -0.00, 0.00
00:31:35.414 -> 28.75, 27.78, 0.97, -0.09, 180, 0, -0.00, 0.00
00:31:36.427 -> 28.75, 27.78, 0.97, 0.00, 181, 0, -0.00, 0.00
00:31:37.447 -> 28.75, 27.78, 0.97, 0.00, 181, 0, -0.00, 0.00
00:31:38.492 -> 28.75, 27.78, 0.97, 0.00, 181, 0, -0.00, 0.00
00:31:39.515 -> 28.75, 27.78, 0.97, 0.00, 181, 0, 0.04, 0.00
00:31:40.527 -> 28.75, 27.78, 0.97, 0.00, 181, 0, 0.04, 0.00
00:31:51.510 -> 28.75, 27.78, 0.97, 0.00, 181, 0, 0.04, 0.00
00:31:51.510 -> 28.75, 27.78, 0.97, 0.00, 181, 0, -0.00, 0.00
00:31:51.510 -> 28.75, 27.78, 0.97, 0.00, 181, 0, -0.00, 0.00
00:31:51.510 -> 28.75, 27.78, 0.97, 0.00, 181, 0, -0.00, 0.00
00:31:51.510 -> 28.75, 27.78, 0.97, 0.00, 181, 0, -0.00, 0.00
00:31:51.510 -> 28.75, 27.78, 0.97, 0.00, 181, 0, -0.00, 0.00
00:31:51.510 -> 28.75, 27.78, 0.97, 0.00, 181, 0, -0.00, 0.00
00:31:51.510 -> 28.75, 27.78, 0.97, 0.00, 181, 0, -0.00, 0.00
00:31:51.510 -> 28.75, 27.78, 0.97, 0.00, 181, 0, 0.04, 0.00
00:31:51.510 -> 28.75, 27.78, 0.97, 0.00, 181, 0, 0.04, 0.00
00:31:59.910 -> 28.65, 27.78, 0.88, -0.09, 177, 0, 0.04, 0.00
00:31:59.910 -> 28.75, 27.78, 0.97, 0.09, 182, 0, 0.04, 0.00
00:31:59.910 -> 28.75, 27.78, 0.97, 0.00, 181, 0, -0.00, 0.00
00:31:59.910 -> 28.65, 27.78, 0.88, -0.09, 177, 0, -0.00, 0.00
00:31:59.910 -> 28.65, 27.78, 0.88, 0.00, 178, 0, 0.04, 0.00
00:31:59.910 -> 28.65, 27.78, 0.88, 0.00, 178, 0, -0.00, 0.00
00:31:59.910 -> 28.65, 27.78, 0.88, 0.00, 178, 0, -0.00, 0.00
00:31:59.910 -> 28.65, 27.78, 0.88, 0.00, 178, 0, -0.00, 0.00
00:32:01.225 -> 28.65, 27.78, 0.88, 0.00, 178, 0, 0.04, 0.00
00:32:01.225 -> 28.65, 27.78, 0.88, 0.00, 178, 0, 0.04, 0.00
00:32:10.816 -> 28.65, 27.78, 0.88, 0.00, 178, 0, 0.04, 0.00
00:32:10.816 -> 28.65, 27.78, 0.88, 0.00, 178, 0, -0.00, 0.00
00:32:10.816 -> 28.65, 27.78, 0.88, 0.00, 178, 0, 0.04, 0.00
00:32:10.816 -> 28.65, 27.78, 0.88, 0.00, 178, 0, 0.04, 0.00
00:32:10.816 -> 28.65, 27.78, 0.88, 0.00, 178, 0, 0.04, 0.00
00:32:10.816 -> 28.65, 27.78, 0.88, 0.00, 178, 0, -0.00, 0.00
00:32:10.816 -> 28.65, 27.78, 0.88, 0.00, 178, 0, -0.00, 0.00
00:32:10.816 -> 28.65, 27.78, 0.88, 0.00, 178, 0, -0.00, 0.00
00:32:10.816 -> 28.65, 27.78, 0.88, 0.00, 178, 0, -0.00, 0.00
00:32:14.468 -> 28.65, 27.78, 0.88, 0.00, 178, 0, 0.04, 0.00
00:32:14.468 -> 28.56, 27.78, 0.79, -0.09, 174, 0, -0.00, 0.00
00:32:14.468 -> 28.56, 27.78, 0.79, 0.00, 175, 0, -0.00, 0.00
00:32:14.468 -> 28.56, 27.78, 0.79, 0.00, 175, 0, 0.04, 0.00
00:32:17.065 -> 28.56, 27.78, 0.79, 0.00, 175, 0, -0.00, 0.00
00:32:17.065 -> 28.56, 27.78, 0.79, 0.00, 175, 0, -0.00, 0.00
00:32:18.613 -> 28.56, 27.78, 0.79, 0.00, 175, 0, -0.00, 0.00
00:32:18.613 -> 28.56, 27.78, 0.79, 0.00, 175, 0, -0.00, 0.00
00:32:20.114 -> 28.56, 27.78, 0.79, 0.00, 175, 0, 0.04, 0.00
00:32:26.764 -> 28.56, 27.78, 0.79, 0.00, 175, 0, -0.00, 0.00
00:32:26.764 -> 28.56, 27.78, 0.79, 0.00, 175, 0, -0.00, 0.00
00:32:26.764 -> 28.56, 27.78, 0.79, 0.00, 175, 0, -0.00, 0.00
00:32:26.764 -> 28.56, 27.78, 0.79, 0.00, 175, 0, 0.04, 0.00
00:32:26.764 -> 28.56, 27.78, 0.79, 0.00, 175, 0, -0.00, 0.00
00:32:26.764 -> 28.56, 27.78, 0.79, 0.00, 175, 0, -0.00, 0.00
00:32:26.764 -> 28.56, 27.78, 0.79, 0.00, 175, 0, -0.00, 0.00
00:32:28.114 -> 28.56, 27.78, 0.79, 0.00, 175, 0, 0.04, 0.00
00:32:30.912 -> 28.56, 27.78, 0.79, 0.00, 175, 0, -0.00, 0.00
00:32:30.912 -> 28.56, 27.78, 0.79, 0.00, 175, 0, 0.04, 0.00
00:32:30.912 -> 28.56, 27.78, 0.79, 0.00, 175, 0, 0.04, 0.00
00:32:37.975 -> 28.56, 27.78, 0.79, 0.00, 175, 0, -0.00, 0.00
00:32:37.975 -> 28.56, 27.78, 0.79, 0.00, 175, 0, -0.00, 0.00
00:32:37.975 -> 28.56, 27.78, 0.79, 0.00, 175, 0, -0.00, 0.00
00:32:37.975 -> 28.47, 27.78, 0.69, -0.09, 171, 0, -0.00, 0.00
00:32:37.975 -> 28.47, 27.78, 0.69, 0.00, 172, 0, -0.00, 0.00
00:32:37.975 -> 28.47, 27.78, 0.69, 0.00, 172, 0, -0.00, 0.00
00:32:37.975 -> 28.47, 27.78, 0.69, 0.00, 172, 0, -0.00, 0.00
00:32:48.011 -> 28.47, 27.78, 0.69, 0.00, 172, 0, 0.04, 0.00
00:32:48.011 -> 28.47, 27.78, 0.69, 0.00, 172, 0, -0.00, 0.00
00:32:48.011 -> 28.47, 27.78, 0.69, 0.00, 172, 0, -0.00, 0.00
00:32:48.011 -> 28.47, 27.78, 0.69, 0.00, 172, 0, 0.04, 0.00
00:32:48.011 -> 28.47, 27.78, 0.69, 0.00, 172, 0, -0.00, 0.00
00:32:48.011 -> 28.47, 27.78, 0.69, 0.00, 172, 0, -0.00, 0.00
00:32:48.011 -> 28.47, 27.78, 0.69, 0.00, 172, 0, -0.00, 0.00
00:32:48.011 -> 28.47, 27.78, 0.69, 0.00, 172, 0, -0.00, 0.00
00:32:48.011 -> 28.47, 27.78, 0.69, 0.00, 172, 0, -0.00, 0.00
00:32:58.061 -> 28.47, 27.78, 0.69, 0.00, 172, 0, -0.00, 0.00
00:32:58.061 -> 28.38, 27.78, 0.60, -0.09, 168, 0, -0.00, 0.00
00:32:58.061 -> 28.38, 27.78, 0.60, 0.00, 169, 0, -0.00, 0.00
00:32:58.061 -> 28.38, 27.78, 0.60, 0.00, 169, 0, -0.00, 0.00
00:32:58.061 -> 28.38, 27.78, 0.60, 0.00, 169, 0, 0.04, 0.00
00:32:58.061 -> 28.38, 27.78, 0.60, 0.00, 169, 0, -0.00, 0.00
00:32:58.061 -> 28.38, 27.78, 0.60, 0.00, 169, 0, -0.00, 0.00
00:32:58.061 -> 28.38, 27.78, 0.60, 0.00, 169, 0, 0.04, 0.00
00:32:58.061 -> 28.38, 27.78, 0.60, 0.00, 169, 0, 0.04, 0.00
00:32:58.061 -> 28.38, 27.78, 0.60, 0.00, 169, 0, 0.04, 0.00
00:33:08.114 -> 28.38, 27.78, 0.60, 0.00, 169, 0, -0.00, 0.00
00:33:08.114 -> 28.38, 27.78, 0.60, 0.00, 169, 0, -0.00, 0.00
00:33:08.114 -> 28.29, 27.78, 0.51, -0.09, 165, 0, -0.00, 0.00
00:33:08.114 -> 28.29, 27.78, 0.51, 0.00, 166, 0, -0.00, 0.00
00:33:08.114 -> 28.29, 27.78, 0.51, 0.00, 166, 0, -0.00, 0.00
00:33:08.114 -> 28.29, 27.78, 0.51, 0.00, 166, 0, -0.00, 0.00
00:33:08.114 -> 28.29, 27.78, 0.51, 0.00, 166, 0, -0.00, 0.00
00:33:08.114 -> 28.29, 27.78, 0.51, 0.00, 166, 0, -0.00, 0.00
00:33:08.114 -> 28.29, 27.78, 0.51, 0.00, 166, 0, -0.00, 0.00
00:33:08.114 -> 28.29, 27.78, 0.51, 0.00, 166, 0, 0.04, 0.00
00:33:18.162 -> 28.29, 27.78, 0.51, 0.00, 166, 0, -0.00, 0.00
00:33:18.162 -> 28.29, 27.78, 0.51, 0.00, 166, 0, 0.04, 0.00
00:33:18.162 -> 28.29, 27.78, 0.51, 0.00, 166, 0, 0.04, 0.00
00:33:18.162 -> 28.29, 27.78, 0.51, 0.00, 166, 0, -0.00, 0.00
00:33:18.162 -> 28.29, 27.78, 0.51, 0.00, 166, 0, 0.04, 0.00
00:33:18.162 -> 28.20, 27.78, 0.42, -0.09, 162, 0, -0.00, 0.00
00:33:18.162 -> 28.20, 27.78, 0.42, 0.00, 163, 0, -0.00, 0.00
00:33:18.162 -> 28.20, 27.78, 0.42, 0.00, 163, 0, 0.04, 0.00
00:33:18.162 -> 28.20, 27.78, 0.42, 0.00, 163, 0, -0.00, 0.00
00:33:18.162 -> 28.20, 27.78, 0.42, 0.00, 163, 0, -0.00, 0.00
00:33:28.212 -> 28.20, 27.78, 0.42, 0.00, 163, 0, 0.04, 0.00
00:33:28.212 -> 28.20, 27.78, 0.42, 0.00, 163, 0, 0.04, 0.00
00:33:28.212 -> 28.20, 27.78, 0.42, 0.00, 163, 0, 0.04, 0.00
00:33:28.212 -> 28.20, 27.78, 0.42, 0.00, 163, 0, -0.00, 0.00
00:33:28.212 -> 28.20, 27.78, 0.42, 0.00, 163, 0, -0.00, 0.00
00:33:28.212 -> 28.20, 27.78, 0.42, 0.00, 163, 0, -0.00, 0.00
00:33:28.212 -> 28.20, 27.78, 0.42, 0.00, 163, 0, -0.00, 0.00
00:33:28.212 -> 28.20, 27.78, 0.42, 0.00, 163, 0, 0.04, 0.00
00:33:28.212 -> 28.20, 27.78, 0.42, 0.00, 163, 0, -0.00, 0.00
00:33:28.212 -> 28.20, 27.78, 0.42, 0.00, 163, 0, 0.04, 0.00
00:33:38.412 -> 28.20, 27.78, 0.42, 0.00, 163, 0, -0.00, 0.00
00:33:38.412 -> 28.20, 27.78, 0.42, 0.00, 163, 0, -0.00, 0.00
00:33:38.412 -> 28.20, 27.78, 0.42, 0.00, 163, 0, 0.04, 0.00
00:33:38.412 -> 28.10, 27.78, 0.33, -0.09, 159, 0, -0.00, 0.00
00:33:38.412 -> 28.10, 27.78, 0.33, 0.00, 160, 0, 0.04, 0.00
00:33:38.412 -> 28.10, 27.78, 0.33, 0.00, 160, 0, -0.00, 0.00
00:33:38.412 -> 28.10, 27.78, 0.33, 0.00, 160, 0, -0.00, 0.00
00:33:38.412 -> 28.10, 27.78, 0.33, 0.00, 160, 0, 0.04, 0.00
00:33:38.412 -> 28.10, 27.78, 0.33, 0.00, 160, 0, 0.04, 0.00
00:33:38.412 -> 28.10, 27.78, 0.33, 0.00, 160, 0, -0.00, 0.00
00:33:48.462 -> 28.10, 27.78, 0.33, 0.00, 160, 0, -0.00, 0.00
00:33:48.462 -> 28.10, 27.78, 0.33, 0.00, 160, 0, -0.00, 0.00
00:33:48.462 -> 28.10, 27.78, 0.33, 0.00, 160, 0, -0.00, 0.00
00:33:48.462 -> 28.10, 27.78, 0.33, 0.00, 160, 0, -0.00, 0.00
00:33:48.462 -> 28.10, 27.78, 0.33, 0.00, 160, 0, 0.04, 0.00
00:33:48.462 -> 28.10, 27.78, 0.33, 0.00, 160, 0, -0.00, 0.00
00:33:48.462 -> 28.01, 27.78, 0.24, -0.09, 156, 0, -0.00, 0.00
00:33:48.462 -> 28.01, 27.78, 0.24, 0.00, 157, 0, -0.00, 0.00
00:33:48.462 -> 28.01, 27.78, 0.24, 0.00, 157, 0, -0.00, 0.00
00:33:58.512 -> 28.01, 27.78, 0.24, 0.00, 157, 0, -0.00, 0.00
00:33:58.512 -> 28.01, 27.78, 0.24, 0.00, 157, 0, -0.00, 0.00
00:33:58.512 -> 28.01, 27.78, 0.24, 0.00, 157, 0, -0.00, 0.00
00:33:58.512 -> 28.01, 27.78, 0.24, 0.00, 157, 0, -0.00, 0.00
00:33:58.512 -> 28.01, 27.78, 0.24, 0.00, 157, 0, -0.00, 0.00
00:33:58.512 -> 28.01, 27.78, 0.24, 0.00, 157, 0, -0.00, 0.00
00:33:58.512 -> 28.01, 27.78, 0.24, 0.00, 157, 0, 0.04, 0.00
00:33:58.512 -> 28.01, 27.78, 0.24, 0.00, 157, 0, -0.00, 0.00
00:33:58.512 -> 28.01, 27.78, 0.24, 0.00, 157, 0, 0.04, 0.00
00:33:58.512 -> 28.01, 27.78, 0.24, 0.00, 157, 0, -0.00, 0.00
00:34:07.880 -> 28.01, 27.78, 0.24, 0.00, 157, 0, 0.04, 0.00
00:34:07.880 -> 27.92, 27.78, 0.14, -0.09, 153, 0, -0.00, 0.00
00:34:07.880 -> 27.92, 27.78, 0.14, 0.00, 154, 0, -0.00, 0.00
00:34:07.880 -> 27.92, 27.78, 0.14, 0.00, 154, 0, -0.00, 0.00
00:34:07.880 -> 27.92, 27.78, 0.14, 0.00, 154, 0, -0.00, 0.00
00:34:07.880 -> 27.92, 27.78, 0.14, 0.00, 154, 0, -0.00, 0.00
00:34:07.880 -> 27.92, 27.78, 0.14, 0.00, 154, 0, 0.04, 0.00
00:34:07.880 -> 27.92, 27.78, 0.14, 0.00, 154, 0, -0.00, 0.00
00:34:07.880 -> 27.92, 27.78, 0.14, 0.00, 154, 0, -0.00, 0.00
00:34:07.880 -> 27.92, 27.78, 0.14, 0.00, 154, 0, -0.00, 0.00
00:34:08.858 -> 27.92, 27.78, 0.14, 0.00, 154, 0, -0.00, 0.00
00:34:09.863 -> 27.92, 27.78, 0.14, 0.00, 154, 0, -0.00, 0.00
00:34:10.885 -> 27.92, 27.78, 0.14, 0.00, 154, 0, -0.00, 0.00
00:34:11.943 -> 27.92, 27.78, 0.14, 0.00, 154, 0, -0.00, 0.00
00:34:12.942 -> 27.92, 27.78, 0.14, 0.00, 154, 0, -0.00, 0.00
00:34:13.984 -> 27.92, 27.78, 0.14, 0.00, 154, 0, -0.00, 0.00
00:34:14.983 -> 27.92, 27.78, 0.14, 0.00, 154, 0, -0.00, 0.00
00:34:16.029 -> 27.83, 27.78, 0.05, -0.09, 153, 0, -0.00, 0.00
00:34:17.052 -> 27.83, 27.78, 0.05, 0.00, 154, 0, -0.00, 0.00
00:34:18.050 -> 27.83, 27.78, 0.05, 0.00, 154, 0, -0.00, 0.00
00:34:19.084 -> 27.83, 27.78, 0.05, 0.00, 154, 0, -0.00, 0.00
00:34:20.099 -> 27.83, 27.78, 0.05, 0.00, 154, 0, -0.00, 0.00
00:34:21.139 -> 27.83, 27.78, 0.05, 0.00, 154, 0, -0.00, 0.00
00:34:22.159 -> 27.83, 27.78, 0.05, 0.00, 154, 0, -0.00, 0.00
00:34:23.195 -> 27.83, 27.78, 0.05, 0.00, 154, 0, -0.00, 0.00
00:34:24.217 -> 27.83, 27.78, 0.05, 0.00, 154, 0, -0.00, 0.00
00:34:25.217 -> 27.83, 27.78, 0.05, 0.00, 154, 0, -0.00, 0.00
00:34:26.237 -> 27.83, 27.78, 0.05, 0.00, 154, 0, -0.00, 0.00
00:34:27.267 -> 27.83, 27.78, 0.05, 0.00, 154, 0, -0.00, 0.00
00:34:28.275 -> 27.83, 27.78, 0.05, 0.00, 154, 0, -0.00, 0.00
00:34:29.316 -> 27.83, 27.78, 0.05, 0.00, 154, 0, -0.00, 0.00
00:34:30.356 -> 27.83, 27.78, 0.05, 0.00, 154, 0, -0.00, 0.00
00:34:31.357 -> 27.74, 27.78, -0.04, -0.09, 150, 0, -0.00, 0.00
00:34:32.387 -> 27.74, 27.78, -0.04, 0.00, 151, 0, -0.00, 0.00
00:34:33.402 -> 27.74, 27.78, -0.04, 0.00, 151, 0, 0.04, 0.00
00:34:34.433 -> 27.74, 27.78, -0.04, 0.00, 151, 0, -0.00, 0.00
00:34:35.474 -> 27.74, 27.78, -0.04, 0.00, 151, 0, 0.04, 0.00
00:34:36.473 -> 27.74, 27.78, -0.04, 0.00, 151, 0, -0.00, 0.00
00:34:37.498 -> 27.74, 27.78, -0.04, 0.00, 151, 0, -0.00, 0.00
00:34:38.533 -> 27.74, 27.78, -0.04, 0.00, 151, 0, -0.00, 0.00
00:34:39.541 -> 27.74, 27.78, -0.04, 0.00, 151, 0, -0.00, 0.00
00:34:40.583 -> 27.74, 27.78, -0.04, 0.00, 151, 0, 0.04, 0.00
00:34:41.591 -> 27.74, 27.78, -0.04, 0.00, 151, 0, 0.04, 0.00
00:34:42.628 -> 27.74, 27.78, -0.04, 0.00, 151, 0, -0.00, 0.00
00:34:43.629 -> 27.74, 27.78, -0.04, 0.00, 151, 0, -0.00, 0.00
00:34:44.664 -> 27.74, 27.78, -0.04, 0.00, 151, 0, 0.04, 0.00
00:34:45.695 -> 27.74, 27.78, -0.04, 0.00, 151, 0, -0.00, 0.00
00:34:46.713 -> 27.65, 27.78, -0.13, -0.09, 147, 0, 0.04, 0.00
00:34:47.731 -> 27.65, 27.78, -0.13, 0.00, 148, 110, 0.04, 3025.25
00:34:48.768 -> 27.65, 27.78, -0.13, 0.00, 148, 110, 1.28, 86.22
00:34:49.773 -> 27.65, 27.78, -0.13, 0.00, 148, 110, 0.90, 122.19
00:34:50.813 -> 27.65, 27.78, -0.13, 0.00, 148, 110, 1.73, 63.71
00:34:51.814 -> 27.65, 27.78, -0.13, 0.00, 148, 110, 2.59, 42.46
00:34:52.855 -> 27.65, 27.78, -0.13, 0.00, 148, 110, 2.48, 44.39
00:34:53.885 -> 27.65, 27.78, -0.13, 0.00, 148, 110, 1.84, 59.81
00:34:54.878 -> 27.65, 27.78, -0.13, 0.00, 148, 110, 0.90, 122.19
00:34:55.914 -> 27.65, 27.78, -0.13, 0.00, 148, 110, 1.76, 62.35
00:34:56.947 -> 27.56, 27.78, -0.22, -0.09, 144, 0, 1.69, 0.00
00:34:57.947 -> 27.65, 27.78, -0.13, 0.09, 149, 31, 0.15, 208.00
00:34:58.972 -> 27.65, 27.78, -0.13, 0.00, 148, 110, 0.37, 293.80
00:35:00.013 -> 27.56, 27.78, -0.22, -0.09, 144, 0, 0.83, 0.00
00:35:01.020 -> 27.56, 27.78, -0.22, 0.00, 145, 49, 0.15, 328.77
00:35:02.069 -> 27.56, 27.78, -0.22, 0.00, 145, 49, 0.56, 87.16
00:35:03.065 -> 27.56, 27.78, -0.22, 0.00, 145, 49, 0.79, 62.22
00:35:04.095 -> 27.56, 27.78, -0.22, 0.00, 145, 49, 1.13, 43.53
00:35:05.116 -> 27.56, 27.78, -0.22, 0.00, 145, 49, 1.54, 31.84
00:35:06.159 -> 27.56, 27.78, -0.22, 0.00, 145, 49, 1.46, 33.48
00:35:07.182 -> 27.56, 27.78, -0.22, 0.00, 145, 49, 1.16, 42.13
00:35:08.208 -> 27.56, 27.78, -0.22, 0.00, 145, 49, 0.71, 68.78
00:35:09.228 -> 27.65, 27.78, -0.13, 0.09, 149, 31, 0.30, 103.58
00:35:10.225 -> 27.65, 27.78, -0.13, 0.00, 148, 110, 0.26, 420.29
00:35:11.260 -> 27.65, 27.78, -0.13, 0.00, 148, 110, 1.39, 79.22
00:35:12.299 -> 27.65, 27.78, -0.13, 0.00, 148, 110, 2.03, 54.27
00:35:13.303 -> 27.65, 27.78, -0.13, 0.00, 148, 110, 2.52, 43.73
00:35:14.349 -> 27.65, 27.78, -0.13, 0.00, 148, 110, 2.33, 47.26
00:35:15.347 -> 27.65, 27.78, -0.13, 0.00, 148, 110, 1.58, 69.78
00:35:16.386 -> 27.65, 27.78, -0.13, 0.00, 148, 110, 1.58, 69.78
00:35:17.403 -> 27.65, 27.78, -0.13, 0.00, 148, 110, 0.71, 154.40
00:35:18.437 -> 27.65, 27.78, -0.13, 0.00, 148, 110, 0.67, 162.99
00:35:19.440 -> 27.65, 27.78, -0.13, 0.00, 148, 110, 1.09, 101.10
00:35:20.479 -> 27.65, 27.78, -0.13, 0.00, 148, 110, 0.83, 133.31
00:35:21.515 -> 27.74, 27.78, -0.04, 0.09, 152, 0, 1.09, 0.00
00:35:22.526 -> 27.74, 27.78, -0.04, 0.00, 151, 0, 0.04, 0.00
00:35:23.536 -> 27.74, 27.78, -0.04, 0.00, 151, 0, -0.00, 0.00
00:35:24.560 -> 27.74, 27.78, -0.04, 0.00, 151, 0, 0.04, 0.00
00:35:25.577 -> 27.74, 27.78, -0.04, 0.00, 151, 0, -0.00, 0.00
00:35:26.626 -> 27.74, 27.78, -0.04, 0.00, 151, 0, -0.00, 0.00
00:35:27.651 -> 27.74, 27.78, -0.04, 0.00, 151, 0, -0.00, 0.00
00:35:28.653 -> 27.83, 27.78, 0.05, 0.09, 155, 0, 0.04, 0.00
00:35:29.686 -> 27.83, 27.78, 0.05, 0.00, 154, 0, -0.00, 0.00
00:35:30.699 -> 27.83, 27.78, 0.05, 0.00, 154, 0, -0.00, 0.00
00:35:31.735 -> 27.83, 27.78, 0.05, 0.00, 154, 0, -0.00, 0.00
00:35:32.766 -> 27.83, 27.78, 0.05, 0.00, 154, 0, -0.00, 0.00
00:35:33.766 -> 27.83, 27.78, 0.05, 0.00, 154, 0, -0.00, 0.00
00:35:34.810 -> 27.83, 27.78, 0.05, 0.00, 154, 0, -0.00, 0.00
00:35:35.821 -> 27.83, 27.78, 0.05, 0.00, 154, 0, -0.00, 0.00
00:35:36.849 -> 27.83, 27.78, 0.05, 0.00, 154, 0, 0.04, 0.00
00:35:37.875 -> 27.83, 27.78, 0.05, 0.00, 154, 0, 0.04, 0.00
00:35:38.901 -> 27.83, 27.78, 0.05, 0.00, 154, 0, -0.00, 0.00
00:35:39.901 -> 27.83, 27.78, 0.05, 0.00, 154, 0, -0.00, 0.00
00:35:40.932 -> 27.83, 27.78, 0.05, 0.00, 154, 0, 0.04, 0.00
00:35:41.982 -> 27.83, 27.78, 0.05, 0.00, 154, 0, -0.00, 0.00
00:35:42.989 -> 27.83, 27.78, 0.05, 0.00, 154, 0, -0.00, 0.00
00:35:44.002 -> 27.83, 27.78, 0.05, 0.00, 154, 0, -0.00, 0.00
00:35:45.026 -> 27.83, 27.78, 0.05, 0.00, 154, 0, 0.04, 0.00
00:35:46.042 -> 27.92, 27.78, 0.14, 0.09, 155, 0, -0.00, 0.00
00:35:47.088 -> 27.83, 27.78, 0.05, -0.09, 153, 0, 0.04, 0.00
00:35:48.095 -> 27.83, 27.78, 0.05, 0.00, 154, 0, -0.00, 0.00
00:35:49.131 -> 27.83, 27.78, 0.05, 0.00, 154, 0, -0.00, 0.00
00:35:50.159 -> 27.83, 27.78, 0.05, 0.00, 154, 0, -0.00, 0.00
00:35:51.172 -> 27.83, 27.78, 0.05, 0.00, 154, 0, 0.04, 0.00
00:35:52.190 -> 27.83, 27.78, 0.05, 0.00, 154, 0, -0.00, 0.00
00:35:53.208 -> 27.83, 27.78, 0.05, 0.00, 154, 0, -0.00, 0.00
00:35:54.232 -> 27.83, 27.78, 0.05, 0.00, 154, 0, -0.00, 0.00
00:35:55.249 -> 27.83, 27.78, 0.05, 0.00, 154, 0, -0.00, 0.00
00:35:56.270 -> 27.83, 27.78, 0.05, 0.00, 154, 0, 0.04, 0.00
00:35:57.324 -> 27.83, 27.78, 0.05, 0.00, 154, 0, 0.04, 0.00
00:35:58.320 -> 27.83, 27.78, 0.05, 0.00, 154, 0, -0.00, 0.00
00:35:59.359 -> 27.83, 27.78, 0.05, 0.00, 154, 0, 0.04, 0.00
00:36:00.384 -> 27.83, 27.78, 0.05, 0.00, 154, 0, -0.00, 0.00
00:36:01.405 -> 27.83, 27.78, 0.05, 0.00, 154, 0, 0.04, 0.00
00:36:02.439 -> 27.83, 27.78, 0.05, 0.00, 154, 0, -0.00, 0.00
00:36:03.435 -> 27.83, 27.78, 0.05, 0.00, 154, 0, -0.00, 0.00
00:36:04.470 -> 27.83, 27.78, 0.05, 0.00, 154, 0, -0.00, 0.00
00:36:05.508 -> 27.83, 27.78, 0.05, 0.00, 154, 0, -0.00, 0.00
00:36:06.512 -> 27.83, 27.78, 0.05, 0.00, 154, 0, -0.00, 0.00
00:36:07.533 -> 27.83, 27.78, 0.05, 0.00, 154, 0, -0.00, 0.00
00:36:08.551 -> 27.83, 27.78, 0.05, 0.00, 154, 0, 0.04, 0.00
00:36:09.586 -> 27.83, 27.78, 0.05, 0.00, 154, 0, -0.00, 0.00
00:36:20.554 -> 27.83, 27.78, 0.05, 0.00, 154, 0, -0.00, 0.00
00:36:20.554 -> 27.83, 27.78, 0.05, 0.00, 154, 0, -0.00, 0.00
00:36:20.554 -> 27.83, 27.78, 0.05, 0.00, 154, 0, 0.04, 0.00
00:36:20.554 -> 27.83, 27.78, 0.05, 0.00, 154, 0, -0.00, 0.00
00:36:20.554 -> 27.83, 27.78, 0.05, 0.00, 154, 0, -0.00, 0.00
00:36:20.554 -> 27.83, 27.78, 0.05, 0.00, 154, 0, -0.00, 0.00
00:36:20.554 -> 27.83, 27.78, 0.05, 0.00, 154, 0, -0.00, 0.00
00:36:20.554 -> 27.83, 27.78, 0.05, 0.00, 154, 0, -0.00, 0.00
00:36:20.554 -> 27.83, 27.78, 0.05, 0.00, 154, 0, -0.00, 0.00
00:36:20.554 -> 27.83, 27.78, 0.05, 0.00, 154, 0, 0.04, 0.00
00:36:25.179 -> 27.83, 27.78, 0.05, 0.00, 154, 0, -0.00, 0.00
00:36:25.179 -> 27.83, 27.78, 0.05, 0.00, 154, 0, -0.00, 0.00
00:36:25.179 -> 27.83, 27.78, 0.05, 0.00, 154, 0, -0.00, 0.00
00:36:25.179 -> 27.83, 27.78, 0.05, 0.00, 154, 0, -0.00, 0.00
00:36:25.179 -> 27.83, 27.78, 0.05, 0.00, 154, 0, -0.00, 0.00
00:36:26.620 -> 27.74, 27.78, -0.04, -0.09, 150, 0, 0.04, 0.00
00:36:26.962 -> 27.74, 27.78, -0.04, 0.00, 151, 0, -0.00, 0.00
00:36:28.209 -> 27.74, 27.78, -0.04, 0.00, 151, 0, -0.00, 0.00
00:36:31.461 -> 27.74, 27.78, -0.04, 0.00, 151, 0, -0.00, 0.00
00:36:31.461 -> 27.74, 27.78, -0.04, 0.00, 151, 0, -0.00, 0.00
00:36:31.461 -> 27.74, 27.78, -0.04, 0.00, 151, 0, 0.04, 0.00
00:36:34.149 -> 27.74, 27.78, -0.04, 0.00, 151, 0, -0.00, 0.00
00:36:34.149 -> 27.74, 27.78, -0.04, 0.00, 151, 0, 0.04, 0.00
00:36:34.149 -> 27.74, 27.78, -0.04, 0.00, 151, 0, -0.00, 0.00
00:36:36.008 -> 27.74, 27.78, -0.04, 0.00, 151, 0, 0.04, 0.00
00:36:37.399 -> 27.74, 27.78, -0.04, 0.00, 151, 0, -0.00, 0.00
00:36:37.399 -> 27.74, 27.78, -0.04, 0.00, 151, 0, -0.00, 0.00
00:36:41.296 -> 27.74, 27.78, -0.04, 0.00, 151, 0, 0.04, 0.00
00:36:41.296 -> 27.74, 27.78, -0.04, 0.00, 151, 0, -0.00, 0.00
00:36:41.296 -> 27.74, 27.78, -0.04, 0.00, 151, 0, 0.04, 0.00
00:36:41.296 -> 27.74, 27.78, -0.04, 0.00, 151, 0, -0.00, 0.00
00:36:51.328 -> 27.74, 27.78, -0.04, 0.00, 151, 0, -0.00, 0.00
00:36:51.328 -> 27.74, 27.78, -0.04, 0.00, 151, 0, -0.00, 0.00
00:36:51.328 -> 27.74, 27.78, -0.04, 0.00, 151, 0, -0.00, 0.00
00:36:51.328 -> 27.74, 27.78, -0.04, 0.00, 151, 0, -0.00, 0.00
00:36:51.328 -> 27.74, 27.78, -0.04, 0.00, 151, 0, -0.00, 0.00
00:36:51.328 -> 27.74, 27.78, -0.04, 0.00, 151, 0, -0.00, 0.00
00:36:51.328 -> 27.74, 27.78, -0.04, 0.00, 151, 0, -0.00, 0.00
00:36:51.328 -> 27.74, 27.78, -0.04, 0.00, 151, 0, -0.00, 0.00
00:36:51.328 -> 27.74, 27.78, -0.04, 0.00, 151, 0, -0.00, 0.00
00:37:01.361 -> 27.74, 27.78, -0.04, 0.00, 151, 0, -0.00, 0.00
00:37:01.361 -> 27.74, 27.78, -0.04, 0.00, 151, 0, 0.04, 0.00
00:37:01.361 -> 27.74, 27.78, -0.04, 0.00, 151, 0, -0.00, 0.00
00:37:01.361 -> 27.74, 27.78, -0.04, 0.00, 151, 0, 0.04, 0.00
00:37:01.361 -> 27.74, 27.78, -0.04, 0.00, 151, 0, 0.04, 0.00
00:37:01.361 -> 27.74, 27.78, -0.04, 0.00, 151, 0, 0.04, 0.00
00:37:01.361 -> 27.74, 27.78, -0.04, 0.00, 151, 0, 0.04, 0.00
00:37:01.361 -> 27.74, 27.78, -0.04, 0.00, 151, 0, -0.00, 0.00
00:37:01.361 -> 27.74, 27.78, -0.04, 0.00, 151, 0, 0.04, 0.00
00:37:01.361 -> 27.74, 27.78, -0.04, 0.00, 151, 0, 0.04, 0.00
00:37:11.395 -> 27.74, 27.78, -0.04, 0.00, 151, 0, 0.04, 0.00
00:37:11.395 -> 27.74, 27.78, -0.04, 0.00, 151, 0, -0.00, 0.00
00:37:11.395 -> 27.74, 27.78, -0.04, 0.00, 151, 0, -0.00, 0.00
00:37:11.395 -> 27.74, 27.78, -0.04, 0.00, 151, 0, -0.00, 0.00
00:37:11.395 -> 27.74, 27.78, -0.04, 0.00, 151, 0, 0.04, 0.00
00:37:11.395 -> 27.74, 27.78, -0.04, 0.00, 151, 0, 0.04, 0.00
00:37:11.395 -> 27.74, 27.78, -0.04, 0.00, 151, 0, 0.04, 0.00
00:37:11.395 -> 27.74, 27.78, -0.04, 0.00, 151, 0, -0.00, 0.00
00:37:11.395 -> 27.74, 27.78, -0.04, 0.00, 151, 0, 0.04, 0.00
00:37:11.395 -> 27.74, 27.78, -0.04, 0.00, 151, 0, 0.04, 0.00
00:37:21.428 -> 27.74, 27.78, -0.04, 0.00, 151, 0, -0.00, 0.00
00:37:21.428 -> 27.65, 27.78, -0.13, -0.09, 147, 0, 0.04, 0.00
00:37:21.428 -> 27.74, 27.78, -0.04, 0.09, 152, 0, -0.00, 0.00
00:37:21.428 -> 27.65, 27.78, -0.13, -0.09, 147, 0, -0.00, 0.00
00:37:21.428 -> 27.74, 27.78, -0.04, 0.09, 152, 0, 0.04, 0.00
00:37:21.428 -> 27.65, 27.78, -0.13, -0.09, 147, 0, -0.00, 0.00
00:37:21.428 -> 27.65, 27.78, -0.13, 0.00, 148, 110, -0.00, -91703.83
00:37:21.428 -> 27.65, 27.78, -0.13, 0.00, 148, 110, 2.52, 43.73
00:37:21.428 -> 27.65, 27.78, -0.13, 0.00, 148, 110, 2.18, 50.52
00:37:21.428 -> 27.65, 27.78, -0.13, 0.00, 148, 110, 2.37, 46.51
00:37:27.676 -> 27.65, 27.78, -0.13, 0.00, 148, 110, 1.01, 108.60
00:37:27.676 -> 27.65, 27.78, -0.13, 0.00, 148, 110, 1.01, 108.60
00:37:27.676 -> 27.65, 27.78, -0.13, 0.00, 148, 110, 1.01, 108.60
00:37:27.676 -> 27.65, 27.78, -0.13, 0.00, 148, 110, 1.35, 81.42
00:37:27.676 -> 27.65, 27.78, -0.13, 0.00, 148, 110, 2.06, 53.28
00:37:27.676 -> 27.65, 27.78, -0.13, 0.00, 148, 110, 2.52, 43.73
00:37:28.363 -> 27.65, 27.78, -0.13, 0.00, 148, 110, 2.10, 52.33
00:37:29.392 -> 27.65, 27.78, -0.13, 0.00, 148, 110, 1.61, 68.16
00:37:30.404 -> 27.65, 27.78, -0.13, 0.00, 148, 110, 1.16, 94.57
00:37:31.440 -> 27.65, 27.78, -0.13, 0.00, 148, 110, 0.90, 122.19
00:37:32.473 -> 27.65, 27.78, -0.13, 0.00, 148, 110, 1.24, 88.83
00:37:33.472 -> 27.65, 27.78, -0.13, 0.00, 148, 110, 2.18, 50.52
00:37:34.492 -> 27.65, 27.78, -0.13, 0.00, 148, 110, 2.63, 41.86
00:37:35.544 -> 27.65, 27.78, -0.13, 0.00, 148, 110, 2.03, 54.27
00:37:36.542 -> 27.65, 27.78, -0.13, 0.00, 148, 110, 0.90, 122.19
00:37:37.591 -> 27.65, 27.78, -0.13, 0.00, 148, 110, 0.71, 154.40
00:37:38.600 -> 27.74, 27.78, -0.04, 0.09, 152, 0, 0.64, 0.00
00:37:39.611 -> 27.74, 27.78, -0.04, 0.00, 151, 0, -0.00, 0.00
00:37:40.651 -> 27.74, 27.78, -0.04, 0.00, 151, 0, -0.00, 0.00
00:37:41.681 -> 27.74, 27.78, -0.04, 0.00, 151, 0, 0.04, 0.00
00:37:42.705 -> 27.74, 27.78, -0.04, 0.00, 151, 0, -0.00, 0.00
00:37:43.693 -> 27.74, 27.78, -0.04, 0.00, 151, 0, -0.00, 0.00
00:37:44.744 -> 27.83, 27.78, 0.05, 0.09, 155, 0, 0.04, 0.00
00:37:45.767 -> 27.83, 27.78, 0.05, 0.00, 154, 0, 0.04, 0.00
00:37:46.791 -> 27.83, 27.78, 0.05, 0.00, 154, 0, -0.00, 0.00
00:37:47.814 -> 27.83, 27.78, 0.05, 0.00, 154, 0, -0.00, 0.00
00:37:48.826 -> 27.83, 27.78, 0.05, 0.00, 154, 0, 0.04, 0.00
00:37:49.853 -> 27.83, 27.78, 0.05, 0.00, 154, 0, -0.00, 0.00
00:37:50.887 -> 27.83, 27.78, 0.05, 0.00, 154, 0, -0.00, 0.00
00:37:51.882 -> 27.83, 27.78, 0.05, 0.00, 154, 0, 0.04, 0.00
00:37:52.907 -> 27.83, 27.78, 0.05, 0.00, 154, 0, 0.04, 0.00
00:37:53.947 -> 27.83, 27.78, 0.05, 0.00, 154, 0, -0.00, 0.00
00:37:54.950 -> 27.92, 27.78, 0.14, 0.09, 155, 0, -0.00, 0.00
00:37:55.972 -> 27.92, 27.78, 0.14, 0.00, 154, 0, -0.00, 0.00
00:37:57.010 -> 27.92, 27.78, 0.14, 0.00, 154, 0, -0.00, 0.00
00:37:58.048 -> 27.92, 27.78, 0.14, 0.00, 154, 0, -0.00, 0.00
00:37:59.062 -> 27.92, 27.78, 0.14, 0.00, 154, 0, -0.00, 0.00
00:38:00.067 -> 27.92, 27.78, 0.14, 0.00, 154, 0, -0.00, 0.00
00:38:01.118 -> 27.92, 27.78, 0.14, 0.00, 154, 0, -0.00, 0.00
00:38:02.138 -> 27.92, 27.78, 0.14, 0.00, 154, 0, -0.00, 0.00
00:38:03.168 -> 27.92, 27.78, 0.14, 0.00, 154, 0, -0.00, 0.00
00:38:04.154 -> 27.92, 27.78, 0.14, 0.00, 154, 0, -0.00, 0.00
00:38:05.181 -> 27.92, 27.78, 0.14, 0.00, 154, 0, -0.00, 0.00
00:38:06.208 -> 27.92, 27.78, 0.14, 0.00, 154, 0, 0.04, 0.00
00:38:07.253 -> 27.92, 27.78, 0.14, 0.00, 154, 0, -0.00, 0.00
00:38:08.252 -> 27.92, 27.78, 0.14, 0.00, 154, 0, 0.04, 0.00
00:38:09.301 -> 27.92, 27.78, 0.14, 0.00, 154, 0, 0.04, 0.00
00:38:10.313 -> 27.92, 27.78, 0.14, 0.00, 154, 0, 0.04, 0.00
00:38:17.190 -> 27.92, 27.78, 0.14, 0.00, 154, 0, -0.00, 0.00
00:38:17.190 -> 27.92, 27.78, 0.14, 0.00, 154, 0, -0.00, 0.00
00:38:17.190 -> 27.92, 27.78, 0.14, 0.00, 154, 0, 0.04, 0.00
00:38:17.190 -> 27.92, 27.78, 0.14, 0.00, 154, 0, -0.00, 0.00
00:38:17.190 -> 27.92, 27.78, 0.14, 0.00, 154, 0, 0.04, 0.00
00:38:17.190 -> 27.92, 27.78, 0.14, 0.00, 154, 0, -0.00, 0.00
00:38:27.222 -> 27.83, 27.78, 0.05, -0.09, 153, 0, 0.04, 0.00
00:38:27.222 -> 27.83, 27.78, 0.05, 0.00, 154, 0, -0.00, 0.00
00:38:27.222 -> 27.83, 27.78, 0.05, 0.00, 154, 0, -0.00, 0.00
00:38:27.222 -> 27.83, 27.78, 0.05, 0.00, 154, 0, 0.04, 0.00
00:38:27.222 -> 27.83, 27.78, 0.05, 0.00, 154, 0, -0.00, 0.00
00:38:27.222 -> 27.83, 27.78, 0.05, 0.00, 154, 0, -0.00, 0.00
00:38:27.222 -> 27.83, 27.78, 0.05, 0.00, 154, 0, -0.00, 0.00
00:38:27.222 -> 27.83, 27.78, 0.05, 0.00, 154, 0, -0.00, 0.00
00:38:27.222 -> 27.83, 27.78, 0.05, 0.00, 154, 0, -0.00, 0.00
00:38:27.222 -> 27.83, 27.78, 0.05, 0.00, 154, 0, -0.00, 0.00
00:38:37.255 -> 27.83, 27.78, 0.05, 0.00, 154, 0, -0.00, 0.00
00:38:37.255 -> 27.83, 27.78, 0.05, 0.00, 154, 0, 0.04, 0.00
00:38:37.255 -> 27.83, 27.78, 0.05, 0.00, 154, 0, -0.00, 0.00
00:38:37.255 -> 27.83, 27.78, 0.05, 0.00, 154, 0, -0.00, 0.00
00:38:37.255 -> 27.83, 27.78, 0.05, 0.00, 154, 0, -0.00, 0.00
00:38:37.255 -> 27.83, 27.78, 0.05, 0.00, 154, 0, -0.00, 0.00
00:38:37.255 -> 27.83, 27.78, 0.05, 0.00, 154, 0, 0.04, 0.00
00:38:37.255 -> 27.83, 27.78, 0.05, 0.00, 154, 0, -0.00, 0.00
00:38:37.255 -> 27.83, 27.78, 0.05, 0.00, 154, 0, -0.00, 0.00
00:38:37.255 -> 27.83, 27.78, 0.05, 0.00, 154, 0, -0.00, 0.00
00:38:47.288 -> 27.83, 27.78, 0.05, 0.00, 154, 0, 0.04, 0.00
00:38:47.288 -> 27.83, 27.78, 0.05, 0.00, 154, 0, 0.04, 0.00
00:38:47.288 -> 27.83, 27.78, 0.05, 0.00, 154, 0, 0.04, 0.00
00:38:47.288 -> 27.83, 27.78, 0.05, 0.00, 154, 0, -0.00, 0.00
00:38:47.288 -> 27.83, 27.78, 0.05, 0.00, 154, 0, 0.04, 0.00
00:38:47.288 -> 27.83, 27.78, 0.05, 0.00, 154, 0, -0.00, 0.00
00:38:47.288 -> 27.83, 27.78, 0.05, 0.00, 154, 0, -0.00, 0.00
00:38:47.288 -> 27.83, 27.78, 0.05, 0.00, 154, 0, -0.00, 0.00
00:38:47.288 -> 27.83, 27.78, 0.05, 0.00, 154, 0, -0.00, 0.00
00:38:47.288 -> 27.83, 27.78, 0.05, 0.00, 154, 0, -0.00, 0.00
00:38:57.322 -> 27.83, 27.78, 0.05, 0.00, 154, 0, 0.04, 0.00
00:38:57.322 -> 27.83, 27.78, 0.05, 0.00, 154, 0, -0.00, 0.00
00:38:57.322 -> 27.83, 27.78, 0.05, 0.00, 154, 0, 0.04, 0.00
00:38:57.322 -> 27.83, 27.78, 0.05, 0.00, 154, 0, 0.04, 0.00
00:38:57.322 -> 27.83, 27.78, 0.05, 0.00, 154, 0, -0.00, 0.00
00:38:57.322 -> 27.83, 27.78, 0.05, 0.00, 154, 0, -0.00, 0.00
00:38:57.322 -> 27.83, 27.78, 0.05, 0.00, 154, 0, 0.04, 0.00
00:38:57.322 -> 27.83, 27.78, 0.05, 0.00, 154, 0, 0.04, 0.00
00:38:57.322 -> 27.74, 27.78, -0.04, -0.09, 150, 0, -0.00, 0.00
00:39:07.355 -> 27.74, 27.78, -0.04, 0.00, 151, 0, 0.04, 0.00
00:39:07.355 -> 27.74, 27.78, -0.04, 0.00, 151, 0, 0.04, 0.00
00:39:07.355 -> 27.74, 27.78, -0.04, 0.00, 151, 0, 0.04, 0.00
00:39:07.355 -> 27.74, 27.78, -0.04, 0.00, 151, 0, -0.00, 0.00
00:39:07.355 -> 27.74, 27.78, -0.04, 0.00, 151, 0, 0.04, 0.00
00:39:07.355 -> 27.74, 27.78, -0.04, 0.00, 151, 0, -0.00, 0.00
00:39:07.355 -> 27.74, 27.78, -0.04, 0.00, 151, 0, 0.04, 0.00
00:39:07.355 -> 27.74, 27.78, -0.04, 0.00, 151, 0, -0.00, 0.00
00:39:07.355 -> 27.74, 27.78, -0.04, 0.00, 151, 0, 0.04, 0.00
00:39:07.355 -> 27.74, 27.78, -0.04, 0.00, 151, 0, -0.00, 0.00
00:39:17.389 -> 27.74, 27.78, -0.04, 0.00, 151, 0, -0.00, 0.00
00:39:17.389 -> 27.74, 27.78, -0.04, 0.00, 151, 0, 0.04, 0.00
00:39:17.389 -> 27.74, 27.78, -0.04, 0.00, 151, 0, -0.00, 0.00
00:39:17.389 -> 27.74, 27.78, -0.04, 0.00, 151, 0, -0.00, 0.00
00:39:17.389 -> 27.74, 27.78, -0.04, 0.00, 151, 0, -0.00, 0.00
00:39:17.389 -> 27.74, 27.78, -0.04, 0.00, 151, 0, -0.00, 0.00
00:39:17.389 -> 27.74, 27.78, -0.04, 0.00, 151, 0, -0.00, 0.00
00:39:17.389 -> 27.74, 27.78, -0.04, 0.00, 151, 0, -0.00, 0.00
00:39:17.389 -> 27.74, 27.78, -0.04, 0.00, 151, 0, -0.00, 0.00
00:39:17.389 -> 27.74, 27.78, -0.04, 0.00, 151, 0, 0.04, 0.00
00:39:17.889 -> 27.74, 27.78, -0.04, 0.00, 151, 0, -0.00, 0.00
00:39:27.935 -> 27.74, 27.78, -0.04, 0.00, 151, 0, -0.00, 0.00
00:39:27.935 -> 27.74, 27.78, -0.04, 0.00, 151, 0, -0.00, 0.00
00:39:27.935 -> 27.74, 27.78, -0.04, 0.00, 151, 0, 0.04, 0.00
00:39:27.935 -> 27.74, 27.78, -0.04, 0.00, 151, 0, 0.04, 0.00
00:39:27.935 -> 27.74, 27.78, -0.04, 0.00, 151, 0, -0.00, 0.00
00:39:27.935 -> 27.74, 27.78, -0.04, 0.00, 151, 0, -0.00, 0.00
00:39:27.935 -> 27.74, 27.78, -0.04, 0.00, 151, 0, 0.04, 0.00
00:39:27.935 -> 27.74, 27.78, -0.04, 0.00, 151, 0, -0.00, 0.00
00:39:27.935 -> 27.74, 27.78, -0.04, 0.00, 151, 0, -0.00, 0.00
00:39:33.876 -> 27.74, 27.78, -0.04, 0.00, 151, 0, 0.04, 0.00
00:39:33.876 -> 27.74, 27.78, -0.04, 0.00, 151, 0, 0.04, 0.00
00:39:33.876 -> 27.74, 27.78, -0.04, 0.00, 151, 0, -0.00, 0.00
00:39:33.876 -> 27.74, 27.78, -0.04, 0.00, 151, 0, -0.00, 0.00
00:39:33.876 -> 27.74, 27.78, -0.04, 0.00, 151, 0, -0.00, 0.00
00:39:33.876 -> 27.74, 27.78, -0.04, 0.00, 151, 0, -0.00, 0.00
00:39:36.055 -> 27.74, 27.78, -0.04, 0.00, 151, 0, 0.04, 0.00
00:39:36.055 -> 27.74, 27.78, -0.04, 0.00, 151, 0, 0.04, 0.00
00:39:39.649 -> 27.65, 27.78, -0.13, -0.09, 147, 0, -0.00, 0.00
00:39:39.649 -> 27.65, 27.78, -0.13, 0.00, 148, 110, 0.04, 3025.25
00:39:39.649 -> 27.65, 27.78, -0.13, 0.00, 148, 110, 2.55, 43.09
00:39:39.649 -> 27.65, 27.78, -0.13, 0.00, 148, 110, 1.95, 56.35
00:39:43.605 -> 27.65, 27.78, -0.13, 0.00, 148, 110, 1.50, 73.27
00:39:43.605 -> 27.65, 27.78, -0.13, 0.00, 148, 110, 0.75, 146.67
00:39:43.605 -> 27.65, 27.78, -0.13, 0.00, 148, 110, 1.16, 94.57
00:39:43.605 -> 27.65, 27.78, -0.13, 0.00, 148, 110, 1.24, 88.83
00:39:47.460 -> 27.65, 27.78, -0.13, 0.00, 148, 110, 1.76, 62.35
00:39:47.460 -> 27.65, 27.78, -0.13, 0.00, 148, 110, 2.25, 48.84
00:39:47.460 -> 27.65, 27.78, -0.13, 0.00, 148, 110, 0.86, 127.51
00:39:54.355 -> 27.65, 27.78, -0.13, 0.00, 148, 110, 0.98, 112.78
00:39:54.355 -> 27.65, 27.78, -0.13, 0.00, 148, 110, 2.10, 52.33
00:39:54.355 -> 27.65, 27.78, -0.13, 0.00, 148, 110, 2.10, 52.33
00:39:54.355 -> 27.65, 27.78, -0.13, 0.00, 148, 110, 0.67, 162.99
00:39:54.355 -> 27.65, 27.78, -0.13, 0.00, 148, 110, 1.01, 108.60
00:39:54.355 -> 27.65, 27.78, -0.13, 0.00, 148, 110, 1.24, 88.83
00:39:54.355 -> 27.65, 27.78, -0.13, 0.00, 148, 110, 1.58, 69.78
00:39:56.121 -> 27.65, 27.78, -0.13, 0.00, 148, 110, 2.14, 51.41
00:39:56.121 -> 27.65, 27.78, -0.13, 0.00, 148, 110, 2.37, 46.51
00:40:00.703 -> 27.74, 27.78, -0.04, 0.09, 152, 0, 2.55, 0.00
00:40:00.703 -> 27.74, 27.78, -0.04, 0.00, 151, 0, -0.00, 0.00
00:40:00.703 -> 27.74, 27.78, -0.04, 0.00, 151, 0, -0.00, 0.00
00:40:00.703 -> 27.74, 27.78, -0.04, 0.00, 151, 0, 0.04, 0.00
00:40:05.467 -> 27.74, 27.78, -0.04, 0.00, 151, 0, 0.04, 0.00
00:40:05.467 -> 27.74, 27.78, -0.04, 0.00, 151, 0, -0.00, 0.00
00:40:05.467 -> 27.74, 27.78, -0.04, 0.00, 151, 0, -0.00, 0.00
00:40:05.467 -> 27.83, 27.78, 0.05, 0.09, 155, 0, 0.04, 0.00
00:40:05.467 -> 27.83, 27.78, 0.05, 0.00, 154, 0, -0.00, 0.00
00:40:08.363 -> 27.83, 27.78, 0.05, 0.00, 154, 0, -0.00, 0.00
00:40:08.363 -> 27.83, 27.78, 0.05, 0.00, 154, 0, 0.04, 0.00
00:40:08.363 -> 27.83, 27.78, 0.05, 0.00, 154, 0, -0.00, 0.00
00:40:09.790 -> 27.83, 27.78, 0.05, 0.00, 154, 0, 0.04, 0.00
00:40:11.226 -> 27.83, 27.78, 0.05, 0.00, 154, 0, -0.00, 0.00
00:40:11.226 -> 27.83, 27.78, 0.05, 0.00, 154, 0, 0.04, 0.00
00:40:12.716 -> 27.83, 27.78, 0.05, 0.00, 154, 0, 0.04, 0.00
00:40:16.101 -> 27.83, 27.78, 0.05, 0.00, 154, 0, 0.04, 0.00
00:40:16.101 -> 27.92, 27.78, 0.14, 0.09, 155, 0, -0.00, 0.00
00:40:16.101 -> 27.92, 27.78, 0.14, 0.00, 154, 0, -0.00, 0.00
00:40:17.658 -> 27.83, 27.78, 0.05, -0.09, 153, 0, -0.00, 0.00
00:40:17.658 -> 27.92, 27.78, 0.14, 0.09, 155, 0, -0.00, 0.00
00:40:18.859 -> 27.92, 27.78, 0.14, 0.00, 154, 0, -0.00, 0.00
00:40:20.973 -> 27.92, 27.78, 0.14, 0.00, 154, 0, 0.04, 0.00
00:40:20.973 -> 27.92, 27.78, 0.14, 0.00, 154, 0, 0.04, 0.00
00:40:23.042 -> 27.92, 27.78, 0.14, 0.00, 154, 0, -0.00, 0.00
00:40:23.042 -> 27.92, 27.78, 0.14, 0.00, 154, 0, -0.00, 0.00
00:40:25.366 -> 27.92, 27.78, 0.14, 0.00, 154, 0, -0.00, 0.00
00:40:25.366 -> 27.92, 27.78, 0.14, 0.00, 154, 0, 0.04, 0.00
00:40:25.366 -> 27.92, 27.78, 0.14, 0.00, 154, 0, 0.04, 0.00
00:40:27.143 -> 27.92, 27.78, 0.14, 0.00, 154, 0, -0.00, 0.00
00:40:29.692 -> 27.92, 27.78, 0.14, 0.00, 154, 0, 0.04, 0.00
00:40:29.692 -> 27.92, 27.78, 0.14, 0.00, 154, 0, -0.00, 0.00
00:40:29.692 -> 27.92, 27.78, 0.14, 0.00, 154, 0, -0.00, 0.00
00:40:31.522 -> 27.83, 27.78, 0.05, -0.09, 153, 0, 0.04, 0.00
00:40:31.522 -> 27.83, 27.78, 0.05, 0.00, 154, 0, -0.00, 0.00
00:40:41.554 -> 27.83, 27.78, 0.05, 0.00, 154, 0, 0.04, 0.00
00:40:41.554 -> 27.83, 27.78, 0.05, 0.00, 154, 0, 0.04, 0.00
00:40:41.554 -> 27.83, 27.78, 0.05, 0.00, 154, 0, 0.04, 0.00
00:40:41.554 -> 27.83, 27.78, 0.05, 0.00, 154, 0, 0.04, 0.00
00:40:41.554 -> 27.83, 27.78, 0.05, 0.00, 154, 0, 0.04, 0.00
00:40:41.554 -> 27.83, 27.78, 0.05, 0.00, 154, 0, -0.00, 0.00
00:40:41.554 -> 27.83, 27.78, 0.05, 0.00, 154, 0, 0.04, 0.00
00:40:41.554 -> 27.83, 27.78, 0.05, 0.00, 154, 0, -0.00, 0.00
00:40:41.554 -> 27.83, 27.78, 0.05, 0.00, 154, 0, -0.00, 0.00
00:40:43.616 -> 27.83, 27.78, 0.05, 0.00, 154, 0, -0.00, 0.00
00:40:43.616 -> 27.83, 27.78, 0.05, 0.00, 154, 0, 0.04, 0.00
00:40:43.795 -> 27.83, 27.78, 0.05, 0.00, 154, 0, -0.00, 0.00
00:40:44.803 -> 27.83, 27.78, 0.05, 0.00, 154, 0, 0.04, 0.00
00:40:45.824 -> 27.83, 27.78, 0.05, 0.00, 154, 0, 0.04, 0.00
00:40:46.844 -> 27.83, 27.78, 0.05, 0.00, 154, 0, -0.00, 0.00
00:40:47.884 -> 27.83, 27.78, 0.05, 0.00, 154, 0, -0.00, 0.00
00:40:48.875 -> 27.83, 27.78, 0.05, 0.00, 154, 0, 0.04, 0.00
00:40:49.909 -> 27.83, 27.78, 0.05, 0.00, 154, 0, -0.00, 0.00
00:40:50.928 -> 27.83, 27.78, 0.05, 0.00, 154, 0, -0.00, 0.00
00:40:51.955 -> 27.83, 27.78, 0.05, 0.00, 154, 0, -0.00, 0.00
00:40:52.983 -> 27.83, 27.78, 0.05, 0.00, 154, 0, 0.04, 0.00
00:40:54.012 -> 27.83, 27.78, 0.05, 0.00, 154, 0, -0.00, 0.00
00:40:55.019 -> 27.83, 27.78, 0.05, 0.00, 154, 0, -0.00, 0.00
00:40:56.056 -> 27.83, 27.78, 0.05, 0.00, 154, 0, -0.00, 0.00
00:40:57.067 -> 27.83, 27.78, 0.05, 0.00, 154, 0, -0.00, 0.00
00:40:58.100 -> 27.83, 27.78, 0.05, 0.00, 154, 0, -0.00, 0.00
00:40:59.111 -> 27.83, 27.78, 0.05, 0.00, 154, 0, 0.04, 0.00
00:41:00.137 -> 27.83, 27.78, 0.05, 0.00, 154, 0, -0.00, 0.00
00:41:01.160 -> 27.74, 27.78, -0.04, -0.09, 150, 0, -0.00, 0.00
00:41:02.212 -> 27.74, 27.78, -0.04, 0.00, 151, 0, -0.00, 0.00
00:41:03.232 -> 27.74, 27.78, -0.04, 0.00, 151, 0, -0.00, 0.00
00:41:04.238 -> 27.74, 27.78, -0.04, 0.00, 151, 0, -0.00, 0.00
00:41:05.272 -> 27.74, 27.78, -0.04, 0.00, 151, 0, 0.04, 0.00
00:41:06.280 -> 27.74, 27.78, -0.04, 0.00, 151, 0, 0.04, 0.00
00:41:07.296 -> 27.74, 27.78, -0.04, 0.00, 151, 0, 0.04, 0.00
00:41:08.336 -> 27.83, 27.78, 0.05, 0.09, 155, 0, 0.04, 0.00
00:41:09.362 -> 27.74, 27.78, -0.04, -0.09, 150, 0, -0.00, 0.00
00:41:10.369 -> 27.74, 27.78, -0.04, 0.00, 151, 0, -0.00, 0.00
00:41:11.388 -> 27.74, 27.78, -0.04, 0.00, 151, 0, -0.00, 0.00
00:41:12.412 -> 27.74, 27.78, -0.04, 0.00, 151, 0, 0.04, 0.00
00:41:13.459 -> 27.74, 27.78, -0.04, 0.00, 151, 0, -0.00, 0.00
00:41:14.465 -> 27.74, 27.78, -0.04, 0.00, 151, 0, -0.00, 0.00
00:41:15.483 -> 27.74, 27.78, -0.04, 0.00, 151, 0, -0.00, 0.00
00:41:16.504 -> 27.74, 27.78, -0.04, 0.00, 151, 0, -0.00, 0.00
00:41:17.554 -> 27.74, 27.78, -0.04, 0.00, 151, 0, -0.00, 0.00
00:41:18.569 -> 27.74, 27.78, -0.04, 0.00, 151, 0, 0.04, 0.00
00:41:19.588 -> 27.74, 27.78, -0.04, 0.00, 151, 0, -0.00, 0.00
00:41:20.613 -> 27.74, 27.78, -0.04, 0.00, 151, 0, 0.04, 0.00
00:41:21.625 -> 27.74, 27.78, -0.04, 0.00, 151, 0, -0.00, 0.00
00:41:22.654 -> 27.74, 27.78, -0.04, 0.00, 151, 0, -0.00, 0.00
00:41:23.686 -> 27.74, 27.78, -0.04, 0.00, 151, 0, -0.00, 0.00
00:41:24.710 -> 27.74, 27.78, -0.04, 0.00, 151, 0, -0.00, 0.00
00:41:25.735 -> 27.74, 27.78, -0.04, 0.00, 151, 0, 0.04, 0.00
00:41:26.749 -> 27.74, 27.78, -0.04, 0.00, 151, 0, -0.00, 0.00
00:41:27.774 -> 27.74, 27.78, -0.04, 0.00, 151, 0, -0.00, 0.00
00:41:28.793 -> 27.74, 27.78, -0.04, 0.00, 151, 0, -0.00, 0.00
00:41:29.809 -> 27.74, 27.78, -0.04, 0.00, 151, 0, 0.04, 0.00
00:41:30.825 -> 27.74, 27.78, -0.04, 0.00, 151, 0, -0.00, 0.00
00:41:31.849 -> 27.74, 27.78, -0.04, 0.00, 151, 0, -0.00, 0.00
00:41:32.882 -> 27.74, 27.78, -0.04, 0.00, 151, 0, 0.04, 0.00
00:41:33.910 -> 27.74, 27.78, -0.04, 0.00, 151, 0, -0.00, 0.00
00:41:34.941 -> 27.74, 27.78, -0.04, 0.00, 151, 0, -0.00, 0.00
00:41:35.967 -> 27.74, 27.78, -0.04, 0.00, 151, 0, -0.00, 0.00
00:41:36.962 -> 27.74, 27.78, -0.04, 0.00, 151, 0, 0.04, 0.00
00:41:38.016 -> 27.74, 27.78, -0.04, 0.00, 151, 0, -0.00, 0.00
00:41:39.022 -> 27.74, 27.78, -0.04, 0.00, 151, 0, -0.00, 0.00
00:41:40.059 -> 27.74, 27.78, -0.04, 0.00, 151, 0, 0.04, 0.00
00:41:41.072 -> 27.74, 27.78, -0.04, 0.00, 151, 0, -0.00, 0.00
00:41:42.083 -> 27.74, 27.78, -0.04, 0.00, 151, 0, -0.00, 0.00
