12:18:37.169 -> Timestamp, Temperature (ºC), Error, Delta_T, State, PWM output, Current, PWM / Current
12:18:38.793 -> Timestamp, Temperature (ºC), Error, Delta_T, State, PWM output, Current, PWM / Current
12:18:39.824 -> 26.03, 26.03, 26.03, 997, 0, -0.04, 0.00
12:18:40.859 -> 25.94, 25.94, -0.09, 927, 0, -0.00, 0.00
12:18:41.879 -> 26.03, 26.03, 0.09, 932, 0, 0.04, 0.00
12:18:42.874 -> 26.03, 26.03, 0.00, 931, 0, -0.00, 0.00
12:18:43.900 -> 25.94, 25.94, -0.09, 927, 0, 0.04, 0.00
12:18:44.947 -> 30.92
12:18:44.947 -> 26.12, -4.80, 0.18, 9, 0, -0.00, 0.00
12:18:45.965 -> 26.03, -4.89, -0.09, 3, 0, -0.00, 0.00
12:18:46.989 -> 26.03, -4.89, 0.00, 4, 239, -0.00, -199247.42
12:18:48.018 -> 25.94, -4.98, -0.09, 0, 0, 3.45, 0.00
12:18:49.039 -> 26.03, -4.89, 0.09, 5, 0, -0.00, 0.00
12:18:50.064 -> 26.12, -4.80, 0.09, 8, 0, -0.00, 0.00
12:18:51.060 -> 26.03, -4.89, -0.09, 3, 0, 0.04, 0.00
12:18:52.110 -> 26.12, -4.80, 0.09, 8, 0, -0.04, 0.00
12:18:53.120 -> 26.03, -4.89, -0.09, 3, 0, 0.04, 0.00
12:18:54.149 -> 26.12, -4.80, 0.09, 8, 0, 0.04, 0.00
12:18:55.171 -> 26.12, -4.80, 0.00, 7, 187, 0.15, 1254.69
12:18:56.190 -> 26.03, -4.89, -0.09, 3, 0, 2.85, 0.00
12:18:57.229 -> 26.12, -4.80, 0.09, 8, 0, -0.04, 0.00
12:18:58.244 -> 26.12, -4.80, 0.00, 7, 187, 0.26, 714.50
12:18:59.264 -> 26.03, -4.89, -0.09, 3, 0, 1.84, 0.00
12:19:00.277 -> 26.12, -4.80, 0.09, 8, 0, 0.04, 0.00
12:19:01.307 -> 26.12, -4.80, 0.00, 7, 187, 0.04, 5142.93
12:19:02.345 -> 26.03, -4.89, -0.09, 3, 0, 2.10, 0.00
12:19:03.369 -> 26.12, -4.80, 0.09, 8, 0, -0.00, 0.00
12:19:04.363 -> 26.12, -4.80, 0.00, 7, 187, 0.26, 714.50
12:19:05.396 -> 26.12, -4.80, 0.00, 7, 187, 3.42, 54.73
12:19:06.408 -> 26.12, -4.80, 0.00, 7, 187, 2.70, 69.18
12:19:07.456 -> 26.12, -4.80, 0.00, 7, 187, 2.70, 69.18
12:19:08.480 -> 26.12, -4.80, 0.00, 7, 187, 3.19, 58.59
12:19:09.480 -> 26.12, -4.80, 0.00, 7, 187, 2.21, 84.43
12:19:10.502 -> 26.12, -4.80, 0.00, 7, 187, 3.34, 55.96
12:19:11.529 -> 26.21, -4.71, 0.09, 11, 0, 3.19, 0.00
12:19:12.557 -> 26.30, -4.62, 0.09, 14, 0, 0.04, 0.00
12:19:13.585 -> 26.30, -4.62, 0.00, 13, 244, 0.26, 932.29
12:19:14.617 -> 26.21, -4.71, -0.09, 9, 0, 3.49, 0.00
12:19:15.640 -> 26.39, -4.53, 0.18, 18, 0, 0.04, 0.00
12:19:16.660 -> 26.48, -4.44, 0.09, 20, 0, 0.04, 0.00
12:19:17.690 -> 26.48, -4.44, 0.00, 19, 230, 0.22, 1026.05
12:19:18.685 -> 26.39, -4.53, -0.09, 15, 0, 3.45, 0.00
12:19:19.721 -> 26.56, -4.35, 0.18, 21, 0, 0.07, 0.00
12:19:20.763 -> 26.56, -4.35, 0.00, 19, 230, 0.26, 878.80
12:19:21.756 -> 26.56, -4.35, 0.00, 19, 230, 3.49, 65.87
12:19:22.811 -> 26.56, -4.35, 0.00, 19, 230, 3.12, 73.81
12:19:23.833 -> 26.56, -4.35, 0.00, 19, 230, 3.68, 62.51
12:19:24.828 -> 26.56, -4.35, 0.00, 19, 230, 3.57, 64.48
12:19:25.863 -> 26.56, -4.35, 0.00, 19, 230, 3.75, 61.25
12:19:26.883 -> 26.65, -4.26, 0.09, 23, 0, 3.53, 0.00
12:19:27.926 -> 26.74, -4.17, 0.09, 26, 254, 0.26, 970.50
12:19:28.925 -> 26.65, -4.26, -0.09, 21, 0, 3.60, 0.00
12:19:29.962 -> 26.83, -4.08, 0.18, 30, 0, 0.04, 0.00
12:19:30.986 -> 26.83, -4.08, 0.00, 28, 253, 0.22, 1128.65
12:19:32.010 -> 26.74, -4.17, -0.09, 24, 0, 3.68, 0.00
12:19:33.009 -> 26.92, -3.99, 0.18, 33, 0, -0.00, 0.00
12:19:34.043 -> 26.92, -3.99, 0.00, 31, 253, 0.22, 1128.65
12:19:35.071 -> 26.83, -4.08, -0.09, 27, 0, 3.68, 0.00
12:19:36.100 -> 27.01, -3.90, 0.18, 36, 0, -0.00, 0.00
12:19:37.135 -> 27.01, -3.90, 0.00, 34, 253, 0.22, 1128.65
12:19:38.142 -> 26.92, -3.99, -0.09, 30, 0, 3.60, 0.00
12:19:39.166 -> 27.10, -3.81, 0.18, 39, 0, -0.00, 0.00
12:19:40.180 -> 27.10, -3.81, 0.00, 37, 246, 0.26, 939.93
12:19:41.211 -> 27.01, -3.90, -0.09, 33, 0, 3.57, 0.00
12:19:42.231 -> 27.10, -3.81, 0.09, 38, 249, 0.26, 951.39
12:19:43.263 -> 27.01, -3.90, -0.09, 33, 0, 3.60, 0.00
12:19:44.264 -> 27.10, -3.81, 0.09, 38, 249, 0.26, 951.39
12:19:45.284 -> 27.01, -3.90, -0.09, 33, 0, 3.49, 0.00
12:19:46.331 -> 27.20, -3.72, 0.18, 42, 0, -0.00, 0.00
12:19:47.347 -> 27.20, -3.72, 0.00, 40, 246, 0.26, 939.93
12:19:48.376 -> 27.10, -3.81, -0.09, 36, 0, 3.53, 0.00
12:19:49.377 -> 27.20, -3.72, 0.09, 41, 253, 0.22, 1128.65
12:19:50.429 -> 27.10, -3.81, -0.09, 36, 0, 3.53, 0.00
12:19:51.429 -> 27.20, -3.72, 0.09, 41, 253, 0.26, 966.68
12:19:52.453 -> 27.10, -3.81, -0.09, 36, 0, 3.64, 0.00
12:19:53.469 -> 27.20, -3.72, 0.09, 41, 253, 0.22, 1128.65
12:19:54.512 -> 27.10, -3.81, -0.09, 36, 0, 3.60, 0.00
12:19:55.521 -> 27.29, -3.63, 0.18, 45, 0, 0.07, 0.00
12:19:56.539 -> 27.29, -3.63, 0.00, 43, 249, 0.26, 951.39
12:19:57.569 -> 27.20, -3.72, -0.09, 39, 0, 3.60, 0.00
12:19:58.596 -> 27.38, -3.54, 0.18, 48, 0, -0.00, 0.00
12:19:59.611 -> 27.38, -3.54, 0.00, 46, 251, 0.26, 959.04
12:20:00.664 -> 27.29, -3.63, -0.09, 42, 0, 3.72, 0.00
12:20:01.680 -> 27.38, -3.54, 0.09, 47, 243, 0.30, 811.95
12:20:02.688 -> 27.29, -3.63, -0.09, 42, 0, 3.57, 0.00
12:20:03.719 -> 27.47, -3.45, 0.18, 48, 0, 0.04, 0.00
12:20:04.735 -> 27.47, -3.45, 0.00, 46, 251, 0.07, 3395.53
12:20:05.772 -> 27.38, -3.54, -0.09, 45, 0, 3.64, 0.00
12:20:06.780 -> 27.47, -3.45, 0.09, 47, 243, 0.26, 928.47
12:20:07.816 -> 27.38, -3.54, -0.09, 45, 0, 3.57, 0.00
12:20:08.849 -> 27.56, -3.36, 0.18, 51, 0, 0.04, 0.00
12:20:09.850 -> 27.56, -3.36, 0.00, 49, 253, 0.30, 845.36
12:20:10.880 -> 27.47, -3.45, -0.09, 45, 0, 3.57, 0.00
12:20:11.913 -> 27.56, -3.36, 0.09, 50, 249, 0.30, 831.99
12:20:12.933 -> 27.47, -3.45, -0.09, 45, 0, 3.57, 0.00
12:20:13.926 -> 27.56, -3.36, 0.09, 50, 249, 0.22, 1110.81
12:20:14.959 -> 27.47, -3.45, -0.09, 45, 0, 3.60, 0.00
12:20:15.997 -> 27.65, -3.27, 0.18, 54, 0, 0.04, 0.00
12:20:17.019 -> 27.65, -3.27, 0.00, 52, 243, 0.26, 928.47
12:20:18.033 -> 27.56, -3.36, -0.09, 48, 0, 3.57, 0.00
12:20:19.074 -> 27.65, -3.27, 0.09, 53, 253, 0.34, 751.10
12:20:20.083 -> 27.56, -3.36, -0.09, 48, 0, 3.60, 0.00
12:20:21.112 -> 27.74, -3.18, 0.18, 57, 0, -0.00, 0.00
12:20:22.130 -> 27.74, -3.18, 0.00, 55, 251, 0.34, 745.16
12:20:23.158 -> 27.65, -3.27, -0.09, 51, 0, 3.57, 0.00
12:20:24.177 -> 27.83, -3.09, 0.18, 60, 0, -0.04, 0.00
12:20:25.197 -> 27.83, -3.09, 0.00, 58, 253, 0.26, 966.68
12:20:26.214 -> 27.74, -3.18, -0.09, 54, 0, 3.57, 0.00
12:20:27.257 -> 27.92, -3.00, 0.18, 63, 0, -0.00, 0.00
12:20:28.267 -> 27.83, -3.09, -0.09, 57, 0, 0.04, 0.00
12:20:29.280 -> 27.92, -3.00, 0.09, 62, 251, 0.22, 1119.73
12:20:30.297 -> 27.83, -3.09, -0.09, 57, 0, 3.57, 0.00
12:20:31.346 -> 27.92, -3.00, 0.09, 62, 251, 0.22, 1119.73
12:20:32.363 -> 27.83, -3.09, -0.09, 57, 0, 3.68, 0.00
12:20:33.375 -> 28.01, -2.90, 0.18, 66, 0, -0.00, 0.00
12:20:34.403 -> 28.01, -2.90, 0.00, 64, 251, 0.26, 959.04
12:20:35.418 -> 27.92, -3.00, -0.09, 60, 0, 3.60, 0.00
12:20:36.459 -> 28.01, -2.90, 0.09, 65, 249, 0.26, 951.39
12:20:37.469 -> 27.92, -3.00, -0.09, 60, 0, 3.57, 0.00
12:20:38.487 -> 28.10, -2.81, 0.18, 69, 0, 0.04, 0.00
12:20:39.512 -> 28.10, -2.81, 0.00, 67, 249, 0.30, 831.99
12:20:40.549 -> 28.01, -2.90, -0.09, 63, 0, 3.53, 0.00
12:20:41.559 -> 28.10, -2.81, 0.09, 68, 253, 0.30, 845.36
12:20:42.576 -> 28.01, -2.90, -0.09, 63, 0, 3.60, 0.00
12:20:43.614 -> 28.20, -2.72, 0.18, 72, 0, -0.04, 0.00
12:20:44.647 -> 28.20, -2.72, 0.00, 70, 251, 0.26, 959.04
12:20:45.656 -> 28.10, -2.81, -0.09, 66, 0, 3.60, 0.00
12:20:46.674 -> 28.29, -2.63, 0.18, 75, 0, -0.04, 0.00
12:20:47.712 -> 28.29, -2.63, 0.00, 73, 251, 0.26, 959.04
12:20:48.734 -> 28.20, -2.72, -0.09, 69, 0, 3.57, 0.00
12:20:49.742 -> 28.29, -2.63, 0.09, 74, 249, 0.26, 951.39
12:20:50.784 -> 28.20, -2.72, -0.09, 69, 0, 3.60, 0.00
12:20:51.801 -> 28.38, -2.54, 0.18, 78, 0, 0.04, 0.00
12:20:52.818 -> 28.38, -2.54, 0.00, 76, 231, 0.22, 1030.51
12:20:53.839 -> 28.29, -2.63, -0.09, 72, 0, 3.12, 0.00
12:20:54.865 -> 28.38, -2.54, 0.09, 77, 243, 0.34, 721.41
12:20:55.887 -> 28.38, -2.54, 0.00, 76, 231, 3.75, 61.52
12:20:56.902 -> 28.38, -2.54, 0.00, 76, 231, 3.42, 67.61
12:20:57.936 -> 28.38, -2.54, 0.00, 76, 231, 3.57, 64.76
12:20:58.954 -> 28.38, -2.54, 0.00, 76, 231, 3.53, 65.45
12:20:59.989 -> 28.47, -2.45, 0.09, 80, 253, 3.15, 80.22
12:21:01.015 -> 28.47, -2.45, 0.00, 79, 231, 3.83, 60.31
12:21:02.011 -> 28.47, -2.45, 0.00, 79, 231, 3.57, 64.76
12:21:03.040 -> 28.56, -2.35, 0.09, 80, 253, 3.27, 77.45
12:21:04.072 -> 28.56, -2.35, 0.00, 79, 231, 3.72, 62.14
12:21:05.098 -> 28.65, -2.26, 0.09, 83, 251, 3.60, 69.63
12:21:06.099 -> 28.65, -2.26, 0.00, 82, 231, 3.72, 62.14
12:21:07.132 -> 28.75, -2.17, 0.09, 86, 251, 3.64, 68.92
12:21:08.157 -> 28.84, -2.08, 0.09, 89, 103, 3.75, 27.43
12:21:09.194 -> 28.93, -1.99, 0.09, 92, 14, 1.01, 13.82
12:21:10.223 -> 29.02, -1.89, 0.09, 95, 249, 0.19, 1334.40
12:21:11.249 -> 29.02, -1.89, 0.00, 94, 189, 3.72, 50.84
12:21:12.267 -> 29.12, -1.80, 0.09, 98, 65, 2.48, 26.23
12:21:13.264 -> 29.21, -1.71, 0.09, 101, 14, 0.64, 21.97
12:21:14.292 -> 29.30, -1.62, 0.09, 104, 108, 0.37, 288.46
12:21:15.320 -> 29.30, -1.62, 0.00, 103, 44, 1.35, 32.57
12:21:16.352 -> 29.39, -1.52, 0.09, 107, 251, 0.45, 558.37
12:21:17.369 -> 29.30, -1.62, -0.09, 102, 0, 3.64, 0.00
12:21:18.384 -> 29.49, -1.43, 0.19, 111, 0, 0.04, 0.00
12:21:19.417 -> 29.49, -1.43, 0.00, 109, 160, 0.26, 611.34
12:21:20.448 -> 29.49, -1.43, 0.00, 109, 160, 2.89, 55.35
12:21:21.455 -> 29.49, -1.43, 0.00, 109, 160, 2.29, 69.87
12:21:22.473 -> 29.49, -1.43, 0.00, 109, 160, 1.99, 80.42
12:21:23.498 -> 29.49, -1.43, 0.00, 109, 160, 3.45, 46.32
12:21:24.525 -> 29.49, -1.43, 0.00, 109, 160, 2.63, 60.88
12:21:25.569 -> 29.49, -1.43, 0.00, 109, 160, 1.39, 115.23
12:21:26.585 -> 29.49, -1.43, 0.00, 109, 160, 3.34, 47.88
12:21:27.605 -> 29.58, -1.34, 0.09, 113, 149, 3.00, 49.61
12:21:28.642 -> 29.58, -1.34, 0.00, 112, 136, 1.61, 84.27
12:21:29.662 -> 29.58, -1.34, 0.00, 112, 136, 2.37, 57.50
12:21:30.686 -> 29.67, -1.24, 0.09, 116, 198, 3.08, 64.31
12:21:31.700 -> 29.67, -1.24, 0.00, 115, 0, 2.85, 0.00
12:21:32.721 -> 29.77, -1.15, 0.09, 119, 198, 0.34, 587.81
12:21:33.749 -> 29.67, -1.24, -0.09, 114, 0, 3.34, 0.00
12:21:34.777 -> 29.86, -1.06, 0.19, 120, 0, -0.00, 0.00
12:21:35.776 -> 29.86, -1.06, 0.00, 118, 7, 0.41, 16.99
12:21:36.822 -> 29.86, -1.06, 0.00, 118, 7, 0.15, 46.97
12:21:37.842 -> 29.95, -0.96, 0.09, 122, 244, 0.30, 815.29
12:21:38.856 -> 29.86, -1.06, -0.09, 117, 0, 3.34, 0.00
12:21:39.884 -> 30.05, -0.87, 0.19, 126, 0, 0.04, 0.00
12:21:40.909 -> 30.05, -0.87, 0.00, 124, 7, 0.26, 26.75
12:21:41.944 -> 30.05, -0.87, 0.00, 124, 7, -0.00, -5835.70
12:21:42.951 -> 30.14, -0.77, 0.09, 128, 211, 0.11, 1892.70
12:21:43.959 -> 29.95, -0.96, -0.19, 216, 0, 3.30, 0.00
12:21:44.995 -> 30.14, -0.77, 0.19, 129, 0, 0.04, 0.00
12:21:46.035 -> 30.14, -0.77, 0.00, 127, 0, -0.00, 0.00
12:21:47.061 -> 30.14, -0.77, 0.00, 127, 0, 0.04, 0.00
12:21:48.062 -> 30.14, -0.77, 0.00, 127, 0, -0.00, 0.00
12:21:49.092 -> 30.24, -0.68, 0.09, 131, 211, 0.22, 941.29
12:21:50.104 -> 30.05, -0.87, -0.19, 219, 0, 2.44, 0.00
12:21:51.144 -> 30.14, -0.77, 0.09, 128, 211, -0.04, -5443.81
12:21:52.159 -> 30.14, -0.77, 0.00, 127, 0, 2.93, 0.00
12:21:53.189 -> 30.24, -0.68, 0.09, 131, 211, 0.26, 806.20
12:21:54.201 -> 30.14, -0.77, -0.09, 126, 0, 3.42, 0.00
12:21:55.222 -> 30.24, -0.68, 0.09, 131, 211, 0.26, 806.20
12:21:56.251 -> 30.14, -0.77, -0.09, 126, 0, 2.44, 0.00
12:21:57.288 -> 30.24, -0.68, 0.09, 131, 211, -0.04, -5443.81
12:21:58.280 -> 30.14, -0.77, -0.09, 126, 0, 3.34, 0.00
12:21:59.333 -> 30.24, -0.68, 0.09, 131, 211, 0.34, 626.41
12:22:00.356 -> 30.14, -0.77, -0.09, 126, 0, 2.48, 0.00
12:22:01.375 -> 30.33, -0.59, 0.19, 135, 0, 0.04, 0.00
12:22:02.380 -> 30.33, -0.59, 0.00, 133, 7, -0.04, -180.60
12:22:03.412 -> 30.42, -0.49, 0.09, 137, 110, 0.07, 1488.08
12:22:04.444 -> 30.33, -0.59, -0.09, 132, 0, 2.59, 0.00
12:22:05.473 -> 30.42, -0.49, 0.09, 137, 110, 0.04, 3025.25
12:22:06.469 -> 30.42, -0.49, 0.00, 136, 7, 1.16, 6.02
12:22:07.495 -> 30.52, -0.40, 0.09, 140, 149, 0.11, 1336.55
12:22:08.521 -> 30.42, -0.49, -0.09, 135, 0, 1.61, 0.00
12:22:09.557 -> 30.61, -0.30, 0.19, 144, 0, 0.04, 0.00
12:22:10.564 -> 30.61, -0.30, 0.00, 142, 37, 0.19, 198.28
12:22:11.587 -> 30.61, -0.30, 0.00, 142, 37, 0.30, 123.63
12:22:12.628 -> 30.61, -0.30, 0.00, 142, 37, 0.60, 61.69
12:22:13.653 -> 30.61, -0.30, 0.00, 142, 37, 1.05, 35.22
12:22:14.652 -> 30.71, -0.21, 0.09, 146, 37, 0.19, 198.28
12:22:15.688 -> 30.71, -0.21, 0.00, 145, 171, 0.22, 762.84
12:22:16.723 -> 30.61, -0.30, -0.09, 141, 0, 3.19, 0.00
12:22:17.745 -> 30.71, -0.21, 0.09, 146, 37, 0.26, 141.37
12:22:18.755 -> 30.71, -0.21, 0.00, 145, 171, 0.15, 1147.34
12:22:19.779 -> 30.61, -0.30, -0.09, 141, 0, 2.67, 0.00
12:22:20.809 -> 30.80, -0.11, 0.19, 150, 0, 0.07, 0.00
12:22:21.843 -> 30.80, -0.11, 0.00, 148, 55, -0.04, -1419.00
12:22:22.862 -> 30.80, -0.11, 0.00, 148, 55, 0.64, 86.30
12:22:23.869 -> 30.80, -0.11, 0.00, 148, 55, 1.39, 39.61
12:22:24.901 -> 30.80, -0.11, 0.00, 148, 55, 0.30, 183.77
12:22:25.916 -> 30.90, -0.02, 0.09, 152, 37, 0.67, 54.82
12:22:26.949 -> 30.90, -0.02, 0.00, 151, 7, 1.39, 5.04
12:22:27.972 -> 30.90, -0.02, 0.00, 151, 7, 0.07, 94.70
12:22:29.000 -> 30.90, -0.02, 0.00, 151, 7, 0.30, 23.39
12:22:30.017 -> 30.99, 0.08, 0.10, 155, 36, 0.11, 322.93
12:22:31.019 -> 30.90, -0.02, -0.10, 150, 0, 0.34, 0.00
12:22:32.047 -> 30.99, 0.08, 0.10, 155, 36, 0.07, 487.01
12:22:33.068 -> 30.99, 0.08, 0.00, 154, 93, 0.26, 355.34
12:22:34.109 -> 30.99, 0.08, 0.00, 154, 93, 1.91, 48.58
12:22:35.142 -> 30.99, 0.08, 0.00, 154, 93, 1.91, 48.58
12:22:36.152 -> 30.99, 0.08, 0.00, 154, 93, 0.94, 99.17
12:22:37.173 -> 30.99, 0.08, 0.00, 154, 93, 1.91, 48.58
12:22:38.184 -> 30.99, 0.08, 0.00, 154, 93, 1.39, 66.98
12:22:39.230 -> 31.09, 0.17, 0.10, 158, 224, 0.94, 238.86
12:22:40.238 -> 30.99, 0.08, -0.10, 153, 0, 3.49, 0.00
12:22:41.267 -> 31.09, 0.17, 0.10, 158, 224, 0.26, 855.87
12:22:42.299 -> 30.99, 0.08, -0.10, 153, 0, 3.19, 0.00
12:22:43.317 -> 31.09, 0.17, 0.10, 158, 224, 0.07, 3030.28
12:22:44.342 -> 31.09, 0.17, 0.00, 157, 0, 3.53, 0.00
12:22:45.358 -> 31.18, 0.27, 0.10, 161, 0, 0.04, 0.00
12:22:46.386 -> 31.28, 0.36, 0.10, 164, 0, 0.04, 0.00
12:22:47.417 -> 31.28, 0.36, 0.00, 163, 0, -0.00, 0.00
12:22:48.413 -> 31.28, 0.36, 0.00, 163, 0, 0.04, 0.00
12:22:49.437 -> 31.37, 0.46, 0.10, 167, 1, -0.04, -25.80
12:22:50.463 -> 31.37, 0.46, 0.00, 166, 0, 0.04, 0.00
12:22:51.489 -> 31.47, 0.55, 0.10, 170, 1, 0.04, 27.50
12:22:52.537 -> 31.47, 0.55, 0.00, 169, 0, 0.11, 0.00
12:22:53.528 -> 31.47, 0.55, 0.00, 169, 0, 0.04, 0.00
12:22:54.559 -> 31.57, 0.65, 0.10, 170, 1, 0.04, 27.50
12:22:55.596 -> 31.57, 0.65, 0.00, 169, 0, -0.00, 0.00
12:22:56.624 -> 31.57, 0.65, 0.00, 169, 0, -0.00, 0.00
12:22:57.623 -> 31.57, 0.65, 0.00, 169, 0, 0.04, 0.00
12:22:58.656 -> 31.57, 0.65, 0.00, 169, 0, 0.07, 0.00
12:22:59.681 -> 31.57, 0.65, 0.00, 169, 0, -0.00, 0.00
12:23:00.685 -> 31.57, 0.65, 0.00, 169, 0, 0.04, 0.00
12:23:01.721 -> 31.66, 0.74, 0.10, 173, 1, -0.00, -833.67
12:23:02.746 -> 31.57, 0.65, -0.10, 168, 0, 0.11, 0.00
12:23:03.788 -> 31.66, 0.74, 0.10, 173, 1, -0.00, -833.67
12:23:04.798 -> 31.66, 0.74, 0.00, 172, 0, 0.04, 0.00
12:23:05.831 -> 31.57, 0.65, -0.10, 168, 0, 0.04, 0.00
12:23:06.852 -> 31.57, 0.65, 0.00, 169, 0, 0.04, 0.00
12:23:07.872 -> 31.57, 0.65, 0.00, 169, 0, 0.04, 0.00
12:23:08.876 -> 31.57, 0.65, 0.00, 169, 0, 0.07, 0.00
12:23:09.914 -> 31.57, 0.65, 0.00, 169, 0, -0.00, 0.00
12:23:10.945 -> 31.57, 0.65, 0.00, 169, 0, 0.04, 0.00
12:23:11.968 -> 31.57, 0.65, 0.00, 169, 0, -0.00, 0.00
12:23:12.971 -> 31.57, 0.65, 0.00, 169, 0, -0.00, 0.00
12:23:13.996 -> 31.57, 0.65, 0.00, 169, 0, -0.00, 0.00
12:23:15.019 -> 31.57, 0.65, 0.00, 169, 0, 0.07, 0.00
12:23:16.034 -> 31.47, 0.55, -0.10, 168, 0, -0.00, 0.00
12:23:17.063 -> 31.57, 0.65, 0.10, 170, 1, -0.00, -833.67
12:23:18.087 -> 31.57, 0.65, 0.00, 169, 0, -0.00, 0.00
12:23:19.104 -> 31.57, 0.65, 0.00, 169, 0, 0.04, 0.00
12:23:20.156 -> 31.57, 0.65, 0.00, 169, 0, -0.00, 0.00
12:23:21.157 -> 31.47, 0.55, -0.10, 168, 0, 0.04, 0.00
12:23:22.177 -> 31.47, 0.55, 0.00, 169, 0, 0.07, 0.00
12:23:23.212 -> 31.47, 0.55, 0.00, 169, 0, 0.04, 0.00
12:23:24.217 -> 31.47, 0.55, 0.00, 169, 0, 0.04, 0.00
12:23:25.273 -> 31.47, 0.55, 0.00, 169, 0, 0.07, 0.00
12:23:26.259 -> 31.57, 0.65, 0.10, 170, 1, -0.00, -833.67
12:23:27.290 -> 31.57, 0.65, 0.00, 169, 0, 0.07, 0.00
12:23:28.315 -> 31.57, 0.65, 0.00, 169, 0, -0.04, 0.00
12:23:29.357 -> 31.57, 0.65, 0.00, 169, 0, 0.04, 0.00
12:23:30.357 -> 31.57, 0.65, 0.00, 169, 0, 0.04, 0.00
12:23:31.394 -> 31.47, 0.55, -0.10, 168, 0, 0.07, 0.00
12:23:32.417 -> 31.57, 0.65, 0.10, 170, 1, -0.00, -833.67
12:23:33.423 -> 31.57, 0.65, 0.00, 169, 0, 0.04, 0.00
12:23:34.473 -> 31.57, 0.65, 0.00, 169, 0, -0.04, 0.00
12:23:35.494 -> 31.57, 0.65, 0.00, 169, 0, -0.00, 0.00
12:23:36.523 -> 31.57, 0.65, 0.00, 169, 0, -0.00, 0.00
12:23:37.513 -> 31.47, 0.55, -0.10, 168, 0, 0.07, 0.00
12:23:38.562 -> 31.57, 0.65, 0.10, 170, 1, 0.04, 27.50
12:23:39.560 -> 31.47, 0.55, -0.10, 168, 0, 0.04, 0.00
12:23:40.615 -> 31.57, 0.65, 0.10, 170, 1, 0.11, 8.97
12:23:41.630 -> 31.57, 0.65, 0.00, 169, 0, 0.07, 0.00
12:23:42.636 -> 31.57, 0.65, 0.00, 169, 0, -0.00, 0.00
12:23:43.673 -> 31.57, 0.65, 0.00, 169, 0, 0.07, 0.00
12:23:44.694 -> 31.47, 0.55, -0.10, 168, 0, 0.04, 0.00
12:23:45.719 -> 31.47, 0.55, 0.00, 169, 0, -0.00, 0.00
12:23:46.742 -> 31.47, 0.55, 0.00, 169, 0, 0.07, 0.00
12:23:47.750 -> 31.57, 0.65, 0.10, 170, 1, 0.04, 27.50
12:23:48.775 -> 31.47, 0.55, -0.10, 168, 0, 0.15, 0.00
12:23:49.797 -> 31.47, 0.55, 0.00, 169, 0, -0.00, 0.00
12:23:50.843 -> 31.47, 0.55, 0.00, 169, 0, -0.00, 0.00
12:23:51.865 -> 31.57, 0.65, 0.10, 170, 1, -0.00, -833.67
12:23:52.892 -> 31.57, 0.65, 0.00, 169, 0, 0.04, 0.00
12:23:53.911 -> 31.47, 0.55, -0.10, 168, 0, -0.00, 0.00
12:23:54.935 -> 31.47, 0.55, 0.00, 169, 0, -0.04, 0.00
12:23:55.938 -> 31.57, 0.65, 0.10, 170, 1, -0.00, -833.67
12:23:56.959 -> 31.47, 0.55, -0.10, 168, 0, 0.07, 0.00
12:23:57.975 -> 31.47, 0.55, 0.00, 169, 0, -0.00, 0.00
12:23:59.011 -> 31.47, 0.55, 0.00, 169, 0, 0.04, 0.00
12:24:00.053 -> 31.47, 0.55, 0.00, 169, 0, 0.04, 0.00
12:24:01.054 -> 31.57, 0.65, 0.10, 170, 1, -0.04, -25.80
12:24:02.069 -> 31.47, 0.55, -0.10, 168, 0, 0.11, 0.00
12:24:03.094 -> 31.47, 0.55, 0.00, 169, 0, 0.04, 0.00
12:24:04.124 -> 31.57, 0.65, 0.10, 170, 1, -0.00, -833.67
12:24:05.155 -> 31.57, 0.65, 0.00, 169, 0, 0.04, 0.00
12:24:06.155 -> 31.47, 0.55, -0.10, 168, 0, -0.00, 0.00
12:24:07.214 -> 31.47, 0.55, 0.00, 169, 0, 0.04, 0.00
12:24:08.204 -> 31.47, 0.55, 0.00, 169, 0, 0.04, 0.00
12:24:09.234 -> 31.47, 0.55, 0.00, 169, 0, -0.00, 0.00
12:24:10.258 -> 31.47, 0.55, 0.00, 169, 0, 0.04, 0.00
12:24:11.302 -> 31.57, 0.65, 0.10, 170, 1, -0.00, -833.67
12:24:12.311 -> 31.57, 0.65, 0.00, 169, 0, 0.04, 0.00
12:24:13.354 -> 31.57, 0.65, 0.00, 169, 0, 0.07, 0.00
12:24:14.350 -> 31.57, 0.65, 0.00, 169, 0, 0.04, 0.00
12:24:15.383 -> 31.47, 0.55, -0.10, 168, 0, -0.00, 0.00
12:24:16.401 -> 31.57, 0.65, 0.10, 170, 1, -0.00, -833.67
12:24:17.432 -> 31.47, 0.55, -0.10, 168, 0, 0.07, 0.00
12:24:18.442 -> 31.47, 0.55, 0.00, 169, 0, -0.00, 0.00
12:24:19.466 -> 31.47, 0.55, 0.00, 169, 0, 0.04, 0.00
12:24:20.492 -> 31.57, 0.65, 0.10, 170, 1, 0.04, 27.50
12:24:21.515 -> 31.57, 0.65, 0.00, 169, 0, 0.07, 0.00
12:24:22.553 -> 31.47, 0.55, -0.10, 168, 0, 0.04, 0.00
12:24:23.567 -> 31.47, 0.55, 0.00, 169, 0, -0.00, 0.00
12:24:24.593 -> 31.47, 0.55, 0.00, 169, 0, -0.00, 0.00
12:24:25.622 -> 31.57, 0.65, 0.10, 170, 1, 0.04, 27.50
12:24:26.637 -> 31.47, 0.55, -0.10, 168, 0, 0.04, 0.00
12:24:27.645 -> 31.57, 0.65, 0.10, 170, 1, 0.07, 13.53
12:24:28.666 -> 31.47, 0.55, -0.10, 168, 0, 0.15, 0.00
12:24:29.721 -> 31.47, 0.55, 0.00, 169, 0, 0.04, 0.00
12:24:30.719 -> 31.47, 0.55, 0.00, 169, 0, 0.07, 0.00
12:24:31.740 -> 31.47, 0.55, 0.00, 169, 0, 0.04, 0.00
12:24:32.771 -> 31.47, 0.55, 0.00, 169, 0, 0.04, 0.00
12:24:33.805 -> 31.57, 0.65, 0.10, 170, 1, 0.04, 27.50
12:24:34.833 -> 31.47, 0.55, -0.10, 168, 0, -0.00, 0.00
12:24:35.854 -> 31.47, 0.55, 0.00, 169, 0, -0.00, 0.00
12:24:36.869 -> 31.47, 0.55, 0.00, 169, 0, -0.00, 0.00
12:24:37.874 -> 31.47, 0.55, 0.00, 169, 0, -0.04, 0.00
12:24:38.912 -> 31.47, 0.55, 0.00, 169, 0, -0.00, 0.00
12:24:39.946 -> 31.57, 0.65, 0.10, 170, 1, -0.00, -833.67
12:24:40.963 -> 31.47, 0.55, -0.10, 168, 0, 0.04, 0.00
12:24:41.966 -> 31.47, 0.55, 0.00, 169, 0, 0.04, 0.00
12:24:43.008 -> 31.47, 0.55, 0.00, 169, 0, 0.04, 0.00
12:24:53.201 -> 31.47, 0.55, 0.00, 169, 0, 0.07, 0.00
12:24:53.201 -> 31.47, 0.55, 0.00, 169, 0, 0.04, 0.00
12:24:53.201 -> 31.47, 0.55, 0.00, 169, 0, 0.04, 0.00
12:24:53.201 -> 31.47, 0.55, 0.00, 169, 0, -0.00, 0.00
12:24:53.201 -> 31.47, 0.55, 0.00, 169, 0, 0.04, 0.00
12:24:53.201 -> 31.47, 0.55, 0.00, 169, 0, -0.00, 0.00
12:24:53.201 -> 31.47, 0.55, 0.00, 169, 0, -0.00, 0.00
12:24:53.201 -> 31.47, 0.55, 0.00, 169, 0, 0.04, 0.00
12:24:53.201 -> 31.47, 0.55, 0.00, 169, 0, -0.00, 0.00
12:24:53.715 -> 31.47, 0.55, 0.00, 169, 0, 0.04, 0.00
12:24:54.272 -> 31.47, 0.55, 0.00, 169, 0, 0.04, 0.00
12:24:55.289 -> 31.47, 0.55, 0.00, 169, 0, -0.00, 0.00
12:24:56.303 -> 31.47, 0.55, 0.00, 169, 0, -0.00, 0.00
12:24:57.322 -> 31.47, 0.55, 0.00, 169, 0, -0.00, 0.00
12:24:58.342 -> 31.47, 0.55, 0.00, 169, 0, 0.04, 0.00
12:24:59.366 -> 31.47, 0.55, 0.00, 169, 0, 0.04, 0.00
12:25:00.397 -> 31.47, 0.55, 0.00, 169, 0, -0.04, 0.00
12:25:01.402 -> 31.47, 0.55, 0.00, 169, 0, -0.00, 0.00
12:25:02.428 -> 31.47, 0.55, 0.00, 169, 0, -0.00, 0.00
12:25:03.453 -> 31.47, 0.55, 0.00, 169, 0, 0.07, 0.00
12:25:04.473 -> 31.47, 0.55, 0.00, 169, 0, 0.04, 0.00
12:25:05.504 -> 31.47, 0.55, 0.00, 169, 0, -0.00, 0.00
12:25:06.543 -> 31.47, 0.55, 0.00, 169, 0, 0.07, 0.00
12:25:07.567 -> 31.47, 0.55, 0.00, 169, 0, 0.04, 0.00
12:25:08.562 -> 31.47, 0.55, 0.00, 169, 0, -0.00, 0.00
12:25:09.591 -> 31.47, 0.55, 0.00, 169, 0, 0.04, 0.00
12:25:10.620 -> 31.47, 0.55, 0.00, 169, 0, 0.04, 0.00
12:25:11.646 -> 31.47, 0.55, 0.00, 169, 0, 0.04, 0.00
12:25:12.655 -> 31.47, 0.55, 0.00, 169, 0, 0.07, 0.00
12:25:13.704 -> 31.47, 0.55, 0.00, 169, 0, 0.04, 0.00
12:25:14.720 -> 31.47, 0.55, 0.00, 169, 0, -0.00, 0.00
12:25:15.734 -> 31.37, 0.46, -0.10, 165, 0, 0.07, 0.00
12:25:16.768 -> 31.47, 0.55, 0.10, 170, 1, 0.04, 27.50
12:25:17.789 -> 31.47, 0.55, 0.00, 169, 0, 0.07, 0.00
12:25:18.807 -> 31.37, 0.46, -0.10, 165, 0, 0.07, 0.00
12:25:19.816 -> 31.37, 0.46, 0.00, 166, 0, 0.04, 0.00
12:25:20.852 -> 31.37, 0.46, 0.00, 166, 0, 0.04, 0.00
12:25:21.876 -> 31.47, 0.55, 0.10, 170, 1, -0.04, -25.80
12:25:22.896 -> 31.37, 0.46, -0.10, 165, 0, 0.04, 0.00
12:25:23.924 -> 31.37, 0.46, 0.00, 166, 0, -0.00, 0.00
12:25:24.961 -> 31.37, 0.46, 0.00, 166, 0, 0.04, 0.00
12:25:25.980 -> 31.37, 0.46, 0.00, 166, 0, 0.07, 0.00
12:25:26.993 -> 31.47, 0.55, 0.10, 170, 1, 0.04, 27.50
12:25:27.997 -> 31.47, 0.55, 0.00, 169, 0, 0.11, 0.00
12:25:29.022 -> 31.37, 0.46, -0.10, 165, 0, -0.04, 0.00
12:25:30.056 -> 31.37, 0.46, 0.00, 166, 0, -0.00, 0.00
12:25:31.093 -> 31.37, 0.46, 0.00, 166, 0, 0.04, 0.00
12:25:32.092 -> 31.47, 0.55, 0.10, 170, 1, 0.07, 13.53
12:25:33.123 -> 31.37, 0.46, -0.10, 165, 0, 0.19, 0.00
12:25:34.158 -> 31.37, 0.46, 0.00, 166, 0, 0.04, 0.00
12:25:35.162 -> 31.37, 0.46, 0.00, 166, 0, 0.04, 0.00
12:25:36.204 -> 31.37, 0.46, 0.00, 166, 0, 0.04, 0.00
12:25:37.211 -> 31.37, 0.46, 0.00, 166, 0, -0.00, 0.00
12:25:38.251 -> 31.37, 0.46, 0.00, 166, 0, -0.00, 0.00
12:25:39.274 -> 31.37, 0.46, 0.00, 166, 0, 0.04, 0.00
12:25:40.293 -> 31.37, 0.46, 0.00, 166, 0, 0.04, 0.00
12:25:41.323 -> 31.37, 0.46, 0.00, 166, 0, -0.00, 0.00
12:25:42.336 -> 31.37, 0.46, 0.00, 166, 0, -0.00, 0.00
12:25:43.341 -> 31.37, 0.46, 0.00, 166, 0, -0.00, 0.00
12:25:44.393 -> 31.37, 0.46, 0.00, 166, 0, 0.04, 0.00
12:25:45.393 -> 31.37, 0.46, 0.00, 166, 0, 0.07, 0.00
12:25:46.426 -> 31.37, 0.46, 0.00, 166, 0, 0.04, 0.00
12:25:47.462 -> 31.37, 0.46, 0.00, 166, 0, 0.04, 0.00
12:25:48.461 -> 31.37, 0.46, 0.00, 166, 0, 0.04, 0.00
12:25:49.508 -> 31.37, 0.46, 0.00, 166, 0, 0.04, 0.00
12:25:50.522 -> 31.37, 0.46, 0.00, 166, 0, -0.00, 0.00
12:25:51.545 -> 31.37, 0.46, 0.00, 166, 0, 0.07, 0.00
12:25:52.566 -> 31.37, 0.46, 0.00, 166, 0, 0.04, 0.00
12:25:53.594 -> 31.37, 0.46, 0.00, 166, 0, 0.04, 0.00
12:25:54.610 -> 31.28, 0.36, -0.10, 162, 0, 0.07, 0.00
12:25:55.621 -> 31.28, 0.36, 0.00, 163, 0, 0.04, 0.00
12:25:56.670 -> 31.37, 0.46, 0.10, 167, 1, 0.04, 27.50
12:25:57.675 -> 31.37, 0.46, 0.00, 166, 0, 0.11, 0.00
12:25:58.713 -> 31.37, 0.46, 0.00, 166, 0, 0.04, 0.00
12:25:59.730 -> 31.37, 0.46, 0.00, 166, 0, 0.04, 0.00
12:26:00.757 -> 31.28, 0.36, -0.10, 162, 0, -0.00, 0.00
12:26:01.769 -> 31.28, 0.36, 0.00, 163, 0, 0.04, 0.00
12:26:02.784 -> 31.28, 0.36, 0.00, 163, 0, 0.04, 0.00
12:26:03.815 -> 31.28, 0.36, 0.00, 163, 0, -0.00, 0.00
12:26:04.851 -> 31.28, 0.36, 0.00, 163, 0, -0.00, 0.00
12:26:05.848 -> 31.28, 0.36, 0.00, 163, 0, 0.04, 0.00
12:26:06.900 -> 31.28, 0.36, 0.00, 163, 0, -0.00, 0.00
12:26:07.907 -> 31.28, 0.36, 0.00, 163, 0, -0.04, 0.00
12:26:08.932 -> 31.28, 0.36, 0.00, 163, 0, 0.04, 0.00
12:26:09.943 -> 31.28, 0.36, 0.00, 163, 0, 0.04, 0.00
12:26:10.971 -> 31.28, 0.36, 0.00, 163, 0, 0.07, 0.00
12:26:11.991 -> 31.37, 0.46, 0.10, 167, 1, 0.04, 27.50
12:26:13.019 -> 31.28, 0.36, -0.10, 162, 0, 0.15, 0.00
12:26:14.047 -> 31.28, 0.36, 0.00, 163, 0, -0.04, 0.00
12:26:15.081 -> 31.28, 0.36, 0.00, 163, 0, 0.04, 0.00
12:26:16.108 -> 31.28, 0.36, 0.00, 163, 0, 0.04, 0.00
12:26:17.109 -> 31.28, 0.36, 0.00, 163, 0, -0.04, 0.00
12:26:18.153 -> 31.28, 0.36, 0.00, 163, 0, 0.04, 0.00
12:26:19.156 -> 31.28, 0.36, 0.00, 163, 0, 0.04, 0.00
12:26:20.192 -> 31.28, 0.36, 0.00, 163, 0, -0.00, 0.00
12:26:21.221 -> 31.28, 0.36, 0.00, 163, 0, 0.04, 0.00
12:26:22.211 -> 31.18, 0.27, -0.10, 159, 0, -0.00, 0.00
12:26:23.264 -> 31.28, 0.36, 0.10, 164, 0, 0.04, 0.00
12:26:24.268 -> 31.28, 0.36, 0.00, 163, 0, 0.04, 0.00
12:26:25.305 -> 31.18, 0.27, -0.10, 159, 0, -0.00, 0.00
12:26:26.332 -> 31.18, 0.27, 0.00, 160, 0, -0.00, 0.00
12:26:27.354 -> 31.28, 0.36, 0.10, 164, 0, 0.04, 0.00
12:26:28.373 -> 31.18, 0.27, -0.10, 159, 0, -0.00, 0.00
12:26:29.404 -> 31.18, 0.27, 0.00, 160, 0, -0.00, 0.00
12:26:30.402 -> 31.18, 0.27, 0.00, 160, 0, -0.08, 0.00
12:26:31.424 -> 31.18, 0.27, 0.00, 160, 0, 0.04, 0.00
12:26:32.468 -> 31.18, 0.27, 0.00, 160, 0, 0.04, 0.00
12:26:33.497 -> 31.18, 0.27, 0.00, 160, 0, 0.04, 0.00
12:26:34.513 -> 31.18, 0.27, 0.00, 160, 0, 0.07, 0.00
12:26:35.538 -> 31.18, 0.27, 0.00, 160, 0, 0.04, 0.00
12:26:36.548 -> 31.18, 0.27, 0.00, 160, 0, 0.04, 0.00
12:26:37.573 -> 31.18, 0.27, 0.00, 160, 0, 0.04, 0.00
12:26:38.617 -> 31.18, 0.27, 0.00, 160, 0, -0.00, 0.00
12:26:39.612 -> 31.18, 0.27, 0.00, 160, 0, -0.00, 0.00
12:26:40.657 -> 31.18, 0.27, 0.00, 160, 0, 0.04, 0.00
12:26:41.657 -> 31.18, 0.27, 0.00, 160, 0, 0.04, 0.00
12:26:42.673 -> 31.18, 0.27, 0.00, 160, 0, -0.00, 0.00
12:26:43.726 -> 31.18, 0.27, 0.00, 160, 0, 0.04, 0.00
12:26:44.743 -> 31.18, 0.27, 0.00, 160, 0, -0.04, 0.00
12:26:45.761 -> 31.09, 0.17, -0.10, 156, 0, 0.04, 0.00
12:26:46.794 -> 31.18, 0.27, 0.10, 161, 0, -0.00, 0.00
12:26:47.807 -> 31.09, 0.17, -0.10, 156, 0, -0.04, 0.00
12:26:48.842 -> 31.18, 0.27, 0.10, 161, 0, 0.04, 0.00
12:26:49.867 -> 31.18, 0.27, 0.00, 160, 0, -0.00, 0.00
12:26:50.869 -> 31.09, 0.17, -0.10, 156, 0, -0.00, 0.00
12:26:51.902 -> 31.18, 0.27, 0.10, 161, 0, 0.04, 0.00
12:26:52.934 -> 31.09, 0.17, -0.10, 156, 0, -0.00, 0.00
12:26:53.950 -> 31.09, 0.17, 0.00, 157, 0, -0.00, 0.00
12:26:54.970 -> 31.09, 0.17, 0.00, 157, 0, 0.04, 0.00
12:26:55.993 -> 31.09, 0.17, 0.00, 157, 0, 0.04, 0.00
12:26:57.026 -> 31.09, 0.17, 0.00, 157, 0, -0.00, 0.00
12:26:58.035 -> 31.09, 0.17, 0.00, 157, 0, -0.00, 0.00
12:26:59.067 -> 31.09, 0.17, 0.00, 157, 0, -0.00, 0.00
12:27:00.086 -> 31.09, 0.17, 0.00, 157, 0, 0.04, 0.00
12:27:01.088 -> 31.09, 0.17, 0.00, 157, 0, 0.04, 0.00
12:27:02.137 -> 31.09, 0.17, 0.00, 157, 0, -0.00, 0.00
12:27:03.137 -> 31.09, 0.17, 0.00, 157, 0, 0.04, 0.00
12:27:04.158 -> 31.09, 0.17, 0.00, 157, 0, 0.07, 0.00
12:27:05.188 -> 31.09, 0.17, 0.00, 157, 0, -0.00, 0.00
12:27:06.231 -> 31.09, 0.17, 0.00, 157, 0, 0.04, 0.00
12:27:07.255 -> 31.09, 0.17, 0.00, 157, 0, -0.00, 0.00
12:27:08.266 -> 31.09, 0.17, 0.00, 157, 0, 0.04, 0.00
12:27:09.274 -> 30.99, 0.08, -0.10, 153, 0, 0.04, 0.00
12:27:10.313 -> 30.99, 0.08, 0.00, 154, 93, 0.07, 1258.11
12:27:11.325 -> 30.99, 0.08, 0.00, 154, 93, 1.91, 48.58
12:27:12.351 -> 30.99, 0.08, 0.00, 154, 93, 1.95, 47.65
12:27:13.368 -> 30.99, 0.08, 0.00, 154, 93, 1.28, 72.89
12:27:14.397 -> 30.99, 0.08, 0.00, 154, 93, 1.31, 70.81
12:27:15.415 -> 30.99, 0.08, 0.00, 154, 93, 2.21, 41.99
12:27:16.447 -> 30.99, 0.08, 0.00, 154, 93, 0.45, 206.89
12:27:17.467 -> 30.99, 0.08, 0.00, 154, 93, 1.20, 77.45
12:27:18.510 -> 30.90, -0.02, -0.10, 150, 0, 2.21, 0.00
12:27:19.507 -> 30.99, 0.08, 0.10, 155, 36, 0.26, 137.55
12:27:20.543 -> 30.99, 0.08, 0.00, 154, 93, 0.49, 190.93
12:27:21.565 -> 30.99, 0.08, 0.00, 154, 93, 1.88, 49.55
12:27:22.579 -> 30.99, 0.08, 0.00, 154, 93, 0.86, 107.80
12:27:23.603 -> 30.99, 0.08, 0.00, 154, 93, 1.31, 70.81
12:27:24.639 -> 31.09, 0.17, 0.10, 158, 224, 2.44, 91.80
12:27:25.667 -> 30.99, 0.08, -0.10, 153, 0, 2.78, 0.00
12:27:26.666 -> 31.18, 0.27, 0.19, 162, 0, 0.07, 0.00
12:27:27.693 -> 31.28, 0.36, 0.10, 164, 0, 0.04, 0.00
12:27:28.718 -> 31.28, 0.36, 0.00, 163, 0, -0.00, 0.00
12:27:29.748 -> 31.28, 0.36, 0.00, 163, 0, 0.04, 0.00
12:27:30.784 -> 31.28, 0.36, 0.00, 163, 0, -0.04, 0.00
12:27:31.776 -> 31.37, 0.46, 0.10, 167, 1, 0.22, 4.46
12:27:32.816 -> 31.37, 0.46, 0.00, 166, 0, 0.04, 0.00
12:27:33.828 -> 31.37, 0.46, 0.00, 166, 0, -0.00, 0.00
12:27:34.868 -> 31.47, 0.55, 0.10, 170, 1, 0.07, 13.53
12:27:35.872 -> 31.47, 0.55, 0.00, 169, 0, 0.04, 0.00
12:27:36.899 -> 31.47, 0.55, 0.00, 169, 0, 0.04, 0.00
12:27:37.924 -> 31.47, 0.55, 0.00, 169, 0, -0.00, 0.00
12:27:38.959 -> 31.47, 0.55, 0.00, 169, 0, 0.04, 0.00
12:27:39.964 -> 31.47, 0.55, 0.00, 169, 0, 0.04, 0.00
12:27:40.996 -> 31.47, 0.55, 0.00, 169, 0, 0.04, 0.00
12:27:42.032 -> 31.47, 0.55, 0.00, 169, 0, 0.11, 0.00
12:27:43.060 -> 31.47, 0.55, 0.00, 169, 0, -0.00, 0.00
12:27:44.077 -> 31.47, 0.55, 0.00, 169, 0, -0.00, 0.00
12:27:45.081 -> 31.47, 0.55, 0.00, 169, 0, -0.00, 0.00
12:27:46.131 -> 31.47, 0.55, 0.00, 169, 0, -0.04, 0.00
12:27:47.137 -> 31.37, 0.46, -0.10, 165, 0, 0.04, 0.00
12:27:48.157 -> 31.37, 0.46, 0.00, 166, 0, -0.00, 0.00
12:27:49.189 -> 31.37, 0.46, 0.00, 166, 0, -0.00, 0.00
12:27:50.197 -> 31.37, 0.46, 0.00, 166, 0, 0.07, 0.00
12:27:51.221 -> 31.37, 0.46, 0.00, 166, 0, -0.00, 0.00
12:27:52.270 -> 31.37, 0.46, 0.00, 166, 0, 0.04, 0.00
12:27:53.280 -> 31.37, 0.46, 0.00, 166, 0, -0.04, 0.00
12:27:54.311 -> 31.28, 0.36, -0.10, 162, 0, 0.07, 0.00
12:27:55.313 -> 31.28, 0.36, 0.00, 163, 0, 0.04, 0.00
12:27:56.336 -> 31.28, 0.36, 0.00, 163, 0, -0.00, 0.00
12:27:57.371 -> 31.28, 0.36, 0.00, 163, 0, -0.00, 0.00
12:27:58.394 -> 31.28, 0.36, 0.00, 163, 0, -0.00, 0.00
12:27:59.414 -> 31.28, 0.36, 0.00, 163, 0, -0.00, 0.00
12:28:00.440 -> 31.18, 0.27, -0.10, 159, 0, -0.00, 0.00
12:28:01.462 -> 31.28, 0.36, 0.10, 164, 0, 0.04, 0.00
12:28:02.497 -> 31.28, 0.36, 0.00, 163, 0, 0.04, 0.00
12:28:03.515 -> 31.28, 0.36, 0.00, 163, 0, -0.00, 0.00
12:28:04.531 -> 31.18, 0.27, -0.10, 159, 0, 0.04, 0.00
12:28:05.559 -> 31.28, 0.36, 0.10, 164, 0, -0.04, 0.00
12:28:06.566 -> 31.18, 0.27, -0.10, 159, 0, 0.04, 0.00
12:28:07.589 -> 31.18, 0.27, 0.00, 160, 0, 0.04, 0.00
12:28:08.638 -> 31.18, 0.27, 0.00, 160, 0, 0.07, 0.00
12:28:09.656 -> 31.18, 0.27, 0.00, 160, 0, -0.00, 0.00
12:28:10.682 -> 31.18, 0.27, 0.00, 160, 0, 0.04, 0.00
12:28:11.674 -> 31.18, 0.27, 0.00, 160, 0, -0.00, 0.00
12:28:12.703 -> 31.09, 0.17, -0.10, 156, 0, -0.04, 0.00
12:28:13.722 -> 31.18, 0.27, 0.10, 161, 0, 0.04, 0.00
12:28:14.768 -> 31.09, 0.17, -0.10, 156, 0, -0.00, 0.00
12:28:15.791 -> 31.09, 0.17, 0.00, 157, 0, 0.04, 0.00
12:28:16.811 -> 31.09, 0.17, 0.00, 157, 0, 0.07, 0.00
12:28:17.831 -> 31.09, 0.17, 0.00, 157, 0, 0.04, 0.00
12:28:18.867 -> 30.99, 0.08, -0.10, 153, 0, 0.04, 0.00
12:28:19.864 -> 31.09, 0.17, 0.10, 158, 224, 0.07, 3030.28
12:28:20.902 -> 30.90, -0.02, -0.19, 246, 0, 3.49, 0.00
12:28:21.936 -> 31.09, 0.17, 0.19, 159, 0, 0.04, 0.00
12:28:22.935 -> 31.09, 0.17, 0.00, 157, 0, 0.04, 0.00
12:28:23.963 -> 31.09, 0.17, 0.00, 157, 0, 0.07, 0.00
12:28:24.988 -> 31.09, 0.17, 0.00, 157, 0, 0.04, 0.00
12:28:26.007 -> 30.99, 0.08, -0.10, 153, 0, 0.04, 0.00
12:28:27.036 -> 30.99, 0.08, 0.00, 154, 93, 0.26, 355.34
12:28:28.053 -> 30.99, 0.08, 0.00, 154, 93, 0.98, 95.35
12:28:29.071 -> 30.99, 0.08, 0.00, 154, 93, 2.48, 37.53
12:28:30.107 -> 30.99, 0.08, 0.00, 154, 93, 0.56, 165.42
12:28:31.128 -> 31.09, 0.17, 0.10, 158, 224, 1.01, 221.14
12:28:32.157 -> 30.90, -0.02, -0.19, 246, 0, 3.30, 0.00
12:28:33.184 -> 31.09, 0.17, 0.19, 159, 0, -0.00, 0.00
12:28:34.191 -> 30.99, 0.08, -0.10, 153, 0, -0.00, 0.00
12:28:35.209 -> 30.99, 0.08, 0.00, 154, 93, 0.22, 414.88
12:28:36.235 -> 31.09, 0.17, 0.10, 158, 224, 0.98, 229.66
12:28:37.256 -> 30.99, 0.08, -0.10, 153, 0, 3.34, 0.00
12:28:38.282 -> 31.18, 0.27, 0.19, 162, 0, 0.07, 0.00
12:28:39.299 -> 31.18, 0.27, 0.00, 160, 0, 0.04, 0.00
12:28:40.340 -> 31.09, 0.17, -0.10, 156, 0, 0.04, 0.00
12:28:41.356 -> 31.18, 0.27, 0.10, 161, 0, -0.00, 0.00
12:28:42.385 -> 31.28, 0.36, 0.10, 164, 0, 0.11, 0.00
12:28:43.413 -> 31.28, 0.36, 0.00, 163, 0, 0.04, 0.00
12:28:44.420 -> 31.28, 0.36, 0.00, 163, 0, 0.04, 0.00
12:28:45.457 -> 31.28, 0.36, 0.00, 163, 0, 0.04, 0.00
12:28:46.462 -> 31.37, 0.46, 0.10, 167, 1, 0.22, 4.46
12:28:47.488 -> 31.37, 0.46, 0.00, 166, 0, 0.04, 0.00
12:28:48.516 -> 31.28, 0.36, -0.10, 162, 0, 0.04, 0.00
12:28:49.545 -> 31.28, 0.36, 0.00, 163, 0, 0.07, 0.00
12:28:50.580 -> 31.37, 0.46, 0.10, 167, 1, 0.04, 27.50
12:28:51.586 -> 31.37, 0.46, 0.00, 166, 0, 0.15, 0.00
12:28:52.613 -> 31.37, 0.46, 0.00, 166, 0, 0.04, 0.00
12:28:53.634 -> 31.37, 0.46, 0.00, 166, 0, -0.04, 0.00
12:28:54.665 -> 31.28, 0.36, -0.10, 162, 0, -0.00, 0.00
12:28:55.672 -> 31.37, 0.46, 0.10, 167, 1, 0.04, 27.50
12:28:56.695 -> 31.37, 0.46, 0.00, 166, 0, 0.07, 0.00
12:28:57.725 -> 31.37, 0.46, 0.00, 166, 0, -0.00, 0.00
12:28:58.757 -> 31.37, 0.46, 0.00, 166, 0, -0.00, 0.00
12:28:59.778 -> 31.28, 0.36, -0.10, 162, 0, 0.11, 0.00
12:29:00.805 -> 31.28, 0.36, 0.00, 163, 0, -0.00, 0.00
12:29:01.815 -> 31.28, 0.36, 0.00, 163, 0, -0.00, 0.00
12:29:02.825 -> 31.28, 0.36, 0.00, 163, 0, -0.00, 0.00
12:29:03.858 -> 31.28, 0.36, 0.00, 163, 0, 0.04, 0.00
12:29:04.890 -> 31.28, 0.36, 0.00, 163, 0, -0.00, 0.00
12:29:05.918 -> 31.28, 0.36, 0.00, 163, 0, 0.04, 0.00
12:29:06.938 -> 31.28, 0.36, 0.00, 163, 0, 0.04, 0.00
12:29:07.954 -> 31.18, 0.27, -0.10, 159, 0, 0.04, 0.00
12:29:08.996 -> 31.28, 0.36, 0.10, 164, 0, 0.07, 0.00
12:29:09.990 -> 31.18, 0.27, -0.10, 159, 0, 0.04, 0.00
12:29:11.034 -> 31.18, 0.27, 0.00, 160, 0, 0.04, 0.00
12:29:12.034 -> 31.18, 0.27, 0.00, 160, 0, 0.07, 0.00
12:29:13.066 -> 31.18, 0.27, 0.00, 160, 0, -0.00, 0.00
12:29:14.109 -> 31.18, 0.27, 0.00, 160, 0, -0.00, 0.00
12:29:15.104 -> 31.18, 0.27, 0.00, 160, 0, -0.04, 0.00
12:29:16.147 -> 31.18, 0.27, 0.00, 160, 0, -0.00, 0.00
12:29:17.179 -> 31.18, 0.27, 0.00, 160, 0, -0.00, 0.00
12:29:18.166 -> 31.18, 0.27, 0.00, 160, 0, -0.00, 0.00
12:29:19.219 -> 31.18, 0.27, 0.00, 160, 0, 0.04, 0.00
12:29:20.235 -> 31.09, 0.17, -0.10, 156, 0, -0.00, 0.00
12:29:21.254 -> 31.09, 0.17, 0.00, 157, 0, -0.04, 0.00
12:29:22.273 -> 31.09, 0.17, 0.00, 157, 0, 0.04, 0.00
12:29:23.299 -> 31.09, 0.17, 0.00, 157, 0, -0.00, 0.00
12:29:24.315 -> 31.09, 0.17, 0.00, 157, 0, -0.04, 0.00
12:29:25.339 -> 31.09, 0.17, 0.00, 157, 0, 0.04, 0.00
12:29:26.353 -> 31.09, 0.17, 0.00, 157, 0, -0.00, 0.00
12:29:27.385 -> 31.09, 0.17, 0.00, 157, 0, 0.07, 0.00
12:29:28.415 -> 30.99, 0.08, -0.10, 153, 0, -0.00, 0.00
12:29:29.420 -> 31.09, 0.17, 0.10, 158, 224, 0.04, 6160.52
12:29:30.448 -> 30.90, -0.02, -0.19, 246, 0, 3.00, 0.00
12:29:31.471 -> 30.99, 0.08, 0.10, 155, 36, 0.26, 137.55
12:29:32.510 -> 30.99, 0.08, 0.00, 154, 93, 0.71, 130.54
12:29:33.533 -> 30.99, 0.08, 0.00, 154, 93, 1.84, 50.56
12:29:34.568 -> 30.99, 0.08, 0.00, 154, 93, 0.75, 124.00
12:29:35.563 -> 30.99, 0.08, 0.00, 154, 93, 1.69, 55.06
12:29:36.587 -> 30.99, 0.08, 0.00, 154, 93, 2.52, 36.97
12:29:37.617 -> 30.99, 0.08, 0.00, 154, 93, 0.86, 107.80
12:29:38.655 -> 30.90, -0.02, -0.10, 150, 0, 0.98, 0.00
12:29:39.659 -> 30.99, 0.08, 0.10, 155, 36, -0.04, -928.80
12:29:40.678 -> 30.99, 0.08, 0.00, 154, 93, 0.19, 498.39
12:29:41.730 -> 30.99, 0.08, 0.00, 154, 93, 1.43, 65.21
12:29:42.745 -> 30.99, 0.08, 0.00, 154, 93, 2.25, 41.29
12:29:43.775 -> 31.09, 0.17, 0.10, 158, 224, 0.52, 426.96
12:29:44.769 -> 30.99, 0.08, -0.10, 153, 0, 3.45, 0.00
12:29:45.812 -> 31.18, 0.27, 0.19, 162, 0, -0.04, 0.00
12:29:46.824 -> 31.09, 0.17, -0.10, 156, 0, -0.00, 0.00
12:29:47.848 -> 31.18, 0.27, 0.10, 161, 0, 0.04, 0.00
12:29:48.885 -> 31.18, 0.27, 0.00, 160, 0, -0.08, 0.00
12:29:49.908 -> 31.28, 0.36, 0.10, 164, 0, -0.00, 0.00
12:29:50.937 -> 31.28, 0.36, 0.00, 163, 0, -0.00, 0.00
12:29:51.958 -> 31.28, 0.36, 0.00, 163, 0, 0.07, 0.00
12:29:52.976 -> 31.28, 0.36, 0.00, 163, 0, 0.04, 0.00
12:29:53.976 -> 31.37, 0.46, 0.10, 167, 1, 0.26, 3.82
12:29:55.005 -> 31.37, 0.46, 0.00, 166, 0, 0.11, 0.00
12:29:56.035 -> 31.37, 0.46, 0.00, 166, 0, 0.04, 0.00
12:29:57.053 -> 31.37, 0.46, 0.00, 166, 0, 0.04, 0.00
12:29:58.088 -> 31.37, 0.46, 0.00, 166, 0, 0.04, 0.00
12:29:59.119 -> 31.37, 0.46, 0.00, 166, 0, -0.04, 0.00
12:30:00.127 -> 31.37, 0.46, 0.00, 166, 0, 0.04, 0.00
12:30:01.161 -> 31.37, 0.46, 0.00, 166, 0, 0.04, 0.00
12:30:02.166 -> 31.37, 0.46, 0.00, 166, 0, 0.04, 0.00
12:30:03.187 -> 31.37, 0.46, 0.00, 166, 0, 0.04, 0.00
12:30:04.234 -> 31.37, 0.46, 0.00, 166, 0, -0.00, 0.00
12:30:05.241 -> 31.37, 0.46, 0.00, 166, 0, -0.00, 0.00
12:30:06.257 -> 31.37, 0.46, 0.00, 166, 0, -0.04, 0.00
12:30:07.281 -> 31.37, 0.46, 0.00, 166, 0, 0.04, 0.00
12:30:08.294 -> 31.37, 0.46, 0.00, 166, 0, -0.00, 0.00
12:30:09.351 -> 31.37, 0.46, 0.00, 166, 0, -0.00, 0.00
12:30:10.346 -> 31.37, 0.46, 0.00, 166, 0, -0.04, 0.00
12:30:11.378 -> 31.28, 0.36, -0.10, 162, 0, -0.00, 0.00
12:30:12.406 -> 31.28, 0.36, 0.00, 163, 0, -0.00, 0.00
12:30:13.429 -> 31.28, 0.36, 0.00, 163, 0, 0.04, 0.00
12:30:14.465 -> 31.28, 0.36, 0.00, 163, 0, 0.04, 0.00
12:30:15.491 -> 31.28, 0.36, 0.00, 163, 0, 0.04, 0.00
12:30:16.506 -> 31.28, 0.36, 0.00, 163, 0, 0.04, 0.00
12:30:17.523 -> 31.28, 0.36, 0.00, 163, 0, 0.07, 0.00
12:30:18.554 -> 31.18, 0.27, -0.10, 159, 0, -0.00, 0.00
12:30:19.562 -> 31.18, 0.27, 0.00, 160, 0, 0.04, 0.00
12:30:20.574 -> 31.28, 0.36, 0.10, 164, 0, -0.00, 0.00
12:30:21.599 -> 31.18, 0.27, -0.10, 159, 0, -0.04, 0.00
12:30:22.630 -> 31.18, 0.27, 0.00, 160, 0, -0.00, 0.00
12:30:23.655 -> 31.18, 0.27, 0.00, 160, 0, 0.04, 0.00
12:30:24.686 -> 31.18, 0.27, 0.00, 160, 0, 0.04, 0.00
12:30:25.705 -> 31.18, 0.27, 0.00, 160, 0, 0.07, 0.00
12:30:26.735 -> 31.09, 0.17, -0.10, 156, 0, -0.00, 0.00
12:30:27.738 -> 31.09, 0.17, 0.00, 157, 0, 0.04, 0.00
12:30:28.779 -> 31.09, 0.17, 0.00, 157, 0, 0.04, 0.00
12:30:29.799 -> 31.09, 0.17, 0.00, 157, 0, 0.11, 0.00
12:30:30.830 -> 31.09, 0.17, 0.00, 157, 0, 0.04, 0.00
12:30:31.839 -> 31.09, 0.17, 0.00, 157, 0, 0.04, 0.00
12:30:32.867 -> 31.09, 0.17, 0.00, 157, 0, 0.04, 0.00
12:30:33.896 -> 31.09, 0.17, 0.00, 157, 0, -0.00, 0.00
12:30:34.929 -> 31.09, 0.17, 0.00, 157, 0, 0.07, 0.00
12:30:35.934 -> 31.09, 0.17, 0.00, 157, 0, -0.00, 0.00
12:30:36.956 -> 31.09, 0.17, 0.00, 157, 0, 0.04, 0.00
12:30:37.984 -> 31.09, 0.17, 0.00, 157, 0, 0.04, 0.00
12:30:38.987 -> 31.09, 0.17, 0.00, 157, 0, 0.07, 0.00
12:30:40.013 -> 30.99, 0.08, -0.10, 153, 0, 0.04, 0.00
12:30:41.056 -> 30.99, 0.08, 0.00, 154, 93, -0.00, -77531.42
12:30:42.081 -> 30.99, 0.08, 0.00, 154, 93, 2.06, 45.04
12:30:43.085 -> 30.99, 0.08, 0.00, 154, 93, 1.99, 46.75
12:30:44.107 -> 30.90, -0.02, -0.10, 150, 0, 0.64, 0.00
12:30:45.152 -> 30.99, 0.08, 0.10, 155, 36, -0.00, -30012.16
12:30:46.149 -> 30.99, 0.08, 0.00, 154, 93, 0.94, 99.17
12:30:47.176 -> 30.99, 0.08, 0.00, 154, 93, 1.16, 79.95
12:30:48.197 -> 30.90, -0.02, -0.10, 150, 0, 1.01, 0.00
12:30:49.245 -> 30.99, 0.08, 0.10, 155, 36, -0.00, -30012.16
12:30:50.265 -> 30.99, 0.08, 0.00, 154, 93, 1.16, 79.95
12:30:51.296 -> 30.99, 0.08, 0.00, 154, 93, 1.88, 49.55
12:30:52.287 -> 30.99, 0.08, 0.00, 154, 93, 0.67, 137.80
12:30:53.341 -> 30.99, 0.08, 0.00, 154, 93, 1.13, 82.62
12:30:54.351 -> 30.99, 0.08, 0.00, 154, 93, 2.44, 38.11
12:30:55.360 -> 30.99, 0.08, 0.00, 154, 93, 1.61, 57.62
12:30:56.392 -> 31.09, 0.17, 0.10, 158, 224, 0.75, 298.67
12:30:57.420 -> 30.99, 0.08, -0.10, 153, 0, 3.42, 0.00
12:30:58.453 -> 31.09, 0.17, 0.10, 158, 224, 0.26, 855.87
12:30:59.454 -> 30.99, 0.08, -0.10, 153, 0, 2.78, 0.00
12:31:00.493 -> 31.18, 0.27, 0.19, 162, 0, -0.00, 0.00
12:31:01.517 -> 31.18, 0.27, 0.00, 160, 0, -0.00, 0.00
12:31:02.545 -> 31.28, 0.36, 0.10, 164, 0, -0.00, 0.00
12:31:03.554 -> 31.18, 0.27, -0.10, 159, 0, -0.00, 0.00
12:31:04.575 -> 31.28, 0.36, 0.10, 164, 0, 0.04, 0.00
12:31:05.618 -> 31.37, 0.46, 0.10, 167, 1, 0.34, 2.97
12:31:06.629 -> 31.37, 0.46, 0.00, 166, 0, 0.04, 0.00
12:31:07.653 -> 31.37, 0.46, 0.00, 166, 0, -0.00, 0.00
12:31:08.688 -> 31.47, 0.55, 0.10, 170, 1, 0.07, 13.53
12:31:09.700 -> 31.37, 0.46, -0.10, 165, 0, 0.11, 0.00
12:31:10.717 -> 31.47, 0.55, 0.10, 170, 1, 0.04, 27.50
12:31:11.727 -> 31.47, 0.55, 0.00, 169, 0, 0.07, 0.00
12:31:12.770 -> 31.37, 0.46, -0.10, 165, 0, -0.00, 0.00
12:31:13.778 -> 31.47, 0.55, 0.10, 170, 1, 0.04, 27.50
12:31:14.822 -> 31.47, 0.55, 0.00, 169, 0, 0.11, 0.00
12:31:15.837 -> 31.47, 0.55, 0.00, 169, 0, 0.04, 0.00
12:31:16.843 -> 31.47, 0.55, 0.00, 169, 0, 0.07, 0.00
12:31:17.899 -> 31.37, 0.46, -0.10, 165, 0, 0.04, 0.00
12:31:18.910 -> 31.37, 0.46, 0.00, 166, 0, 0.04, 0.00
12:31:19.910 -> 31.47, 0.55, 0.10, 170, 1, 0.04, 27.50
12:31:20.961 -> 31.37, 0.46, -0.10, 165, 0, -0.00, 0.00
12:31:21.974 -> 31.47, 0.55, 0.10, 170, 1, -0.00, -833.67
12:31:23.011 -> 31.37, 0.46, -0.10, 165, 0, 0.04, 0.00
12:31:24.027 -> 31.37, 0.46, 0.00, 166, 0, -0.00, 0.00
12:31:25.047 -> 31.37, 0.46, 0.00, 166, 0, -0.04, 0.00
12:31:26.071 -> 31.37, 0.46, 0.00, 166, 0, -0.00, 0.00
12:31:27.096 -> 31.37, 0.46, 0.00, 166, 0, 0.04, 0.00
12:31:28.127 -> 31.37, 0.46, 0.00, 166, 0, -0.00, 0.00
12:31:29.116 -> 31.37, 0.46, 0.00, 166, 0, 0.04, 0.00
12:31:30.158 -> 31.28, 0.36, -0.10, 162, 0, -0.00, 0.00
12:31:31.162 -> 31.28, 0.36, 0.00, 163, 0, -0.00, 0.00
12:31:32.212 -> 31.28, 0.36, 0.00, 163, 0, -0.00, 0.00
12:31:33.239 -> 31.18, 0.27, -0.10, 159, 0, 0.07, 0.00
12:31:34.239 -> 31.18, 0.27, 0.00, 160, 0, 0.04, 0.00
12:31:35.257 -> 31.18, 0.27, 0.00, 160, 0, 0.04, 0.00
12:31:36.291 -> 31.09, 0.17, -0.10, 156, 0, 0.04, 0.00
12:31:37.309 -> 31.28, 0.36, 0.19, 165, 0, 0.07, 0.00
12:31:38.342 -> 31.18, 0.27, -0.10, 159, 0, 0.04, 0.00
12:31:39.344 -> 31.18, 0.27, 0.00, 160, 0, 0.04, 0.00
12:31:40.387 -> 31.18, 0.27, 0.00, 160, 0, 0.04, 0.00
12:31:41.395 -> 31.09, 0.17, -0.10, 156, 0, 0.11, 0.00
12:31:42.427 -> 31.09, 0.17, 0.00, 157, 0, 0.04, 0.00
12:31:43.453 -> 31.18, 0.27, 0.10, 161, 0, 0.04, 0.00
12:31:44.483 -> 31.09, 0.17, -0.10, 156, 0, 0.04, 0.00
12:31:45.481 -> 31.18, 0.27, 0.10, 161, 0, 0.07, 0.00
12:31:46.508 -> 31.09, 0.17, -0.10, 156, 0, 0.04, 0.00
12:31:47.535 -> 31.09, 0.17, 0.00, 157, 0, 0.04, 0.00
12:31:48.570 -> 31.09, 0.17, 0.00, 157, 0, -0.00, 0.00
12:31:49.604 -> 31.09, 0.17, 0.00, 157, 0, 0.04, 0.00
12:31:50.624 -> 31.09, 0.17, 0.00, 157, 0, 0.04, 0.00
12:31:51.631 -> 31.09, 0.17, 0.00, 157, 0, -0.00, 0.00
12:31:52.644 -> 30.99, 0.08, -0.10, 153, 0, 0.04, 0.00
12:31:53.670 -> 30.99, 0.08, 0.00, 154, 93, 0.04, 2557.71
12:31:54.719 -> 30.99, 0.08, 0.00, 154, 93, 0.75, 124.00
12:31:55.716 -> 30.99, 0.08, 0.00, 154, 93, 1.46, 63.54
12:31:56.752 -> 30.99, 0.08, 0.00, 154, 93, 1.95, 47.65
12:31:57.766 -> 30.99, 0.08, 0.00, 154, 93, 0.79, 118.09
12:31:58.784 -> 30.99, 0.08, 0.00, 154, 93, 2.29, 40.61
12:31:59.808 -> 31.09, 0.17, 0.10, 158, 224, 1.84, 121.79
12:32:00.844 -> 30.90, -0.02, -0.19, 246, 0, 2.85, 0.00
12:32:01.857 -> 30.99, 0.08, 0.10, 155, 36, -0.00, -30012.16
12:32:02.879 -> 30.99, 0.08, 0.00, 154, 93, 0.71, 130.54
12:32:03.902 -> 30.99, 0.08, 0.00, 154, 93, 1.69, 55.06
12:32:04.921 -> 30.99, 0.08, 0.00, 154, 93, 0.67, 137.80
