12:32:33.583 -> 31.37, 0.46, -0.10, 165, 0, -0.00, 0.00
12:32:36.015 -> Timestamp, Temperature (ºC), Error, Delta_T, State, PWM output, Current, PWM / Current
12:32:37.054 -> 31.37, 31.37, 31.37, -885, 255, 0.26, 974.32
12:32:38.078 -> 31.28, 31.28, -0.10, -912, 191, 3.64, 52.44
12:32:39.076 -> 31.18, 31.18, -0.10, -915, 179, 2.85, 62.73
12:32:40.121 -> 31.18, 31.18, 0.00, -914, 174, 1.69, 103.02
12:32:41.128 -> 31.18, 31.18, 0.00, -914, 174, 1.80, 96.58
12:32:42.155 -> 35.98
12:32:42.155 -> 31.18, -4.80, 0.00, 7, 187, 1.73, 108.31
12:32:43.172 -> 31.18, -4.80, 0.00, 7, 187, 3.38, 55.34
12:32:44.199 -> 31.18, -4.80, 0.00, 7, 187, 2.21, 84.43
12:32:45.237 -> 31.28, -4.70, 0.10, 11, 0, 3.30, 0.00
12:32:46.264 -> 31.28, -4.70, 0.00, 10, 245, 0.30, 818.63
12:32:47.281 -> 31.18, -4.80, -0.10, 6, 0, 3.57, 0.00
12:32:48.313 -> 31.37, -4.61, 0.19, 15, 0, -0.00, 0.00
12:32:49.305 -> 31.37, -4.61, 0.00, 13, 244, 0.26, 932.29
12:32:50.336 -> 31.37, -4.61, 0.00, 13, 244, 3.64, 66.99
12:32:51.354 -> 31.37, -4.61, 0.00, 13, 244, 3.75, 64.98
12:32:52.393 -> 31.37, -4.61, 0.00, 13, 244, 3.64, 66.99
12:32:53.418 -> 31.47, -4.51, 0.10, 17, 0, 3.53, 0.00
12:32:54.451 -> 31.66, -4.32, 0.19, 24, 0, -0.00, 0.00
12:32:55.460 -> 31.66, -4.32, 0.00, 22, 253, 0.04, 6958.08
12:32:56.498 -> 31.57, -4.42, -0.10, 18, 0, 3.60, 0.00
12:32:57.489 -> 31.76, -4.23, 0.19, 27, 0, 0.04, 0.00
12:32:58.526 -> 31.76, -4.23, 0.00, 25, 230, 0.22, 1026.05
12:32:59.552 -> 31.76, -4.23, 0.00, 25, 230, 3.38, 68.06
12:33:00.593 -> 31.76, -4.23, 0.00, 25, 230, 3.72, 61.87
12:33:01.605 -> 31.76, -4.23, 0.00, 25, 230, 3.64, 63.15
12:33:02.608 -> 31.76, -4.23, 0.00, 25, 230, 3.49, 65.87
12:33:03.663 -> 31.85, -4.13, 0.10, 29, 254, 3.45, 73.53
12:33:04.664 -> 31.85, -4.13, 0.00, 28, 253, 3.79, 66.71
12:33:05.686 -> 31.85, -4.13, 0.00, 28, 253, 3.87, 65.42
12:33:06.710 -> 31.85, -4.13, 0.00, 28, 253, 3.79, 66.71
12:33:07.722 -> 31.95, -4.03, 0.10, 32, 254, 3.75, 67.65
12:33:08.738 -> 31.95, -4.03, 0.00, 31, 253, 3.75, 67.38
12:33:09.780 -> 31.95, -4.03, 0.00, 31, 253, 3.75, 67.38
12:33:10.815 -> 32.05, -3.94, 0.10, 35, 253, 3.79, 66.71
12:33:11.846 -> 32.05, -3.94, 0.00, 34, 253, 3.75, 67.38
12:33:12.838 -> 32.05, -3.94, 0.00, 34, 253, 3.83, 66.06
12:33:13.858 -> 32.14, -3.84, 0.10, 38, 249, 3.79, 65.66
12:33:14.899 -> 32.14, -3.84, 0.00, 37, 246, 3.68, 66.85
12:33:15.928 -> 32.24, -3.74, 0.10, 41, 253, 3.75, 67.38
12:33:16.947 -> 32.24, -3.74, 0.00, 40, 246, 3.75, 65.52
12:33:17.951 -> 32.34, -3.65, 0.10, 44, 243, 3.57, 68.12
12:33:19.005 -> 32.34, -3.65, 0.00, 43, 249, 3.75, 66.31
12:33:20.020 -> 32.34, -3.65, 0.00, 43, 249, 3.72, 66.98
12:33:21.051 -> 32.44, -3.55, 0.10, 47, 243, 3.75, 64.72
12:33:22.056 -> 32.44, -3.55, 0.00, 46, 251, 3.64, 68.92
12:33:23.077 -> 32.53, -3.45, 0.10, 47, 243, 3.75, 64.72
12:33:24.110 -> 32.53, -3.45, 0.00, 46, 251, 3.68, 68.21
12:33:25.133 -> 32.63, -3.35, 0.10, 50, 249, 3.79, 65.66
12:33:26.165 -> 32.63, -3.35, 0.00, 49, 253, 3.57, 70.93
12:33:27.167 -> 32.73, -3.26, 0.10, 53, 253, 3.79, 66.71
12:33:28.201 -> 32.73, -3.26, 0.00, 52, 243, 3.79, 64.08
12:33:29.218 -> 32.83, -3.16, 0.10, 56, 251, 3.49, 71.88
12:33:30.244 -> 32.83, -3.16, 0.00, 55, 251, 3.72, 67.52
12:33:31.281 -> 32.92, -3.06, 0.10, 59, 251, 3.79, 66.19
12:33:32.299 -> 32.92, -3.06, 0.00, 58, 253, 3.75, 67.38
12:33:33.310 -> 33.02, -2.96, 0.10, 62, 251, 3.79, 66.19
12:33:34.342 -> 33.02, -2.96, 0.00, 61, 253, 3.75, 67.38
12:33:35.347 -> 33.02, -2.96, 0.00, 61, 253, 3.75, 67.38
12:33:36.396 -> 33.12, -2.86, 0.10, 65, 249, 3.75, 66.31
12:33:37.384 -> 33.12, -2.86, 0.00, 64, 251, 3.79, 66.19
12:33:38.413 -> 33.12, -2.86, 0.00, 64, 251, 3.79, 66.19
12:33:39.440 -> 33.22, -2.77, 0.10, 68, 253, 3.79, 66.71
12:33:40.459 -> 33.22, -2.77, 0.00, 67, 249, 3.68, 67.67
12:33:41.477 -> 33.32, -2.67, 0.10, 71, 249, 3.75, 66.31
12:33:42.532 -> 33.32, -2.67, 0.00, 70, 251, 3.75, 66.85
12:33:43.530 -> 33.42, -2.57, 0.10, 74, 249, 3.75, 66.31
12:33:44.558 -> 33.42, -2.57, 0.00, 73, 251, 3.79, 66.19
12:33:45.589 -> 33.42, -2.57, 0.00, 73, 251, 3.75, 66.85
12:33:46.617 -> 33.51, -2.47, 0.10, 77, 243, 3.68, 66.04
12:33:47.645 -> 33.51, -2.47, 0.00, 76, 231, 3.75, 61.52
12:33:48.657 -> 33.61, -2.37, 0.10, 80, 253, 3.38, 74.87
12:33:49.669 -> 33.61, -2.37, 0.00, 79, 231, 3.79, 60.91
12:33:50.689 -> 33.71, -2.27, 0.10, 83, 251, 3.72, 67.52
12:33:51.710 -> 33.71, -2.27, 0.00, 82, 231, 3.57, 64.76
12:33:52.740 -> 33.71, -2.27, 0.00, 82, 231, 3.64, 63.42
12:33:53.785 -> 33.81, -2.17, 0.10, 86, 251, 3.23, 77.73
12:33:54.801 -> 33.81, -2.17, 0.00, 85, 251, 3.79, 66.19
12:33:55.809 -> 33.91, -2.07, 0.10, 89, 103, 3.75, 27.43
12:33:56.837 -> 34.01, -1.97, 0.10, 92, 14, 1.39, 10.08
12:33:57.869 -> 34.11, -1.87, 0.10, 95, 249, 0.04, 6848.07
12:33:58.895 -> 34.01, -1.97, -0.10, 90, 0, 3.57, 0.00
12:33:59.917 -> 34.21, -1.77, 0.20, 99, 0, 0.04, 0.00
12:34:00.939 -> 34.31, -1.67, 0.10, 101, 14, 0.30, 46.78
12:34:01.939 -> 34.31, -1.67, 0.00, 100, 7, 0.67, 10.37
12:34:02.965 -> 34.41, -1.57, 0.10, 104, 108, 0.07, 1461.03
12:34:04.018 -> 34.31, -1.67, -0.10, 99, 0, 1.31, 0.00
12:34:05.042 -> 34.41, -1.57, 0.10, 104, 108, 0.04, 2970.25
12:34:06.062 -> 34.41, -1.57, 0.00, 103, 44, 1.01, 43.44
12:34:07.087 -> 34.51, -1.47, 0.10, 107, 251, 0.67, 371.92
12:34:08.110 -> 34.41, -1.57, -0.10, 102, 0, 3.64, 0.00
12:34:09.126 -> 34.51, -1.47, 0.10, 107, 251, 0.26, 959.04
12:34:10.152 -> 34.41, -1.57, -0.10, 102, 0, 3.57, 0.00
12:34:11.146 -> 34.51, -1.47, 0.10, 107, 251, 0.22, 1119.73
12:34:12.200 -> 34.41, -1.57, -0.10, 102, 0, 3.53, 0.00
12:34:13.232 -> 34.61, -1.37, 0.20, 111, 0, 0.04, 0.00
12:34:14.223 -> 34.61, -1.37, 0.00, 109, 160, 0.34, 475.00
12:34:15.242 -> 34.51, -1.47, -0.10, 105, 0, 2.48, 0.00
12:34:16.271 -> 34.61, -1.37, 0.10, 110, 149, 0.22, 664.70
12:34:17.319 -> 34.51, -1.47, -0.10, 105, 0, 2.10, 0.00
12:34:18.312 -> 34.61, -1.37, 0.10, 110, 149, -0.04, -3844.21
12:34:19.351 -> 34.61, -1.37, 0.00, 109, 160, 2.33, 68.74
12:34:20.378 -> 34.61, -1.37, 0.00, 109, 160, 1.50, 106.58
12:34:21.393 -> 34.61, -1.37, 0.00, 109, 160, 2.48, 64.57
12:34:22.425 -> 34.61, -1.37, 0.00, 109, 160, 3.23, 49.55
12:34:23.449 -> 34.71, -1.27, 0.10, 113, 149, 2.85, 52.22
12:34:24.465 -> 34.71, -1.27, 0.00, 112, 136, 1.58, 86.28
12:34:25.497 -> 34.82, -1.17, 0.10, 116, 198, 1.99, 99.52
12:34:26.513 -> 34.71, -1.27, -0.10, 111, 0, 3.08, 0.00
12:34:27.527 -> 34.92, -1.07, 0.20, 120, 0, -0.00, 0.00
12:34:28.570 -> 34.92, -1.07, 0.00, 118, 7, 0.15, 46.97
12:34:29.566 -> 35.02, -0.96, 0.10, 122, 244, -0.00, -203415.76
12:34:30.604 -> 34.82, -1.17, -0.20, 210, 0, 3.60, 0.00
12:34:31.640 -> 35.02, -0.96, 0.20, 123, 0, 0.04, 0.00
12:34:32.641 -> 35.02, -0.96, 0.00, 121, 0, -0.00, 0.00
12:34:33.663 -> 35.12, -0.86, 0.10, 125, 244, 0.26, 932.29
12:34:34.688 -> 35.02, -0.96, -0.10, 120, 0, 3.49, 0.00
12:34:35.714 -> 35.22, -0.76, 0.20, 129, 0, 0.04, 0.00
12:34:36.748 -> 35.22, -0.76, 0.00, 127, 0, -0.04, 0.00
12:34:37.755 -> 35.22, -0.76, 0.00, 127, 0, 0.04, 0.00
12:34:38.779 -> 35.22, -0.76, 0.00, 127, 0, 0.04, 0.00
12:34:39.815 -> 35.22, -0.76, 0.00, 127, 0, -0.04, 0.00
12:34:40.821 -> 35.32, -0.66, 0.10, 131, 211, 0.19, 1130.76
12:34:41.871 -> 35.22, -0.76, -0.10, 126, 0, 2.74, 0.00
12:34:42.889 -> 35.32, -0.66, 0.10, 131, 211, 0.22, 941.29
12:34:43.914 -> 35.22, -0.76, -0.10, 126, 0, 3.30, 0.00
12:34:44.908 -> 35.32, -0.66, 0.10, 131, 211, 0.22, 941.29
12:34:45.934 -> 35.22, -0.76, -0.10, 126, 0, 3.42, 0.00
12:34:46.963 -> 35.32, -0.66, 0.10, 131, 211, 0.37, 563.57
12:34:47.997 -> 35.22, -0.76, -0.10, 126, 0, 3.04, 0.00
12:34:49.017 -> 35.43, -0.56, 0.20, 135, 0, 0.04, 0.00
12:34:50.054 -> 35.43, -0.56, 0.00, 133, 7, 0.26, 26.75
12:34:51.085 -> 35.43, -0.56, 0.00, 133, 7, 0.34, 20.78
12:34:52.072 -> 35.43, -0.56, 0.00, 133, 7, 0.15, 46.97
12:34:53.092 -> 35.43, -0.56, 0.00, 133, 7, 0.30, 23.39
12:34:54.131 -> 35.53, -0.45, 0.10, 137, 110, 0.15, 738.05
12:34:55.149 -> 35.43, -0.56, -0.10, 132, 0, 1.16, 0.00
12:34:56.181 -> 35.53, -0.45, 0.10, 137, 110, 0.04, 3025.25
12:34:57.186 -> 35.53, -0.45, 0.00, 136, 7, 2.06, 3.39
12:34:58.240 -> 35.63, -0.35, 0.10, 140, 149, 0.15, 999.73
12:34:59.261 -> 35.53, -0.45, -0.10, 135, 0, 2.89, 0.00
12:35:00.284 -> 35.63, -0.35, 0.10, 140, 149, 0.04, 4097.84
12:35:01.277 -> 35.53, -0.45, -0.10, 135, 0, 1.95, 0.00
12:35:02.306 -> 35.63, -0.35, 0.10, 140, 149, 0.22, 664.70
12:35:03.336 -> 35.53, -0.45, -0.10, 135, 0, 2.74, 0.00
12:35:04.383 -> 35.73, -0.25, 0.21, 147, 0, -0.00, 0.00
12:35:05.402 -> 35.73, -0.25, 0.00, 145, 171, 0.04, 4702.89
12:35:06.401 -> 35.53, -0.45, -0.21, 231, 0, 3.15, 0.00
12:35:07.438 -> 35.73, -0.25, 0.21, 147, 0, -0.00, 0.00
12:35:08.454 -> 35.73, -0.25, 0.00, 145, 171, 0.34, 507.66
12:35:09.494 -> 35.63, -0.35, -0.10, 138, 0, 2.82, 0.00
12:35:10.518 -> 35.84, -0.15, 0.21, 150, 0, 0.04, 0.00
12:35:11.523 -> 35.84, -0.15, 0.00, 148, 55, 0.26, 210.15
12:35:12.550 -> 35.84, -0.15, 0.00, 148, 55, 1.35, 40.71
12:35:13.570 -> 35.84, -0.15, 0.00, 148, 55, 1.73, 31.86
12:35:14.597 -> 35.84, -0.15, 0.00, 148, 55, 0.49, 112.92
12:35:15.631 -> 35.84, -0.15, 0.00, 148, 55, 1.05, 52.36
12:35:16.660 -> 35.94, -0.04, 0.10, 152, 37, 1.80, 20.54
12:35:17.654 -> 35.94, -0.04, 0.00, 151, 7, 0.26, 26.75
12:35:18.674 -> 35.94, -0.04, 0.00, 151, 7, 0.22, 31.23
12:35:19.697 -> 36.04, 0.06, 0.10, 155, 36, 0.34, 106.88
12:35:20.722 -> 36.04, 0.06, 0.00, 154, 93, 0.34, 276.09
12:35:21.759 -> 35.94, -0.04, -0.10, 150, 0, 2.06, 0.00
12:35:22.790 -> 36.04, 0.06, 0.10, 155, 36, 0.07, 487.01
12:35:23.819 -> 36.04, 0.06, 0.00, 154, 93, 0.30, 310.74
12:35:24.823 -> 36.04, 0.06, 0.00, 154, 93, 1.91, 48.58
12:35:25.861 -> 36.04, 0.06, 0.00, 154, 93, 1.31, 70.81
12:35:26.883 -> 36.04, 0.06, 0.00, 154, 93, 1.13, 82.62
12:35:27.887 -> 36.04, 0.06, 0.00, 154, 93, 2.44, 38.11
12:35:28.929 -> 36.04, 0.06, 0.00, 154, 93, 1.46, 63.54
12:35:29.937 -> 36.04, 0.06, 0.00, 154, 93, 0.75, 124.00
12:35:30.962 -> 36.15, 0.16, 0.10, 158, 224, 0.98, 229.66
12:35:31.976 -> 36.04, 0.06, -0.10, 153, 0, 3.30, 0.00
12:35:33.007 -> 36.25, 0.27, 0.21, 162, 0, -0.00, 0.00
12:35:34.022 -> 36.25, 0.27, 0.00, 160, 0, -0.00, 0.00
12:35:35.061 -> 36.25, 0.27, 0.00, 160, 0, 0.11, 0.00
12:35:36.093 -> 36.25, 0.27, 0.00, 160, 0, 0.04, 0.00
12:35:37.121 -> 36.25, 0.27, 0.00, 160, 0, -0.00, 0.00
12:35:38.114 -> 36.36, 0.37, 0.10, 164, 0, 0.04, 0.00
12:35:39.137 -> 36.36, 0.37, 0.00, 163, 0, 0.04, 0.00
12:35:40.178 -> 36.36, 0.37, 0.00, 163, 0, -0.00, 0.00
12:35:41.188 -> 36.36, 0.37, 0.00, 163, 0, -0.00, 0.00
12:35:42.224 -> 36.46, 0.48, 0.10, 167, 1, 0.11, 8.97
12:35:43.253 -> 36.46, 0.48, 0.00, 166, 0, 0.11, 0.00
12:35:44.282 -> 36.46, 0.48, 0.00, 166, 0, 0.04, 0.00
12:35:45.293 -> 36.46, 0.48, 0.00, 166, 0, -0.00, 0.00
12:35:46.296 -> 36.46, 0.48, 0.00, 166, 0, -0.04, 0.00
12:35:47.349 -> 36.46, 0.48, 0.00, 166, 0, -0.00, 0.00
12:35:48.344 -> 36.46, 0.48, 0.00, 166, 0, 0.04, 0.00
12:35:49.384 -> 36.46, 0.48, 0.00, 166, 0, 0.07, 0.00
12:35:50.416 -> 36.46, 0.48, 0.00, 166, 0, -0.00, 0.00
12:35:51.415 -> 36.46, 0.48, 0.00, 166, 0, -0.00, 0.00
12:35:52.461 -> 36.46, 0.48, 0.00, 166, 0, 0.04, 0.00
12:35:53.465 -> 36.46, 0.48, 0.00, 166, 0, -0.00, 0.00
12:35:54.501 -> 36.46, 0.48, 0.00, 166, 0, -0.00, 0.00
12:35:55.539 -> 36.46, 0.48, 0.00, 166, 0, 0.04, 0.00
12:35:56.533 -> 36.46, 0.48, 0.00, 166, 0, 0.04, 0.00
12:35:57.557 -> 36.46, 0.48, 0.00, 166, 0, 0.07, 0.00
12:35:58.593 -> 36.46, 0.48, 0.00, 166, 0, -0.00, 0.00
12:35:59.622 -> 36.46, 0.48, 0.00, 166, 0, 0.04, 0.00
12:36:00.650 -> 36.46, 0.48, 0.00, 166, 0, -0.04, 0.00
12:36:01.641 -> 36.46, 0.48, 0.00, 166, 0, 0.04, 0.00
12:36:02.678 -> 36.46, 0.48, 0.00, 166, 0, 0.04, 0.00
12:36:03.721 -> 36.46, 0.48, 0.00, 166, 0, 0.04, 0.00
12:36:04.717 -> 36.46, 0.48, 0.00, 166, 0, 0.07, 0.00
12:36:05.735 -> 36.46, 0.48, 0.00, 166, 0, -0.00, 0.00
12:36:06.764 -> 36.46, 0.48, 0.00, 166, 0, -0.00, 0.00
12:36:07.797 -> 36.46, 0.48, 0.00, 166, 0, 0.07, 0.00
12:36:08.806 -> 36.46, 0.48, 0.00, 166, 0, 0.07, 0.00
12:36:09.852 -> 36.36, 0.37, -0.10, 162, 0, 0.04, 0.00
12:36:10.848 -> 36.36, 0.37, 0.00, 163, 0, 0.04, 0.00
12:36:11.890 -> 36.36, 0.37, 0.00, 163, 0, 0.07, 0.00
12:36:12.902 -> 36.36, 0.37, 0.00, 163, 0, -0.00, 0.00
12:36:13.942 -> 36.36, 0.37, 0.00, 163, 0, 0.04, 0.00
12:36:14.941 -> 36.36, 0.37, 0.00, 163, 0, -0.00, 0.00
12:36:15.962 -> 36.36, 0.37, 0.00, 163, 0, 0.04, 0.00
12:36:17.005 -> 36.36, 0.37, 0.00, 163, 0, 0.04, 0.00
12:36:18.018 -> 36.36, 0.37, 0.00, 163, 0, -0.00, 0.00
12:36:19.045 -> 36.36, 0.37, 0.00, 163, 0, -0.00, 0.00
12:36:20.083 -> 36.36, 0.37, 0.00, 163, 0, -0.00, 0.00
12:36:21.082 -> 36.36, 0.37, 0.00, 163, 0, -0.00, 0.00
12:36:22.127 -> 36.36, 0.37, 0.00, 163, 0, 0.04, 0.00
12:36:23.119 -> 36.36, 0.37, 0.00, 163, 0, -0.00, 0.00
12:36:24.170 -> 36.36, 0.37, 0.00, 163, 0, -0.00, 0.00
12:36:25.191 -> 36.36, 0.37, 0.00, 163, 0, 0.04, 0.00
12:36:26.186 -> 36.36, 0.37, 0.00, 163, 0, 0.07, 0.00
12:36:27.215 -> 36.36, 0.37, 0.00, 163, 0, 0.04, 0.00
12:36:28.245 -> 36.36, 0.37, 0.00, 163, 0, 0.04, 0.00
12:36:29.290 -> 36.36, 0.37, 0.00, 163, 0, -0.00, 0.00
12:36:30.290 -> 36.36, 0.37, 0.00, 163, 0, 0.07, 0.00
12:36:31.322 -> 36.36, 0.37, 0.00, 163, 0, 0.04, 0.00
12:36:32.360 -> 36.36, 0.37, 0.00, 163, 0, 0.04, 0.00
12:36:33.364 -> 36.25, 0.27, -0.10, 159, 0, 0.04, 0.00
12:36:34.386 -> 36.25, 0.27, 0.00, 160, 0, 0.11, 0.00
12:36:35.426 -> 36.36, 0.37, 0.10, 164, 0, -0.00, 0.00
12:36:36.452 -> 36.36, 0.37, 0.00, 163, 0, 0.04, 0.00
12:36:37.443 -> 36.36, 0.37, 0.00, 163, 0, 0.04, 0.00
12:36:38.467 -> 36.25, 0.27, -0.10, 159, 0, 0.04, 0.00
12:36:39.520 -> 36.36, 0.37, 0.10, 164, 0, 0.04, 0.00
12:36:40.543 -> 36.36, 0.37, 0.00, 163, 0, 0.04, 0.00
12:36:41.564 -> 36.25, 0.27, -0.10, 159, 0, 0.07, 0.00
12:36:42.574 -> 36.25, 0.27, 0.00, 160, 0, -0.00, 0.00
12:36:43.601 -> 36.25, 0.27, 0.00, 160, 0, 0.04, 0.00
12:36:44.627 -> 36.25, 0.27, 0.00, 160, 0, -0.00, 0.00
12:36:45.636 -> 36.25, 0.27, 0.00, 160, 0, 0.07, 0.00
12:36:46.661 -> 36.25, 0.27, 0.00, 160, 0, 0.04, 0.00
12:36:47.692 -> 36.25, 0.27, 0.00, 160, 0, 0.04, 0.00
12:36:48.705 -> 36.25, 0.27, 0.00, 160, 0, 0.04, 0.00
12:36:49.727 -> 36.25, 0.27, 0.00, 160, 0, 0.04, 0.00
12:36:50.772 -> 36.25, 0.27, 0.00, 160, 0, 0.04, 0.00
12:36:51.770 -> 36.25, 0.27, 0.00, 160, 0, 0.04, 0.00
12:36:52.792 -> 36.25, 0.27, 0.00, 160, 0, 0.04, 0.00
12:36:53.829 -> 36.25, 0.27, 0.00, 160, 0, 0.07, 0.00
12:36:54.852 -> 36.25, 0.27, 0.00, 160, 0, 0.04, 0.00
12:36:55.888 -> 36.25, 0.27, 0.00, 160, 0, 0.04, 0.00
12:36:56.909 -> 36.25, 0.27, 0.00, 160, 0, 0.04, 0.00
12:36:57.929 -> 36.25, 0.27, 0.00, 160, 0, -0.04, 0.00
12:36:58.945 -> 36.25, 0.27, 0.00, 160, 0, 0.04, 0.00
12:36:59.973 -> 36.25, 0.27, 0.00, 160, 0, 0.04, 0.00
12:37:00.996 -> 36.25, 0.27, 0.00, 160, 0, 0.07, 0.00
12:37:02.020 -> 36.15, 0.16, -0.10, 156, 0, 0.11, 0.00
12:37:03.050 -> 36.25, 0.27, 0.10, 161, 0, -0.00, 0.00
12:37:04.041 -> 36.15, 0.16, -0.10, 156, 0, 0.04, 0.00
12:37:05.063 -> 36.15, 0.16, 0.00, 157, 0, 0.04, 0.00
12:37:06.089 -> 36.15, 0.16, 0.00, 157, 0, 0.04, 0.00
12:37:07.117 -> 36.15, 0.16, 0.00, 157, 0, 0.04, 0.00
12:37:08.152 -> 36.15, 0.16, 0.00, 157, 0, -0.00, 0.00
12:37:09.165 -> 36.15, 0.16, 0.00, 157, 0, 0.04, 0.00
12:37:10.183 -> 36.15, 0.16, 0.00, 157, 0, -0.04, 0.00
12:37:11.213 -> 36.15, 0.16, 0.00, 157, 0, 0.04, 0.00
12:37:12.246 -> 36.15, 0.16, 0.00, 157, 0, 0.04, 0.00
12:37:13.248 -> 36.15, 0.16, 0.00, 157, 0, -0.00, 0.00
12:37:14.272 -> 36.15, 0.16, 0.00, 157, 0, -0.00, 0.00
12:37:15.292 -> 36.15, 0.16, 0.00, 157, 0, 0.04, 0.00
12:37:16.315 -> 36.15, 0.16, 0.00, 157, 0, 0.04, 0.00
12:37:17.347 -> 36.15, 0.16, 0.00, 157, 0, 0.04, 0.00
12:37:18.373 -> 36.15, 0.16, 0.00, 157, 0, 0.04, 0.00
12:37:19.395 -> 36.15, 0.16, 0.00, 157, 0, 0.07, 0.00
12:37:20.425 -> 36.15, 0.16, 0.00, 157, 0, -0.00, 0.00
12:37:21.445 -> 36.15, 0.16, 0.00, 157, 0, 0.04, 0.00
12:37:22.481 -> 36.15, 0.16, 0.00, 157, 0, -0.00, 0.00
12:37:23.478 -> 36.15, 0.16, 0.00, 157, 0, 0.07, 0.00
12:37:24.520 -> 36.15, 0.16, 0.00, 157, 0, 0.04, 0.00
12:37:25.557 -> 36.15, 0.16, 0.00, 157, 0, -0.00, 0.00
12:37:26.554 -> 36.15, 0.16, 0.00, 157, 0, 0.04, 0.00
12:37:27.567 -> 36.04, 0.06, -0.10, 153, 0, -0.00, 0.00
12:37:28.616 -> 36.15, 0.16, 0.10, 158, 224, 0.04, 6160.52
12:37:29.639 -> 35.94, -0.04, -0.21, 246, 0, 3.30, 0.00
12:37:30.647 -> 36.04, 0.06, 0.10, 155, 36, 0.04, 990.08
12:37:31.665 -> 36.15, 0.16, 0.10, 158, 224, 0.79, 284.42
12:37:32.686 -> 35.94, -0.04, -0.21, 246, 0, 2.93, 0.00
12:37:33.712 -> 36.04, 0.06, 0.10, 155, 36, 0.26, 137.55
12:37:34.760 -> 36.04, 0.06, 0.00, 154, 93, 0.79, 118.09
12:37:35.763 -> 36.04, 0.06, 0.00, 154, 93, 1.88, 49.55
12:37:36.813 -> 36.04, 0.06, 0.00, 154, 93, 0.75, 124.00
12:37:37.821 -> 36.04, 0.06, 0.00, 154, 93, 1.46, 63.54
12:37:38.826 -> 36.04, 0.06, 0.00, 154, 93, 2.55, 36.43
12:37:39.867 -> 36.04, 0.06, 0.00, 154, 93, 0.86, 107.80
12:37:40.875 -> 36.04, 0.06, 0.00, 154, 93, 1.16, 79.95
12:37:41.893 -> 36.15, 0.16, 0.10, 158, 224, 2.44, 91.80
12:37:42.912 -> 36.04, 0.06, -0.10, 153, 0, 2.85, 0.00
12:37:43.937 -> 36.25, 0.27, 0.21, 162, 0, -0.00, 0.00
12:37:44.989 -> 36.25, 0.27, 0.00, 160, 0, 0.04, 0.00
12:37:46.013 -> 36.25, 0.27, 0.00, 160, 0, 0.04, 0.00
12:37:47.031 -> 36.25, 0.27, 0.00, 160, 0, -0.00, 0.00
12:37:48.057 -> 36.36, 0.37, 0.10, 164, 0, 0.04, 0.00
12:37:49.054 -> 36.36, 0.37, 0.00, 163, 0, -0.00, 0.00
12:37:50.097 -> 36.36, 0.37, 0.00, 163, 0, 0.04, 0.00
12:37:51.101 -> 36.36, 0.37, 0.00, 163, 0, 0.04, 0.00
12:37:52.126 -> 36.46, 0.48, 0.10, 167, 1, 0.11, 8.97
12:37:53.152 -> 36.46, 0.48, 0.00, 166, 0, 0.07, 0.00
12:37:54.185 -> 36.46, 0.48, 0.00, 166, 0, 0.04, 0.00
12:37:55.189 -> 36.46, 0.48, 0.00, 166, 0, -0.00, 0.00
12:37:56.227 -> 36.46, 0.48, 0.00, 166, 0, -0.04, 0.00
12:37:57.265 -> 36.46, 0.48, 0.00, 166, 0, 0.04, 0.00
12:37:58.282 -> 36.46, 0.48, 0.00, 166, 0, -0.00, 0.00
12:37:59.296 -> 36.46, 0.48, 0.00, 166, 0, 0.07, 0.00
12:38:00.338 -> 36.46, 0.48, 0.00, 166, 0, -0.00, 0.00
12:38:01.355 -> 36.56, 0.58, 0.10, 170, 1, 0.04, 27.50
12:38:02.358 -> 36.46, 0.48, -0.10, 165, 0, 0.07, 0.00
12:38:03.404 -> 36.46, 0.48, 0.00, 166, 0, -0.00, 0.00
12:38:04.430 -> 36.46, 0.48, 0.00, 166, 0, 0.04, 0.00
12:38:05.420 -> 36.46, 0.48, 0.00, 166, 0, 0.04, 0.00
12:38:06.457 -> 36.46, 0.48, 0.00, 166, 0, -0.00, 0.00
12:38:07.476 -> 36.46, 0.48, 0.00, 166, 0, -0.04, 0.00
12:38:08.513 -> 36.46, 0.48, 0.00, 166, 0, 0.04, 0.00
12:38:09.517 -> 36.46, 0.48, 0.00, 166, 0, 0.04, 0.00
12:38:10.542 -> 36.36, 0.37, -0.10, 162, 0, 0.04, 0.00
12:38:11.579 -> 36.36, 0.37, 0.00, 163, 0, 0.07, 0.00
12:38:12.609 -> 36.36, 0.37, 0.00, 163, 0, 0.04, 0.00
12:38:13.611 -> 36.36, 0.37, 0.00, 163, 0, 0.04, 0.00
12:38:14.627 -> 36.36, 0.37, 0.00, 163, 0, -0.00, 0.00
12:38:15.651 -> 36.36, 0.37, 0.00, 163, 0, -0.00, 0.00
12:38:16.677 -> 36.36, 0.37, 0.00, 163, 0, 0.04, 0.00
12:38:17.707 -> 36.36, 0.37, 0.00, 163, 0, -0.00, 0.00
12:38:18.738 -> 36.25, 0.27, -0.10, 159, 0, 0.11, 0.00
12:38:19.778 -> 36.25, 0.27, 0.00, 160, 0, 0.04, 0.00
12:38:20.787 -> 36.25, 0.27, 0.00, 160, 0, 0.04, 0.00
12:38:21.794 -> 36.25, 0.27, 0.00, 160, 0, -0.00, 0.00
12:38:22.832 -> 36.25, 0.27, 0.00, 160, 0, 0.07, 0.00
12:38:23.843 -> 36.25, 0.27, 0.00, 160, 0, 0.04, 0.00
12:38:24.882 -> 36.25, 0.27, 0.00, 160, 0, 0.04, 0.00
12:38:25.884 -> 36.25, 0.27, 0.00, 160, 0, -0.00, 0.00
12:38:26.932 -> 36.25, 0.27, 0.00, 160, 0, -0.00, 0.00
12:38:27.928 -> 36.15, 0.16, -0.10, 156, 0, 0.04, 0.00
12:38:28.962 -> 36.15, 0.16, 0.00, 157, 0, 0.04, 0.00
12:38:30.003 -> 36.15, 0.16, 0.00, 157, 0, 0.07, 0.00
12:38:31.023 -> 36.15, 0.16, 0.00, 157, 0, 0.04, 0.00
12:38:32.040 -> 36.15, 0.16, 0.00, 157, 0, -0.00, 0.00
12:38:33.059 -> 36.15, 0.16, 0.00, 157, 0, 0.11, 0.00
12:38:34.091 -> 36.15, 0.16, 0.00, 157, 0, -0.00, 0.00
12:38:35.096 -> 36.15, 0.16, 0.00, 157, 0, -0.00, 0.00
12:38:36.127 -> 36.15, 0.16, 0.00, 157, 0, 0.11, 0.00
12:38:37.167 -> 36.15, 0.16, 0.00, 157, 0, -0.00, 0.00
12:38:38.158 -> 36.04, 0.06, -0.10, 153, 0, 0.04, 0.00
12:38:39.209 -> 36.04, 0.06, 0.00, 154, 93, 0.11, 834.22
12:38:40.216 -> 36.04, 0.06, 0.00, 154, 93, 2.03, 45.88
12:38:41.256 -> 36.04, 0.06, 0.00, 154, 93, 0.56, 165.42
12:38:42.250 -> 36.04, 0.06, 0.00, 154, 93, 1.09, 85.47
12:38:43.274 -> 36.04, 0.06, 0.00, 154, 93, 2.63, 35.39
12:38:44.315 -> 35.94, -0.04, -0.10, 150, 0, 0.64, 0.00
12:38:45.335 -> 36.04, 0.06, 0.10, 155, 36, -0.04, -928.80
12:38:46.346 -> 36.04, 0.06, 0.00, 154, 93, 1.13, 82.62
12:38:47.389 -> 35.94, -0.04, -0.10, 150, 0, 0.64, 0.00
12:38:48.416 -> 36.04, 0.06, 0.10, 155, 36, -0.04, -928.80
12:38:49.419 -> 36.04, 0.06, 0.00, 154, 93, 0.94, 99.17
12:38:50.441 -> 35.94, -0.04, -0.10, 150, 0, 0.64, 0.00
12:38:51.484 -> 36.04, 0.06, 0.10, 155, 36, -0.00, -30012.16
12:38:52.483 -> 36.04, 0.06, 0.00, 154, 93, 0.90, 103.31
12:38:53.500 -> 36.04, 0.06, 0.00, 154, 93, 0.71, 130.54
12:38:54.543 -> 36.04, 0.06, 0.00, 154, 93, 0.83, 112.71
12:38:55.572 -> 36.04, 0.06, 0.00, 154, 93, 2.25, 41.29
12:38:56.587 -> 36.04, 0.06, 0.00, 154, 93, 1.76, 52.72
12:38:57.608 -> 36.15, 0.16, 0.10, 158, 224, 0.71, 314.41
12:38:58.628 -> 36.04, 0.06, -0.10, 153, 0, 3.45, 0.00
12:38:59.652 -> 36.15, 0.16, 0.10, 158, 224, 0.22, 999.28
12:39:00.689 -> 36.04, 0.06, -0.10, 153, 0, 3.15, 0.00
12:39:01.706 -> 36.25, 0.27, 0.21, 162, 0, 0.07, 0.00
12:39:02.719 -> 36.25, 0.27, 0.00, 160, 0, 0.04, 0.00
12:39:03.742 -> 36.25, 0.27, 0.00, 160, 0, -0.00, 0.00
12:39:04.770 -> 36.25, 0.27, 0.00, 160, 0, -0.04, 0.00
12:39:05.808 -> 36.25, 0.27, 0.00, 160, 0, 0.04, 0.00
12:39:06.828 -> 36.36, 0.37, 0.10, 164, 0, 0.04, 0.00
12:39:07.844 -> 36.36, 0.37, 0.00, 163, 0, -0.00, 0.00
12:39:08.863 -> 36.36, 0.37, 0.00, 163, 0, -0.00, 0.00
12:39:09.906 -> 36.36, 0.37, 0.00, 163, 0, -0.00, 0.00
12:39:10.897 -> 36.46, 0.48, 0.10, 167, 1, 0.04, 27.50
12:39:11.916 -> 36.46, 0.48, 0.00, 166, 0, 0.07, 0.00
12:39:12.938 -> 36.46, 0.48, 0.00, 166, 0, -0.04, 0.00
12:39:13.990 -> 36.46, 0.48, 0.00, 166, 0, 0.04, 0.00
12:39:14.998 -> 36.46, 0.48, 0.00, 166, 0, -0.00, 0.00
12:39:16.011 -> 36.46, 0.48, 0.00, 166, 0, -0.00, 0.00
12:39:17.064 -> 36.46, 0.48, 0.00, 166, 0, 0.04, 0.00
12:39:18.086 -> 36.46, 0.48, 0.00, 166, 0, 0.04, 0.00
12:39:19.089 -> 36.46, 0.48, 0.00, 166, 0, 0.04, 0.00
12:39:20.129 -> 36.46, 0.48, 0.00, 166, 0, -0.00, 0.00
12:39:21.130 -> 36.46, 0.48, 0.00, 166, 0, 0.07, 0.00
12:39:22.150 -> 36.36, 0.37, -0.10, 162, 0, -0.00, 0.00
12:39:23.182 -> 36.36, 0.37, 0.00, 163, 0, 0.04, 0.00
12:39:24.195 -> 36.36, 0.37, 0.00, 163, 0, -0.08, 0.00
12:39:25.234 -> 36.36, 0.37, 0.00, 163, 0, 0.04, 0.00
12:39:26.264 -> 36.36, 0.37, 0.00, 163, 0, -0.00, 0.00
12:39:27.272 -> 36.36, 0.37, 0.00, 163, 0, 0.04, 0.00
12:39:28.287 -> 36.36, 0.37, 0.00, 163, 0, 0.04, 0.00
12:39:29.321 -> 36.36, 0.37, 0.00, 163, 0, 0.04, 0.00
12:39:30.343 -> 36.36, 0.37, 0.00, 163, 0, -0.00, 0.00
12:39:31.379 -> 36.25, 0.27, -0.10, 159, 0, 0.04, 0.00
12:39:32.386 -> 36.25, 0.27, 0.00, 160, 0, -0.00, 0.00
12:39:33.413 -> 36.25, 0.27, 0.00, 160, 0, 0.04, 0.00
12:39:34.439 -> 36.25, 0.27, 0.00, 160, 0, 0.04, 0.00
12:39:35.448 -> 36.25, 0.27, 0.00, 160, 0, 0.07, 0.00
12:39:36.491 -> 36.15, 0.16, -0.10, 156, 0, -0.00, 0.00
12:39:37.505 -> 36.15, 0.16, 0.00, 157, 0, -0.00, 0.00
12:39:38.535 -> 36.15, 0.16, 0.00, 157, 0, 0.04, 0.00
12:39:39.571 -> 36.15, 0.16, 0.00, 157, 0, 0.04, 0.00
12:39:40.560 -> 36.15, 0.16, 0.00, 157, 0, 0.11, 0.00
12:39:41.596 -> 36.15, 0.16, 0.00, 157, 0, -0.00, 0.00
12:39:42.617 -> 36.15, 0.16, 0.00, 157, 0, -0.00, 0.00
12:39:43.657 -> 36.15, 0.16, 0.00, 157, 0, -0.04, 0.00
12:39:44.663 -> 36.04, 0.06, -0.10, 153, 0, -0.00, 0.00
12:39:45.677 -> 36.04, 0.06, 0.00, 154, 93, -0.00, -77531.42
12:39:46.728 -> 36.04, 0.06, 0.00, 154, 93, 2.44, 38.11
12:39:47.733 -> 35.94, -0.04, -0.10, 150, 0, 1.31, 0.00
12:39:48.759 -> 36.04, 0.06, 0.10, 155, 36, 0.19, 192.93
12:39:49.788 -> 36.04, 0.06, 0.00, 154, 93, 0.56, 165.42
12:39:50.810 -> 35.94, -0.04, -0.10, 150, 0, 2.14, 0.00
12:39:51.815 -> 36.04, 0.06, 0.10, 155, 36, 0.26, 137.55
12:39:52.869 -> 35.94, -0.04, -0.10, 150, 0, 0.30, 0.00
12:39:53.876 -> 35.94, -0.04, 0.00, 151, 7, -0.00, -5835.70
12:39:54.907 -> 35.94, -0.04, 0.00, 151, 7, 0.07, 94.70
12:39:55.906 -> 35.94, -0.04, 0.00, 151, 7, 0.19, 37.51
12:39:56.932 -> 35.94, -0.04, 0.00, 151, 7, 0.37, 18.70
12:39:57.984 -> 36.04, 0.06, 0.10, 155, 36, 0.11, 322.93
12:39:58.988 -> 35.94, -0.04, -0.10, 150, 0, 0.34, 0.00
12:40:00.005 -> 36.04, 0.06, 0.10, 155, 36, 0.04, 990.08
12:40:01.042 -> 36.04, 0.06, 0.00, 154, 93, 0.98, 95.35
12:40:02.053 -> 35.94, -0.04, -0.10, 150, 0, 0.90, 0.00
12:40:03.086 -> 36.04, 0.06, 0.10, 155, 36, -0.00, -30012.16
12:40:04.098 -> 35.94, -0.04, -0.10, 150, 0, 0.71, 0.00
12:40:05.133 -> 36.04, 0.06, 0.10, 155, 36, 0.04, 990.08
12:40:06.156 -> 36.04, 0.06, 0.00, 154, 93, 0.45, 206.89
12:40:07.160 -> 35.94, -0.04, -0.10, 150, 0, 1.91, 0.00
12:40:08.186 -> 36.04, 0.06, 0.10, 155, 36, 0.22, 160.60
12:40:09.221 -> 36.04, 0.06, 0.00, 154, 93, 0.60, 155.06
12:40:10.257 -> 35.94, -0.04, -0.10, 150, 0, 1.99, 0.00
12:40:11.277 -> 36.04, 0.06, 0.10, 155, 36, 0.22, 160.60
12:40:12.306 -> 36.04, 0.06, 0.00, 154, 93, 0.37, 248.40
12:40:13.309 -> 36.04, 0.06, 0.00, 154, 93, 2.52, 36.97
12:40:14.349 -> 35.94, -0.04, -0.10, 150, 0, 0.49, 0.00
12:40:15.353 -> 36.04, 0.06, 0.10, 155, 36, 0.04, 990.08
12:40:16.369 -> 36.04, 0.06, 0.00, 154, 93, 1.28, 72.89
12:40:17.417 -> 36.04, 0.06, 0.00, 154, 93, 0.86, 107.80
12:40:18.441 -> 36.04, 0.06, 0.00, 154, 93, 2.25, 41.29
12:40:19.457 -> 36.04, 0.06, 0.00, 154, 93, 1.46, 63.54
12:40:20.469 -> 36.04, 0.06, 0.00, 154, 93, 1.24, 75.10
12:40:21.519 -> 36.04, 0.06, 0.00, 154, 93, 1.54, 60.44
12:40:22.525 -> 36.15, 0.16, 0.10, 158, 224, 2.40, 93.23
12:40:23.566 -> 35.94, -0.04, -0.21, 246, 0, 2.74, 0.00
12:40:24.553 -> 36.15, 0.16, 0.21, 159, 0, -0.00, 0.00
12:40:25.597 -> 36.15, 0.16, 0.00, 157, 0, 0.04, 0.00
12:40:26.602 -> 36.15, 0.16, 0.00, 157, 0, -0.04, 0.00
12:40:27.642 -> 36.15, 0.16, 0.00, 157, 0, 0.04, 0.00
12:40:28.649 -> 36.15, 0.16, 0.00, 157, 0, 0.04, 0.00
12:40:29.679 -> 36.25, 0.27, 0.10, 161, 0, -0.04, 0.00
12:40:30.706 -> 36.25, 0.27, 0.00, 160, 0, 0.04, 0.00
12:40:31.749 -> 36.25, 0.27, 0.00, 160, 0, -0.00, 0.00
12:40:32.738 -> 36.25, 0.27, 0.00, 160, 0, 0.04, 0.00
12:40:33.769 -> 36.25, 0.27, 0.00, 160, 0, 0.04, 0.00
12:40:34.815 -> 36.25, 0.27, 0.00, 160, 0, 0.04, 0.00
12:40:35.828 -> 36.25, 0.27, 0.00, 160, 0, 0.04, 0.00
12:40:36.833 -> 36.25, 0.27, 0.00, 160, 0, 0.07, 0.00
12:40:37.868 -> 36.25, 0.27, 0.00, 160, 0, -0.00, 0.00
12:40:38.881 -> 36.25, 0.27, 0.00, 160, 0, -0.00, 0.00
12:40:39.920 -> 36.25, 0.27, 0.00, 160, 0, 0.04, 0.00
12:40:40.922 -> 36.25, 0.27, 0.00, 160, 0, 0.04, 0.00
12:40:41.977 -> 36.25, 0.27, 0.00, 160, 0, -0.08, 0.00
12:40:42.989 -> 36.25, 0.27, 0.00, 160, 0, 0.04, 0.00
12:40:44.007 -> 36.25, 0.27, 0.00, 160, 0, -0.00, 0.00
12:40:45.021 -> 36.25, 0.27, 0.00, 160, 0, -0.00, 0.00
12:40:46.059 -> 36.25, 0.27, 0.00, 160, 0, 0.04, 0.00
12:40:47.079 -> 36.25, 0.27, 0.00, 160, 0, -0.00, 0.00
12:40:48.083 -> 36.15, 0.16, -0.10, 156, 0, 0.04, 0.00
12:40:49.120 -> 36.15, 0.16, 0.00, 157, 0, 0.07, 0.00
12:40:50.139 -> 36.15, 0.16, 0.00, 157, 0, 0.04, 0.00
12:40:51.155 -> 36.15, 0.16, 0.00, 157, 0, 0.04, 0.00
12:40:52.189 -> 36.04, 0.06, -0.10, 153, 0, -0.00, 0.00
12:40:53.201 -> 36.04, 0.06, 0.00, 154, 93, 0.26, 355.34
12:40:54.246 -> 36.04, 0.06, 0.00, 154, 93, 2.14, 43.46
12:40:55.270 -> 36.04, 0.06, 0.00, 154, 93, 1.05, 88.53
12:40:56.283 -> 36.04, 0.06, 0.00, 154, 93, 0.71, 130.54
12:40:57.314 -> 35.94, -0.04, -0.10, 150, 0, 1.35, 0.00
12:40:58.349 -> 36.04, 0.06, 0.10, 155, 36, 0.04, 990.08
12:40:59.351 -> 36.04, 0.06, 0.00, 154, 93, 0.56, 165.42
12:41:00.357 -> 35.94, -0.04, -0.10, 150, 0, 1.20, 0.00
12:41:01.408 -> 35.94, -0.04, 0.00, 151, 7, 0.04, 192.52
12:41:02.420 -> 36.04, 0.06, 0.10, 155, 36, 0.07, 487.01
12:41:03.440 -> 35.94, -0.04, -0.10, 150, 0, 0.45, 0.00
12:41:04.480 -> 36.04, 0.06, 0.10, 155, 36, -0.00, -30012.16
12:41:05.501 -> 35.94, -0.04, -0.10, 150, 0, 0.30, 0.00
12:41:06.514 -> 36.04, 0.06, 0.10, 155, 36, -0.00, -30012.16
12:41:07.553 -> 36.04, 0.06, 0.00, 154, 93, 0.86, 107.80
12:41:08.556 -> 35.94, -0.04, -0.10, 150, 0, 1.35, 0.00
12:41:09.602 -> 36.04, 0.06, 0.10, 155, 36, 0.30, 120.29
12:41:10.617 -> 36.04, 0.06, 0.00, 154, 93, 0.49, 190.93
12:41:11.637 -> 35.94, -0.04, -0.10, 150, 0, 2.14, 0.00
12:41:12.664 -> 36.04, 0.06, 0.10, 155, 36, 0.26, 137.55
12:41:13.673 -> 36.04, 0.06, 0.00, 154, 93, 0.45, 206.89
12:41:14.693 -> 36.04, 0.06, 0.00, 154, 93, 2.03, 45.88
12:41:15.721 -> 36.04, 0.06, 0.00, 154, 93, 1.46, 63.54
12:41:16.757 -> 36.04, 0.06, 0.00, 154, 93, 0.94, 99.17
12:41:17.770 -> 36.04, 0.06, 0.00, 154, 93, 2.44, 38.11
12:41:18.782 -> 36.04, 0.06, 0.00, 154, 93, 1.58, 59.00
12:41:19.821 -> 36.04, 0.06, 0.00, 154, 93, 0.79, 118.09
12:41:20.833 -> 36.04, 0.06, 0.00, 154, 93, 1.69, 55.06
12:41:21.861 -> 36.04, 0.06, 0.00, 154, 93, 1.91, 48.58
12:41:22.893 -> 36.04, 0.06, 0.00, 154, 93, 0.71, 130.54
12:41:23.919 -> 36.04, 0.06, 0.00, 154, 93, 1.16, 79.95
12:41:24.930 -> 36.04, 0.06, 0.00, 154, 93, 2.40, 38.71
12:41:25.940 -> 36.15, 0.16, 0.10, 158, 224, 1.01, 221.14
12:41:26.986 -> 36.04, 0.06, -0.10, 153, 0, 3.45, 0.00
12:41:27.990 -> 36.15, 0.16, 0.10, 158, 224, 0.19, 1200.42
12:41:29.014 -> 36.04, 0.06, -0.10, 153, 0, 2.85, 0.00
12:41:30.054 -> 36.25, 0.27, 0.21, 162, 0, 0.07, 0.00
12:41:31.079 -> 36.25, 0.27, 0.00, 160, 0, 0.04, 0.00
12:41:32.083 -> 36.25, 0.27, 0.00, 160, 0, -0.00, 0.00
12:41:33.108 -> 36.25, 0.27, 0.00, 160, 0, 0.04, 0.00
12:41:34.134 -> 36.36, 0.37, 0.10, 164, 0, 0.04, 0.00
12:41:35.146 -> 36.36, 0.37, 0.00, 163, 0, 0.07, 0.00
12:41:36.190 -> 36.36, 0.37, 0.00, 163, 0, 0.04, 0.00
12:41:37.201 -> 36.36, 0.37, 0.00, 163, 0, -0.00, 0.00
12:41:38.244 -> 36.36, 0.37, 0.00, 163, 0, 0.04, 0.00
12:41:39.240 -> 36.36, 0.37, 0.00, 163, 0, 0.07, 0.00
12:41:40.274 -> 36.36, 0.37, 0.00, 163, 0, 0.04, 0.00
12:41:41.286 -> 36.36, 0.37, 0.00, 163, 0, -0.00, 0.00
12:41:42.324 -> 36.46, 0.48, 0.10, 167, 1, 0.04, 27.50
12:41:43.355 -> 36.36, 0.37, -0.10, 162, 0, 0.11, 0.00
12:41:44.358 -> 36.36, 0.37, 0.00, 163, 0, 0.04, 0.00
12:41:45.399 -> 36.36, 0.37, 0.00, 163, 0, 0.04, 0.00
12:41:46.407 -> 36.36, 0.37, 0.00, 163, 0, -0.00, 0.00
12:41:47.451 -> 36.36, 0.37, 0.00, 163, 0, -0.00, 0.00
12:41:48.447 -> 36.36, 0.37, 0.00, 163, 0, -0.00, 0.00
12:41:49.488 -> 36.36, 0.37, 0.00, 163, 0, 0.04, 0.00
12:41:50.495 -> 36.36, 0.37, 0.00, 163, 0, 0.04, 0.00
12:41:51.539 -> 36.36, 0.37, 0.00, 163, 0, 0.04, 0.00
12:41:52.555 -> 36.36, 0.37, 0.00, 163, 0, 0.04, 0.00
12:41:53.558 -> 36.36, 0.37, 0.00, 163, 0, -0.00, 0.00
12:41:54.598 -> 36.25, 0.27, -0.10, 159, 0, -0.00, 0.00
12:41:55.628 -> 36.36, 0.37, 0.10, 164, 0, 0.04, 0.00
12:41:56.650 -> 36.25, 0.27, -0.10, 159, 0, 0.04, 0.00
12:41:57.654 -> 36.25, 0.27, 0.00, 160, 0, 0.07, 0.00
12:41:58.680 -> 36.25, 0.27, 0.00, 160, 0, -0.00, 0.00
12:41:59.703 -> 36.25, 0.27, 0.00, 160, 0, 0.04, 0.00
12:42:00.728 -> 36.15, 0.16, -0.10, 156, 0, 0.04, 0.00
12:42:01.767 -> 36.15, 0.16, 0.00, 157, 0, 0.04, 0.00
12:42:02.764 -> 36.15, 0.16, 0.00, 157, 0, 0.04, 0.00
12:42:03.797 -> 36.15, 0.16, 0.00, 157, 0, 0.04, 0.00
12:42:04.840 -> 36.15, 0.16, 0.00, 157, 0, 0.04, 0.00
12:42:05.847 -> 36.15, 0.16, 0.00, 157, 0, -0.00, 0.00
12:42:06.859 -> 36.15, 0.16, 0.00, 157, 0, 0.07, 0.00
12:42:07.909 -> 36.04, 0.06, -0.10, 153, 0, 0.04, 0.00
12:42:08.933 -> 36.04, 0.06, 0.00, 154, 93, -0.00, -77531.42
12:42:09.931 -> 36.04, 0.06, 0.00, 154, 93, 1.99, 46.75
12:42:10.981 -> 36.04, 0.06, 0.00, 154, 93, 0.71, 130.54
12:42:11.972 -> 35.94, -0.04, -0.10, 150, 0, 1.09, 0.00
12:42:13.004 -> 36.04, 0.06, 0.10, 155, 36, 0.11, 322.93
12:42:14.035 -> 36.04, 0.06, 0.00, 154, 93, 1.13, 82.62
12:42:15.037 -> 35.94, -0.04, -0.10, 150, 0, 1.09, 0.00
12:42:16.069 -> 35.94, -0.04, 0.00, 151, 7, 0.04, 192.52
12:42:17.093 -> 35.94, -0.04, 0.00, 151, 7, -0.04, -180.60
12:42:18.124 -> 35.94, -0.04, 0.00, 151, 7, 0.15, 46.97
12:42:19.130 -> 36.04, 0.06, 0.10, 155, 36, 0.22, 160.60
12:42:20.169 -> 36.04, 0.06, 0.00, 154, 93, 0.26, 355.34
12:42:21.211 -> 35.94, -0.04, -0.10, 150, 0, 1.73, 0.00
12:42:22.217 -> 35.94, -0.04, 0.00, 151, 7, -0.00, -5835.70
12:42:23.249 -> 35.94, -0.04, 0.00, 151, 7, 0.15, 46.97
12:42:24.257 -> 35.94, -0.04, 0.00, 151, 7, 0.26, 26.75
12:42:25.302 -> 35.94, -0.04, 0.00, 151, 7, 0.04, 192.52
12:42:26.305 -> 35.94, -0.04, 0.00, 151, 7, 0.11, 62.79
12:42:27.337 -> 35.94, -0.04, 0.00, 151, 7, 0.37, 18.70
12:42:28.353 -> 36.04, 0.06, 0.10, 155, 36, 0.15, 241.54
12:42:29.368 -> 36.04, 0.06, 0.00, 154, 93, 0.71, 130.54
12:42:30.414 -> 35.94, -0.04, -0.10, 150, 0, 1.50, 0.00
12:42:31.413 -> 36.04, 0.06, 0.10, 155, 36, 0.22, 160.60
12:42:32.454 -> 36.04, 0.06, 0.00, 154, 93, 0.41, 225.75
12:42:33.494 -> 35.94, -0.04, -0.10, 150, 0, 2.33, 0.00
12:42:34.479 -> 36.04, 0.06, 0.10, 155, 36, 0.04, 990.08
12:42:35.517 -> 36.04, 0.06, 0.00, 154, 93, 0.37, 248.40
12:42:36.556 -> 35.94, -0.04, -0.10, 150, 0, 1.80, 0.00
12:42:37.558 -> 36.04, 0.06, 0.10, 155, 36, 0.22, 160.60
12:42:38.590 -> 36.04, 0.06, 0.00, 154, 93, 0.37, 248.40
12:42:39.607 -> 35.94, -0.04, -0.10, 150, 0, 1.91, 0.00
12:42:40.649 -> 36.04, 0.06, 0.10, 155, 36, 0.07, 487.01
12:42:41.650 -> 36.04, 0.06, 0.00, 154, 93, 0.22, 414.88
12:42:42.668 -> 36.04, 0.06, 0.00, 154, 93, 1.31, 70.81
12:42:43.718 -> 35.94, -0.04, -0.10, 150, 0, 1.76, 0.00
12:42:44.718 -> 36.04, 0.06, 0.10, 155, 36, 0.34, 106.88
12:42:45.738 -> 36.04, 0.06, 0.00, 154, 93, 0.60, 155.06
12:42:46.756 -> 36.04, 0.06, 0.00, 154, 93, 2.44, 38.11
12:42:47.796 -> 36.04, 0.06, 0.00, 154, 93, 0.56, 165.42
12:42:48.819 -> 36.04, 0.06, 0.00, 154, 93, 1.13, 82.62
12:42:49.830 -> 36.04, 0.06, 0.00, 154, 93, 2.29, 40.61
12:42:50.863 -> 36.04, 0.06, 0.00, 154, 93, 1.01, 91.81
12:42:51.900 -> 36.04, 0.06, 0.00, 154, 93, 1.05, 88.53
12:42:52.906 -> 36.04, 0.06, 0.00, 154, 93, 2.29, 40.61
12:42:53.935 -> 36.04, 0.06, 0.00, 154, 93, 0.71, 130.54
12:42:54.969 -> 36.15, 0.16, 0.10, 158, 224, 1.35, 165.81
12:42:55.976 -> 36.04, 0.06, -0.10, 153, 0, 3.27, 0.00
12:42:57.008 -> 36.25, 0.27, 0.21, 162, 0, 0.04, 0.00
12:42:58.035 -> 36.15, 0.16, -0.10, 156, 0, -0.00, 0.00
12:42:59.041 -> 36.25, 0.27, 0.10, 161, 0, -0.00, 0.00
12:43:00.059 -> 36.25, 0.27, 0.00, 160, 0, -0.04, 0.00
12:43:01.097 -> 36.25, 0.27, 0.00, 160, 0, 0.04, 0.00
12:43:02.128 -> 36.25, 0.27, 0.00, 160, 0, 0.07, 0.00
12:43:03.152 -> 36.36, 0.37, 0.10, 164, 0, 0.04, 0.00
12:43:04.182 -> 36.36, 0.37, 0.00, 163, 0, 0.07, 0.00
12:43:05.176 -> 36.36, 0.37, 0.00, 163, 0, -0.00, 0.00
12:43:06.196 -> 36.36, 0.37, 0.00, 163, 0, -0.00, 0.00
12:43:07.223 -> 36.36, 0.37, 0.00, 163, 0, 0.04, 0.00
12:43:08.268 -> 36.36, 0.37, 0.00, 163, 0, 0.04, 0.00
12:43:09.295 -> 36.36, 0.37, 0.00, 163, 0, 0.04, 0.00
12:43:10.297 -> 36.36, 0.37, 0.00, 163, 0, 0.04, 0.00
12:43:11.315 -> 36.36, 0.37, 0.00, 163, 0, -0.00, 0.00
12:43:12.329 -> 36.36, 0.37, 0.00, 163, 0, 0.04, 0.00
12:43:13.360 -> 36.36, 0.37, 0.00, 163, 0, -0.00, 0.00
12:43:14.384 -> 36.36, 0.37, 0.00, 163, 0, 0.04, 0.00
12:43:15.405 -> 36.36, 0.37, 0.00, 163, 0, 0.07, 0.00
12:43:16.432 -> 36.36, 0.37, 0.00, 163, 0, 0.04, 0.00
12:43:17.465 -> 36.25, 0.27, -0.10, 159, 0, 0.04, 0.00
12:43:18.500 -> 36.36, 0.37, 0.10, 164, 0, -0.00, 0.00
12:43:19.509 -> 36.25, 0.27, -0.10, 159, 0, -0.00, 0.00
12:43:20.522 -> 36.25, 0.27, 0.00, 160, 0, -0.00, 0.00
12:43:21.549 -> 36.25, 0.27, 0.00, 160, 0, 0.04, 0.00
12:43:22.589 -> 36.25, 0.27, 0.00, 160, 0, 0.04, 0.00
12:43:23.587 -> 36.25, 0.27, 0.00, 160, 0, -0.00, 0.00
12:43:24.609 -> 36.15, 0.16, -0.10, 156, 0, 0.07, 0.00
12:43:25.645 -> 36.15, 0.16, 0.00, 157, 0, 0.04, 0.00
12:43:26.669 -> 36.15, 0.16, 0.00, 157, 0, 0.07, 0.00
12:43:27.697 -> 36.15, 0.16, 0.00, 157, 0, -0.00, 0.00
12:43:28.717 -> 36.15, 0.16, 0.00, 157, 0, 0.11, 0.00
12:43:29.734 -> 36.15, 0.16, 0.00, 157, 0, -0.00, 0.00
12:43:30.749 -> 36.15, 0.16, 0.00, 157, 0, 0.04, 0.00
12:43:31.770 -> 36.15, 0.16, 0.00, 157, 0, -0.00, 0.00
12:43:32.810 -> 36.04, 0.06, -0.10, 153, 0, 0.04, 0.00
12:43:33.845 -> 36.04, 0.06, 0.00, 154, 93, 0.26, 355.34
12:43:34.844 -> 36.04, 0.06, 0.00, 154, 93, 1.16, 79.95
12:43:35.877 -> 35.94, -0.04, -0.10, 150, 0, 2.40, 0.00
12:43:36.914 -> 36.04, 0.06, 0.10, 155, 36, 0.26, 137.55
12:43:37.933 -> 36.04, 0.06, 0.00, 154, 93, 0.41, 225.75
12:43:38.940 -> 35.94, -0.04, -0.10, 150, 0, 1.88, 0.00
12:43:39.965 -> 35.94, -0.04, 0.00, 151, 7, -0.00, -5835.70
12:43:40.977 -> 36.04, 0.06, 0.10, 155, 36, 0.07, 487.01
12:43:41.999 -> 35.94, -0.04, -0.10, 150, 0, 0.56, 0.00
12:43:43.022 -> 36.04, 0.06, 0.10, 155, 36, 0.04, 990.08
12:43:44.062 -> 35.94, -0.04, -0.10, 150, 0, 0.26, 0.00
12:43:45.099 -> 35.94, -0.04, 0.00, 151, 7, -0.00, -5835.70
12:43:46.097 -> 35.94, -0.04, 0.00, 151, 7, 0.37, 18.70
12:43:47.128 -> 35.94, -0.04, 0.00, 151, 7, -0.00, -5835.70
12:43:48.151 -> 35.94, -0.04, 0.00, 151, 7, 0.11, 62.79
12:43:49.191 -> 35.94, -0.04, 0.00, 151, 7, 0.34, 20.78
12:43:50.191 -> 35.94, -0.04, 0.00, 151, 7, 0.15, 46.97
12:43:51.232 -> 36.04, 0.06, 0.10, 155, 36, 0.22, 160.60
12:43:52.247 -> 35.94, -0.04, -0.10, 150, 0, 1.13, 0.00
12:43:53.263 -> 35.94, -0.04, 0.00, 151, 7, 0.26, 26.75
12:43:54.297 -> 35.94, -0.04, 0.00, 151, 7, 0.19, 37.51
12:43:55.327 -> 36.04, 0.06, 0.10, 155, 36, 0.41, 87.39
12:43:56.339 -> 35.94, -0.04, -0.10, 150, 0, 0.30, 0.00
12:43:57.359 -> 36.04, 0.06, 0.10, 155, 36, 0.04, 990.08
12:43:58.386 -> 35.94, -0.04, -0.10, 150, 0, 1.16, 0.00
12:43:59.416 -> 36.04, 0.06, 0.10, 155, 36, 0.07, 487.01
12:44:00.430 -> 35.94, -0.04, -0.10, 150, 0, 0.41, 0.00
12:44:01.467 -> 35.94, -0.04, 0.00, 151, 7, -0.08, -91.72
12:44:02.476 -> 35.94, -0.04, 0.00, 151, 7, 0.07, 94.70
12:44:03.487 -> 36.04, 0.06, 0.10, 155, 36, 0.11, 322.93
12:44:04.528 -> 35.94, -0.04, -0.10, 150, 0, 0.90, 0.00
12:44:05.556 -> 35.94, -0.04, 0.00, 151, 7, -0.00, -5835.70
12:44:06.583 -> 35.94, -0.04, 0.00, 151, 7, 0.30, 23.39
12:44:07.608 -> 35.94, -0.04, 0.00, 151, 7, 0.07, 94.70
12:44:08.616 -> 35.94, -0.04, 0.00, 151, 7, 0.19, 37.51
12:44:09.650 -> 35.94, -0.04, 0.00, 151, 7, 0.34, 20.78
12:44:10.675 -> 35.94, -0.04, 0.00, 151, 7, 0.07, 94.70
12:44:11.692 -> 35.94, -0.04, 0.00, 151, 7, 0.19, 37.51
12:44:12.695 -> 35.94, -0.04, 0.00, 151, 7, 0.30, 23.39
12:44:13.736 -> 35.94, -0.04, 0.00, 151, 7, -0.04, -180.60
12:44:14.752 -> 35.94, -0.04, 0.00, 151, 7, 0.22, 31.23
12:44:15.768 -> 36.04, 0.06, 0.10, 155, 36, 0.30, 120.29
12:44:16.794 -> 35.94, -0.04, -0.10, 150, 0, 0.34, 0.00
12:44:17.820 -> 35.94, -0.04, 0.00, 151, 7, -0.00, -5835.70
12:44:18.835 -> 35.94, -0.04, 0.00, 151, 7, 0.37, 18.70
12:44:19.859 -> 35.94, -0.04, 0.00, 151, 7, 0.11, 62.79
12:44:20.891 -> 35.84, -0.15, -0.10, 147, 0, 0.22, 0.00
12:44:21.928 -> 35.94, -0.04, 0.10, 152, 37, -0.00, -30845.83
12:44:22.945 -> 35.94, -0.04, 0.00, 151, 7, 0.37, 18.70
12:44:23.961 -> 35.94, -0.04, 0.00, 151, 7, 0.22, 31.23
12:44:25.000 -> 35.94, -0.04, 0.00, 151, 7, 0.07, 94.70
12:44:26.020 -> 35.94, -0.04, 0.00, 151, 7, 0.11, 62.79
12:44:27.048 -> 35.94, -0.04, 0.00, 151, 7, 0.30, 23.39
12:44:28.039 -> 35.84, -0.15, -0.10, 147, 0, 0.07, 0.00
12:44:29.057 -> 35.84, -0.15, 0.00, 148, 55, -0.00, -45851.91
12:44:30.085 -> 35.84, -0.15, 0.00, 148, 55, 1.13, 48.86
12:44:31.113 -> 35.84, -0.15, 0.00, 148, 55, 0.56, 97.83
12:44:32.159 -> 35.84, -0.15, 0.00, 148, 55, 0.83, 66.66
12:44:33.169 -> 35.84, -0.15, 0.00, 148, 55, 1.50, 36.64
12:44:34.185 -> 35.84, -0.15, 0.00, 148, 55, 0.60, 91.70
12:44:35.201 -> 35.84, -0.15, 0.00, 148, 55, 0.56, 97.83
12:44:36.234 -> 35.84, -0.15, 0.00, 148, 55, 1.50, 36.64
12:44:37.274 -> 35.84, -0.15, 0.00, 148, 55, 1.01, 54.30
12:44:38.274 -> 35.84, -0.15, 0.00, 148, 55, 0.56, 97.83
12:44:39.289 -> 35.84, -0.15, 0.00, 148, 55, 0.98, 56.39
12:44:40.316 -> 35.84, -0.15, 0.00, 148, 55, 1.76, 31.18
12:44:41.366 -> 35.84, -0.15, 0.00, 148, 55, 0.49, 112.92
12:44:42.378 -> 35.84, -0.15, 0.00, 148, 55, 1.28, 43.11
12:44:43.386 -> 35.84, -0.15, 0.00, 148, 55, 0.98, 56.39
