const unsigned char q_actions[161] = {33, 196, 251, 0, 196, 225, 0, 204, 240, 0, 121, 248, 0, 249, 232, 0, 185, 243, 0, 151, 203, 0, 195, 195, 0, 205, 205, 0, 8, 229, 0, 77, 200, 0, 168, 137, 0, 183, 202, 0, 242, 142, 0, 255, 221, 0, 244, 209, 0, 173, 161, 0, 239, 135, 0, 182, 217, 0, 225, 133, 0, 96, 196, 0, 242, 225, 0, 131, 57, 0, 224, 38, 0, 238, 23, 0, 246, 202, 0, 110, 238, 0, 39, 215, 0, 208, 203, 0, 124, 254, 0, 8, 90, 0, 171, 212, 0, 12, 178, 0, 224, 192, 0, 40, 115, 0, 146, 244, 0, 103, 107, 0, 58, 43, 0, 218, 19, 0, 41, 39, 0, 137, 245, 0, 182, 146, 0, 56, 219, 0, 7, 90, 0, 55, 169, 0, 55, 214, 0, 214, 182, 0, 126, 152, 0, 47, 47, 0, 0, 82, 0, 82, 0, 0, 0, 37, 155, 0, 0, 1, 1};

08:58:14.502 -> 20.97, 0.00, 20.77, 20.97, 776, 0, -0.19, 0.00
08:58:15.532 -> 20.97, 0.00, 20.77, 0.00, 775, 0, -0.19, 0.00
08:58:16.566 -> 20.97, 0.00, 20.77, 0.00, 775, 0, -0.19, 0.00
08:58:18.633 -> Timestamp, Temperature (ºC), Setpoint, Error, Delta_T, State, PWM output, Current, PWM / Current
08:58:19.682 -> 20.97, 0.00, 20.77, 20.97, 776, 0, -0.00, 0.00
08:58:20.710 -> 20.97, 0.00, 20.77, 0.00, 775, 0, 0.04, 0.00
08:58:21.744 -> 20.97, 0.00, 20.77, 0.00, 775, 0, 0.04, 0.00
08:58:22.779 -> 20.97, 0.00, 20.77, 0.00, 775, 0, 0.04, 0.00
08:58:23.783 -> 20.97, 0.00, 20.77, 0.00, 775, 0, 0.04, 0.00
08:58:24.821 -> 25.77
08:58:24.821 -> 20.97, 25.77, -5.00, 0.00, 1, 196, -0.00, -163399.54
08:58:25.851 -> 20.97, 25.77, -5.00, 0.00, 1, 196, 2.25, 87.02
08:58:26.842 -> 20.97, 25.77, -5.00, 0.00, 1, 196, 3.38, 58.00
08:58:27.871 -> 20.97, 25.77, -5.00, 0.00, 1, 196, 3.34, 58.65
08:58:28.903 -> 20.97, 25.77, -5.00, 0.00, 1, 196, 3.23, 60.70
08:58:29.938 -> 20.97, 25.77, -5.00, 0.00, 1, 196, 3.08, 63.66
08:58:30.932 -> 20.97, 25.77, -5.00, 0.00, 1, 196, 2.74, 71.51
08:58:31.967 -> 20.97, 25.77, -5.00, 0.00, 1, 196, 1.99, 98.52
08:58:32.992 -> 20.97, 25.77, -5.00, 0.00, 1, 196, 2.10, 93.24
08:58:34.012 -> 20.97, 25.77, -5.00, 0.00, 1, 196, 3.04, 64.45
08:58:35.039 -> 20.97, 25.77, -5.00, 0.00, 1, 196, 3.34, 58.65
08:58:36.054 -> 20.97, 25.77, -5.00, 0.00, 1, 196, 3.12, 62.90
08:58:37.088 -> 20.97, 25.77, -5.00, 0.00, 1, 196, 2.97, 66.08
08:58:38.120 -> 20.97, 25.77, -5.00, 0.00, 1, 196, 2.37, 82.87
08:58:39.122 -> 20.97, 25.77, -5.00, 0.00, 1, 196, 2.52, 77.92
08:58:40.148 -> 20.97, 25.77, -5.00, 0.00, 1, 196, 3.42, 57.36
08:58:41.172 -> 20.97, 25.77, -5.00, 0.00, 1, 196, 3.34, 58.65
08:58:42.197 -> 21.06, 25.77, -4.91, 0.09, 5, 225, 3.23, 69.68
08:58:43.228 -> 21.06, 25.77, -4.91, 0.00, 4, 196, 3.30, 59.32
08:58:44.233 -> 21.06, 25.77, -4.91, 0.00, 4, 196, 2.78, 70.55
08:58:45.264 -> 21.14, 25.77, -4.83, 0.09, 8, 240, 2.33, 103.11
08:58:46.296 -> 21.14, 25.77, -4.83, 0.00, 7, 204, 3.60, 56.59
08:58:47.317 -> 21.23, 25.77, -4.74, 0.09, 11, 248, 2.82, 88.07
08:58:48.331 -> 21.23, 25.77, -4.74, 0.00, 10, 121, 3.57, 33.92
08:58:49.368 -> 21.31, 25.77, -4.66, 0.09, 11, 248, 1.39, 178.61
08:58:50.400 -> 21.31, 25.77, -4.66, 0.00, 10, 121, 3.57, 33.92
08:58:51.425 -> 21.31, 25.77, -4.66, 0.00, 10, 121, 2.74, 44.15
08:58:52.436 -> 21.40, 25.77, -4.57, 0.09, 14, 232, 2.78, 83.51
08:58:53.468 -> 21.40, 25.77, -4.57, 0.00, 13, 249, 3.34, 74.51
08:58:54.474 -> 21.40, 25.77, -4.57, 0.00, 13, 249, 3.53, 70.55
08:58:55.506 -> 21.48, 25.77, -4.49, 0.09, 17, 243, 3.53, 68.85
08:58:56.537 -> 21.48, 25.77, -4.49, 0.00, 16, 185, 3.38, 54.75
08:58:57.561 -> 21.57, 25.77, -4.40, 0.09, 20, 203, 1.91, 106.04
08:58:58.577 -> 21.57, 25.77, -4.40, 0.00, 19, 151, 2.21, 68.18
08:58:59.611 -> 21.57, 25.77, -4.40, 0.00, 19, 151, 1.16, 129.82
08:59:00.607 -> 21.66, 25.77, -4.31, 0.09, 23, 195, 1.20, 162.40
08:59:01.639 -> 21.66, 25.77, -4.31, 0.00, 22, 195, 2.52, 77.52
08:59:02.663 -> 21.66, 25.77, -4.31, 0.00, 22, 195, 3.30, 59.02
08:59:03.699 -> 21.74, 25.77, -4.23, 0.09, 26, 205, 3.38, 60.67
08:59:04.709 -> 21.74, 25.77, -4.23, 0.00, 25, 205, 3.34, 61.35
08:59:05.722 -> 21.74, 25.77, -4.23, 0.00, 25, 205, 3.23, 63.49
08:59:06.760 -> 21.83, 25.77, -4.14, 0.09, 29, 229, 3.19, 71.76
08:59:07.783 -> 21.83, 25.77, -4.14, 0.00, 28, 8, 3.30, 2.42
08:59:08.815 -> 21.91, 25.77, -4.06, 0.09, 29, 229, 0.34, 679.85
08:59:09.846 -> 21.91, 25.77, -4.06, 0.00, 28, 8, 3.04, 2.63
08:59:10.878 -> 22.00, 25.77, -3.97, 0.09, 32, 200, 0.37, 534.19
08:59:11.869 -> 22.00, 25.77, -3.97, 0.00, 31, 77, 2.40, 32.05
08:59:12.912 -> 22.00, 25.77, -3.97, 0.00, 31, 77, 0.94, 82.11
08:59:13.929 -> 22.00, 25.77, -3.97, 0.00, 31, 77, 1.01, 76.02
08:59:14.951 -> 22.09, 25.77, -3.88, 0.09, 35, 137, 1.13, 121.71
08:59:15.976 -> 22.09, 25.77, -3.88, 0.00, 34, 168, 2.93, 57.37
08:59:16.993 -> 22.17, 25.77, -3.80, 0.09, 38, 202, 3.04, 66.42
08:59:18.030 -> 22.17, 25.77, -3.80, 0.00, 37, 183, 2.97, 61.70
08:59:19.047 -> 22.17, 25.77, -3.80, 0.00, 37, 183, 2.14, 85.52
08:59:20.074 -> 22.26, 25.77, -3.71, 0.09, 41, 142, 1.73, 82.24
08:59:21.090 -> 22.26, 25.77, -3.71, 0.00, 40, 242, 2.03, 119.39
08:59:22.121 -> 22.26, 25.77, -3.71, 0.00, 40, 242, 3.53, 68.57
08:59:23.154 -> 22.26, 25.77, -3.71, 0.00, 40, 242, 3.49, 69.30
08:59:24.179 -> 22.35, 25.77, -3.62, 0.09, 44, 221, 3.49, 63.29
08:59:25.177 -> 22.35, 25.77, -3.62, 0.00, 43, 255, 3.08, 82.83
08:59:26.215 -> 22.35, 25.77, -3.62, 0.00, 43, 255, 3.60, 70.74
08:59:27.210 -> 22.35, 25.77, -3.62, 0.00, 43, 255, 3.60, 70.74
08:59:28.248 -> 22.35, 25.77, -3.62, 0.00, 43, 255, 3.60, 70.74
08:59:29.280 -> 22.43, 25.77, -3.54, 0.09, 47, 209, 3.60, 57.98
08:59:30.286 -> 22.43, 25.77, -3.54, 0.00, 46, 244, 3.34, 73.02
08:59:31.319 -> 22.43, 25.77, -3.54, 0.00, 46, 244, 3.49, 69.88
08:59:32.329 -> 22.52, 25.77, -3.45, 0.09, 47, 209, 3.49, 59.85
08:59:33.360 -> 22.52, 25.77, -3.45, 0.00, 46, 244, 2.89, 84.40
08:59:34.391 -> 22.52, 25.77, -3.45, 0.00, 46, 244, 3.45, 70.64
08:59:35.423 -> 22.60, 25.77, -3.37, 0.09, 50, 161, 3.57, 45.14
08:59:36.426 -> 22.69, 25.77, -3.28, 0.09, 53, 135, 2.10, 64.22
08:59:37.468 -> 22.69, 25.77, -3.28, 0.00, 52, 239, 1.99, 120.13
08:59:38.492 -> 22.69, 25.77, -3.28, 0.00, 52, 239, 3.49, 68.44
08:59:39.494 -> 22.78, 25.77, -3.19, 0.09, 56, 217, 3.45, 62.82
08:59:40.539 -> 22.86, 25.77, -3.11, 0.09, 59, 133, 3.04, 43.73
08:59:41.568 -> 22.86, 25.77, -3.11, 0.00, 58, 225, 1.35, 166.55
08:59:42.592 -> 22.95, 25.77, -3.02, 0.09, 62, 196, 3.42, 57.36
08:59:43.620 -> 22.95, 25.77, -3.02, 0.00, 61, 96, 3.30, 29.05
08:59:44.608 -> 23.04, 25.77, -2.93, 0.09, 65, 225, 1.16, 193.44
08:59:45.665 -> 23.04, 25.77, -2.93, 0.00, 64, 242, 3.38, 71.61
08:59:46.681 -> 23.12, 25.77, -2.85, 0.09, 68, 57, 3.49, 16.32
08:59:47.704 -> 23.12, 25.77, -2.85, 0.00, 67, 131, 1.28, 102.68
08:59:48.725 -> 23.21, 25.77, -2.76, 0.09, 68, 57, 2.59, 22.00
08:59:49.745 -> 23.21, 25.77, -2.76, 0.00, 67, 131, 1.76, 74.26
08:59:50.776 -> 23.21, 25.77, -2.76, 0.00, 67, 131, 1.91, 68.43
08:59:51.797 -> 23.30, 25.77, -2.67, 0.09, 71, 38, 1.73, 22.01
08:59:52.829 -> 23.39, 25.77, -2.58, 0.09, 74, 23, 0.90, 25.55
08:59:53.817 -> 23.39, 25.77, -2.58, 0.00, 73, 238, 0.37, 635.68
08:59:54.874 -> 23.39, 25.77, -2.58, 0.00, 73, 238, 3.42, 69.66
08:59:55.880 -> 23.39, 25.77, -2.58, 0.00, 73, 238, 3.57, 66.72
08:59:56.913 -> 23.47, 25.77, -2.50, 0.09, 77, 202, 3.53, 57.23
08:59:57.938 -> 23.47, 25.77, -2.50, 0.00, 76, 246, 3.30, 74.45
08:59:58.933 -> 23.47, 25.77, -2.50, 0.00, 76, 246, 3.53, 69.70
08:59:59.961 -> 23.56, 25.77, -2.41, 0.09, 80, 238, 3.53, 67.43
09:00:00.990 -> 23.56, 25.77, -2.41, 0.00, 79, 110, 3.38, 32.55
09:00:02.017 -> 23.56, 25.77, -2.41, 0.00, 79, 110, 1.99, 55.29
09:00:03.058 -> 23.65, 25.77, -2.32, 0.09, 83, 215, 1.80, 119.33
09:00:04.064 -> 23.65, 25.77, -2.32, 0.00, 82, 39, 2.74, 14.23
09:00:05.101 -> 23.73, 25.77, -2.24, 0.09, 86, 203, 0.15, 1362.04
09:00:06.108 -> 23.73, 25.77, -2.24, 0.00, 85, 208, 2.14, 97.21
09:00:07.152 -> 23.73, 25.77, -2.24, 0.00, 85, 208, 3.42, 60.88
09:00:08.157 -> 23.82, 25.77, -2.15, 0.09, 89, 254, 3.42, 74.34
09:00:09.192 -> 23.82, 25.77, -2.15, 0.00, 88, 124, 3.60, 34.40
09:00:10.205 -> 23.91, 25.77, -2.06, 0.09, 89, 254, 2.78, 91.42
09:00:11.230 -> 23.91, 25.77, -2.06, 0.00, 88, 124, 3.60, 34.40
09:00:12.244 -> 24.00, 25.77, -1.97, 0.09, 92, 90, 2.40, 37.46
09:00:13.289 -> 24.00, 25.77, -1.97, 0.00, 91, 8, 1.35, 5.92
09:00:14.319 -> 24.08, 25.77, -1.89, 0.09, 95, 212, 0.41, 514.61
09:00:15.315 -> 24.08, 25.77, -1.89, 0.00, 94, 171, 3.23, 52.96
09:00:16.349 -> 24.08, 25.77, -1.89, 0.00, 94, 171, 2.40, 71.17
09:00:17.386 -> 24.17, 25.77, -1.80, 0.09, 98, 178, 3.15, 56.44
09:00:18.386 -> 24.26, 25.77, -1.71, 0.09, 101, 192, 3.15, 60.88
09:00:19.412 -> 24.26, 25.77, -1.71, 0.00, 100, 224, 3.04, 73.66
09:00:20.445 -> 24.26, 25.77, -1.71, 0.00, 100, 224, 3.30, 67.79
09:00:21.475 -> 24.35, 25.77, -1.62, 0.09, 104, 115, 3.27, 35.21
09:00:22.497 -> 24.35, 25.77, -1.62, 0.00, 103, 40, 1.95, 20.49
09:00:23.531 -> 24.43, 25.77, -1.54, 0.09, 107, 244, 0.64, 382.85
09:00:24.547 -> 24.43, 25.77, -1.54, 0.00, 106, 146, 3.53, 41.37
09:00:25.562 -> 24.52, 25.77, -1.45, 0.09, 110, 107, 2.52, 42.54
09:00:26.586 -> 24.52, 25.77, -1.45, 0.00, 109, 103, 2.03, 50.81
09:00:27.605 -> 24.61, 25.77, -1.36, 0.09, 110, 107, 1.50, 71.28
09:00:28.637 -> 24.61, 25.77, -1.36, 0.00, 109, 103, 1.39, 74.18
09:00:29.667 -> 24.61, 25.77, -1.36, 0.00, 109, 103, 1.39, 74.18
09:00:30.667 -> 24.70, 25.77, -1.27, 0.09, 113, 43, 2.40, 17.90
09:00:31.707 -> 24.79, 25.77, -1.18, 0.09, 116, 19, 1.35, 14.06
09:00:32.732 -> 24.79, 25.77, -1.18, 0.00, 115, 218, 0.52, 415.52
09:00:33.739 -> 24.79, 25.77, -1.18, 0.00, 115, 218, 2.93, 74.44
09:00:34.775 -> 24.87, 25.77, -1.10, 0.09, 119, 39, 3.00, 12.98
09:00:35.803 -> 24.87, 25.77, -1.10, 0.00, 118, 41, 1.09, 37.68
09:00:36.830 -> 24.96, 25.77, -1.01, 0.09, 122, 245, 1.39, 176.45
09:00:37.848 -> 24.96, 25.77, -1.01, 0.00, 121, 137, 3.42, 40.10
09:00:38.876 -> 25.05, 25.77, -0.92, 0.09, 125, 146, 1.39, 105.15
09:00:39.891 -> 25.05, 25.77, -0.92, 0.00, 124, 182, 2.14, 85.06
09:00:40.900 -> 25.05, 25.77, -0.92, 0.00, 124, 182, 2.14, 85.06
09:00:41.936 -> 25.05, 25.77, -0.92, 0.00, 124, 182, 1.95, 93.24
09:00:42.969 -> 25.14, 25.77, -0.83, 0.09, 128, 219, 1.91, 114.40
09:00:43.980 -> 25.14, 25.77, -0.83, 0.00, 127, 56, 2.74, 20.43
09:00:45.017 -> 25.23, 25.77, -0.74, 0.09, 131, 90, 0.30, 300.72
09:00:46.011 -> 25.23, 25.77, -0.74, 0.00, 130, 7, 0.64, 10.98
09:00:47.038 -> 25.32, 25.77, -0.65, 0.09, 131, 90, 0.04, 2475.21
09:00:48.083 -> 25.32, 25.77, -0.65, 0.00, 130, 7, 0.60, 11.67
09:00:49.108 -> 25.41, 25.77, -0.56, 0.09, 134, 169, 0.04, 4647.89
09:00:50.131 -> 25.41, 25.77, -0.56, 0.00, 133, 55, 1.46, 37.58
09:00:51.128 -> 25.49, 25.77, -0.48, 0.09, 137, 214, 0.30, 715.05
09:00:52.167 -> 25.49, 25.77, -0.48, 0.00, 136, 55, 3.49, 15.75
09:00:53.198 -> 25.58, 25.77, -0.39, 0.09, 140, 182, 0.56, 323.73
09:00:54.230 -> 25.58, 25.77, -0.39, 0.00, 139, 214, 3.04, 70.37
09:00:55.253 -> 25.58, 25.77, -0.39, 0.00, 139, 214, 3.45, 61.95
09:00:56.248 -> 25.67, 25.77, -0.30, 0.09, 143, 152, 3.34, 45.49
09:00:57.281 -> 25.67, 25.77, -0.30, 0.00, 142, 126, 2.74, 45.97
09:00:58.315 -> 25.76, 25.77, -0.21, 0.09, 146, 47, 2.63, 17.88
09:00:59.320 -> 25.76, 25.77, -0.21, 0.00, 145, 47, 1.31, 35.78
09:01:00.365 -> 25.85, 25.77, -0.12, 0.09, 149, 82, 1.46, 56.02
09:01:01.393 -> 25.85, 25.77, -0.12, 0.00, 148, 0, 1.16, 0.00
09:01:02.406 -> 25.85, 25.77, -0.12, 0.00, 148, 0, -0.00, 0.00
09:01:03.433 -> 25.94, 25.77, -0.03, 0.09, 152, 0, -0.00, 0.00
09:01:04.438 -> 25.94, 25.77, -0.03, 0.00, 151, 82, 0.11, 735.55
09:01:05.468 -> 25.94, 25.77, -0.03, 0.00, 151, 82, 1.50, 54.62
09:01:06.490 -> 26.03, 25.77, 0.06, 0.09, 155, 37, 2.21, 16.71
09:01:07.510 -> 26.03, 25.77, 0.06, 0.00, 154, 0, 0.86, 0.00
09:01:08.538 -> 26.12, 25.77, 0.15, 0.09, 155, 37, 0.15, 248.25
09:01:09.558 -> 26.12, 25.77, 0.15, 0.00, 154, 0, 0.30, 0.00
09:01:10.603 -> 26.21, 25.77, 0.24, 0.09, 158, 0, 0.04, 0.00
09:01:11.624 -> 26.21, 25.77, 0.24, 0.00, 157, 0, 0.04, 0.00
09:01:12.619 -> 26.21, 25.77, 0.24, 0.00, 157, 0, -0.00, 0.00
09:01:13.650 -> 26.30, 25.77, 0.33, 0.09, 161, 0, 0.04, 0.00
09:01:14.679 -> 26.30, 25.77, 0.33, 0.00, 160, 1, -0.00, -833.67
09:01:15.697 -> 26.30, 25.77, 0.33, 0.00, 160, 1, 0.04, 27.50
09:01:16.727 -> 26.39, 25.77, 0.42, 0.09, 164, 0, 0.04, 0.00
09:01:17.751 -> 26.39, 25.77, 0.42, 0.00, 163, 0, -0.00, 0.00
09:01:18.789 -> 26.39, 25.77, 0.42, 0.00, 163, 0, -0.00, 0.00
09:01:19.785 -> 26.39, 25.77, 0.42, 0.00, 163, 0, 0.04, 0.00
09:01:20.825 -> 26.48, 25.77, 0.51, 0.09, 167, 0, 0.04, 0.00
09:01:21.847 -> 26.48, 25.77, 0.51, 0.00, 166, 0, -0.00, 0.00
09:01:22.851 -> 26.48, 25.77, 0.51, 0.00, 166, 0, -0.00, 0.00
09:01:23.875 -> 26.48, 25.77, 0.51, 0.00, 166, 0, -0.00, 0.00
09:01:24.912 -> 26.56, 25.77, 0.60, 0.09, 170, 0, 0.04, 0.00
09:01:25.935 -> 26.56, 25.77, 0.60, 0.00, 169, 0, 0.04, 0.00
09:01:26.947 -> 26.56, 25.77, 0.60, 0.00, 169, 0, -0.00, 0.00
09:01:27.979 -> 26.56, 25.77, 0.60, 0.00, 169, 0, -0.00, 0.00
09:01:29.004 -> 26.56, 25.77, 0.60, 0.00, 169, 0, -0.00, 0.00
09:01:30.019 -> 26.56, 25.77, 0.60, 0.00, 169, 0, 0.04, 0.00
09:01:31.064 -> 26.56, 25.77, 0.60, 0.00, 169, 0, 0.04, 0.00
09:01:32.072 -> 26.56, 25.77, 0.60, 0.00, 169, 0, 0.04, 0.00
09:01:33.110 -> 26.56, 25.77, 0.60, 0.00, 169, 0, -0.00, 0.00
09:01:34.128 -> 26.65, 25.77, 0.68, 0.09, 173, 0, -0.00, 0.00
09:01:35.156 -> 26.65, 25.77, 0.68, 0.00, 172, 0, -0.00, 0.00
09:01:36.159 -> 26.65, 25.77, 0.68, 0.00, 172, 0, 0.04, 0.00
09:01:37.200 -> 26.65, 25.77, 0.68, 0.00, 172, 0, -0.00, 0.00
09:01:38.229 -> 26.65, 25.77, 0.68, 0.00, 172, 0, 0.04, 0.00
09:01:39.248 -> 26.65, 25.77, 0.68, 0.00, 172, 0, 0.04, 0.00
09:01:40.267 -> 26.74, 25.77, 0.77, 0.09, 176, 0, -0.00, 0.00
09:01:41.289 -> 26.65, 25.77, 0.68, -0.09, 171, 0, -0.00, 0.00
09:01:42.302 -> 26.65, 25.77, 0.68, 0.00, 172, 0, -0.00, 0.00
09:01:43.362 -> 26.74, 25.77, 0.77, 0.09, 176, 0, -0.00, 0.00
09:01:44.338 -> 26.74, 25.77, 0.77, 0.00, 175, 0, -0.00, 0.00
09:01:45.389 -> 26.74, 25.77, 0.77, 0.00, 175, 0, -0.00, 0.00
09:01:46.409 -> 26.74, 25.77, 0.77, 0.00, 175, 0, -0.00, 0.00
09:01:47.429 -> 26.74, 25.77, 0.77, 0.00, 175, 0, -0.00, 0.00
09:01:48.455 -> 26.74, 25.77, 0.77, 0.00, 175, 0, -0.00, 0.00
09:01:49.480 -> 26.83, 25.77, 0.86, 0.09, 179, 0, -0.00, 0.00
09:01:50.493 -> 26.83, 25.77, 0.86, 0.00, 178, 0, 0.04, 0.00
09:01:51.519 -> 26.83, 25.77, 0.86, 0.00, 178, 0, 0.04, 0.00
09:01:52.527 -> 26.83, 25.77, 0.86, 0.00, 178, 0, -0.00, 0.00
09:01:53.581 -> 26.83, 25.77, 0.86, 0.00, 178, 0, -0.00, 0.00
09:01:54.585 -> 26.83, 25.77, 0.86, 0.00, 178, 0, 0.04, 0.00
09:01:55.627 -> 26.83, 25.77, 0.86, 0.00, 178, 0, -0.00, 0.00
09:01:56.616 -> 26.83, 25.77, 0.86, 0.00, 178, 0, -0.00, 0.00
09:01:57.660 -> 26.92, 25.77, 0.95, 0.09, 182, 0, -0.00, 0.00
09:01:58.690 -> 26.83, 25.77, 0.86, -0.09, 177, 0, 0.04, 0.00
09:01:59.710 -> 26.92, 25.77, 0.95, 0.09, 182, 0, 0.04, 0.00
09:02:00.744 -> 26.92, 25.77, 0.95, 0.00, 181, 0, -0.00, 0.00
09:02:01.736 -> 26.92, 25.77, 0.95, 0.00, 181, 0, -0.00, 0.00
09:02:02.763 -> 26.92, 25.77, 0.95, 0.00, 181, 0, -0.00, 0.00
09:02:03.782 -> 26.92, 25.77, 0.95, 0.00, 181, 0, -0.00, 0.00
09:02:04.822 -> 26.92, 25.77, 0.95, 0.00, 181, 0, -0.00, 0.00
09:02:05.852 -> 26.92, 25.77, 0.95, 0.00, 181, 0, -0.00, 0.00
09:02:06.878 -> 26.92, 25.77, 0.95, 0.00, 181, 0, -0.00, 0.00
09:02:07.893 -> 26.92, 25.77, 0.95, 0.00, 181, 0, -0.00, 0.00
09:02:08.910 -> 26.92, 25.77, 0.95, 0.00, 181, 0, -0.00, 0.00
09:02:09.933 -> 27.01, 25.77, 1.05, 0.09, 182, 0, -0.00, 0.00
09:02:10.944 -> 27.01, 25.77, 1.05, 0.00, 181, 0, -0.00, 0.00
09:02:11.992 -> 27.01, 25.77, 1.05, 0.00, 181, 0, 0.04, 0.00
09:02:12.993 -> 27.01, 25.77, 1.05, 0.00, 181, 0, -0.00, 0.00
09:02:14.035 -> 27.01, 25.77, 1.05, 0.00, 181, 0, -0.00, 0.00
09:02:15.036 -> 27.01, 25.77, 1.05, 0.00, 181, 0, -0.00, 0.00
09:02:16.073 -> 27.01, 25.77, 1.05, 0.00, 181, 0, -0.00, 0.00
09:02:17.108 -> 27.01, 25.77, 1.05, 0.00, 181, 0, -0.00, 0.00
09:02:18.131 -> 27.01, 25.77, 1.05, 0.00, 181, 0, -0.00, 0.00
09:02:19.151 -> 27.01, 25.77, 1.05, 0.00, 181, 0, -0.00, 0.00
09:02:20.185 -> 27.01, 25.77, 1.05, 0.00, 181, 0, -0.00, 0.00
09:02:21.174 -> 27.10, 25.77, 1.14, 0.09, 185, 0, -0.00, 0.00
09:02:22.223 -> 27.10, 25.77, 1.14, 0.00, 184, 0, -0.00, 0.00
09:02:23.250 -> 27.10, 25.77, 1.14, 0.00, 184, 0, -0.00, 0.00
09:02:24.246 -> 27.10, 25.77, 1.14, 0.00, 184, 0, -0.00, 0.00
09:02:25.295 -> 27.10, 25.77, 1.14, 0.00, 184, 0, 0.04, 0.00
09:02:26.294 -> 27.10, 25.77, 1.14, 0.00, 184, 0, -0.00, 0.00
09:02:27.319 -> 27.10, 25.77, 1.14, 0.00, 184, 0, -0.00, 0.00
09:02:28.355 -> 27.10, 25.77, 1.14, 0.00, 184, 0, -0.00, 0.00
09:02:29.361 -> 27.10, 25.77, 1.14, 0.00, 184, 0, -0.00, 0.00
09:02:30.402 -> 27.10, 25.77, 1.14, 0.00, 184, 0, 0.04, 0.00
09:02:31.435 -> 27.10, 25.77, 1.14, 0.00, 184, 0, 0.04, 0.00
09:02:32.433 -> 27.20, 25.77, 1.23, 0.09, 188, 0, -0.00, 0.00
09:02:33.454 -> 27.20, 25.77, 1.23, 0.00, 187, 0, -0.00, 0.00
09:02:34.504 -> 27.20, 25.77, 1.23, 0.00, 187, 0, -0.00, 0.00
09:02:35.530 -> 27.20, 25.77, 1.23, 0.00, 187, 0, -0.00, 0.00
09:02:36.521 -> 27.20, 25.77, 1.23, 0.00, 187, 0, -0.00, 0.00
09:02:37.570 -> 27.20, 25.77, 1.23, 0.00, 187, 0, -0.00, 0.00
09:02:38.579 -> 27.20, 25.77, 1.23, 0.00, 187, 0, 0.04, 0.00
09:02:39.598 -> 27.20, 25.77, 1.23, 0.00, 187, 0, -0.00, 0.00
09:02:40.635 -> 27.20, 25.77, 1.23, 0.00, 187, 0, -0.00, 0.00
09:02:41.669 -> 27.20, 25.77, 1.23, 0.00, 187, 0, -0.00, 0.00
09:02:42.678 -> 27.20, 25.77, 1.23, 0.00, 187, 0, 0.04, 0.00
09:02:43.693 -> 27.20, 25.77, 1.23, 0.00, 187, 0, -0.00, 0.00
09:02:44.725 -> 27.29, 25.77, 1.32, 0.09, 191, 0, -0.00, 0.00
09:02:45.736 -> 27.29, 25.77, 1.32, 0.00, 190, 0, -0.00, 0.00
09:02:46.766 -> 27.29, 25.77, 1.32, 0.00, 190, 0, -0.00, 0.00
09:02:47.789 -> 27.29, 25.77, 1.32, 0.00, 190, 0, -0.00, 0.00
09:02:48.818 -> 27.29, 25.77, 1.32, 0.00, 190, 0, 0.04, 0.00
09:02:49.842 -> 27.29, 25.77, 1.32, 0.00, 190, 0, -0.00, 0.00
09:02:50.877 -> 27.29, 25.77, 1.32, 0.00, 190, 0, -0.00, 0.00
09:02:51.901 -> 27.29, 25.77, 1.32, 0.00, 190, 0, -0.00, 0.00
09:02:52.907 -> 27.29, 25.77, 1.32, 0.00, 190, 0, -0.00, 0.00
09:02:53.936 -> 27.29, 25.77, 1.32, 0.00, 190, 0, -0.00, 0.00
09:02:54.962 -> 27.29, 25.77, 1.32, 0.00, 190, 0, -0.00, 0.00
09:02:55.969 -> 27.29, 25.77, 1.32, 0.00, 190, 0, 0.04, 0.00
09:02:57.021 -> 27.29, 25.77, 1.32, 0.00, 190, 0, -0.00, 0.00
09:02:58.046 -> 27.29, 25.77, 1.32, 0.00, 190, 0, -0.00, 0.00
09:02:59.054 -> 27.38, 25.77, 1.41, 0.09, 194, 0, -0.00, 0.00
09:03:00.054 -> 27.38, 25.77, 1.41, 0.00, 193, 0, -0.00, 0.00
09:03:01.110 -> 27.38, 25.77, 1.41, 0.00, 193, 0, -0.00, 0.00
09:03:02.114 -> 27.38, 25.77, 1.41, 0.00, 193, 0, -0.00, 0.00
09:03:03.147 -> 27.38, 25.77, 1.41, 0.00, 193, 0, -0.00, 0.00
09:03:04.151 -> 27.38, 25.77, 1.41, 0.00, 193, 0, 0.04, 0.00
09:03:05.185 -> 27.38, 25.77, 1.41, 0.00, 193, 0, -0.00, 0.00
09:03:06.201 -> 27.38, 25.77, 1.41, 0.00, 193, 0, -0.00, 0.00
09:03:07.223 -> 27.38, 25.77, 1.41, 0.00, 193, 0, -0.00, 0.00
09:03:09.563 -> 27.38, 25.77, 1.41, 0.00, 193, 0, -0.00, 0.00
09:03:09.563 -> 27.38, 25.77, 1.41, 0.00, 193, 0, -0.00, 0.00
09:03:12.047 -> 27.38, 25.77, 1.41, 0.00, 193, 0, -0.00, 0.00
09:03:12.047 -> 27.38, 25.77, 1.41, 0.00, 193, 0, -0.00, 0.00
09:03:12.466 -> 27.38, 25.77, 1.41, 0.00, 193, 0, -0.00, 0.00
09:03:14.075 -> 27.38, 25.77, 1.41, 0.00, 193, 0, -0.00, 0.00
09:03:14.382 -> 27.38, 25.77, 1.41, 0.00, 193, 0, -0.00, 0.00
09:03:24.949 -> 27.38, 25.77, 1.41, 0.00, 193, 0, -0.00, 0.00
09:03:24.949 -> 27.38, 25.77, 1.41, 0.00, 193, 0, 0.04, 0.00
09:03:24.949 -> 27.38, 25.77, 1.41, 0.00, 193, 0, -0.00, 0.00
09:03:24.949 -> 27.47, 25.77, 1.50, 0.09, 197, 0, -0.00, 0.00
09:03:24.949 -> 27.47, 25.77, 1.50, 0.00, 196, 0, -0.00, 0.00
09:03:24.949 -> 27.38, 25.77, 1.41, -0.09, 192, 0, -0.00, 0.00
09:03:24.949 -> 27.47, 25.77, 1.50, 0.09, 197, 0, -0.00, 0.00
09:03:24.949 -> 27.47, 25.77, 1.50, 0.00, 196, 0, 0.04, 0.00
09:03:24.949 -> 27.47, 25.77, 1.50, 0.00, 196, 0, -0.00, 0.00
09:03:24.949 -> 27.47, 25.77, 1.50, 0.00, 196, 0, -0.00, 0.00
09:03:34.465 -> 27.47, 25.77, 1.50, 0.00, 196, 0, -0.00, 0.00
09:03:34.465 -> 27.47, 25.77, 1.50, 0.00, 196, 0, -0.00, 0.00
09:03:34.465 -> 27.47, 25.77, 1.50, 0.00, 196, 0, -0.00, 0.00
09:03:34.465 -> 27.47, 25.77, 1.50, 0.00, 196, 0, -0.00, 0.00
09:03:34.465 -> 27.47, 25.77, 1.50, 0.00, 196, 0, -0.00, 0.00
09:03:34.465 -> 27.47, 25.77, 1.50, 0.00, 196, 0, -0.00, 0.00
09:03:34.465 -> 27.47, 25.77, 1.50, 0.00, 196, 0, -0.00, 0.00
09:03:34.465 -> 27.47, 25.77, 1.50, 0.00, 196, 0, -0.00, 0.00
09:03:34.465 -> 27.47, 25.77, 1.50, 0.00, 196, 0, -0.00, 0.00
09:03:35.952 -> 27.47, 25.77, 1.50, 0.00, 196, 0, -0.00, 0.00
09:03:35.952 -> 27.47, 25.77, 1.50, 0.00, 196, 0, -0.00, 0.00
09:03:37.605 -> 27.47, 25.77, 1.50, 0.00, 196, 0, -0.00, 0.00
09:03:39.481 -> 27.47, 25.77, 1.50, 0.00, 196, 0, -0.00, 0.00
09:03:39.481 -> 27.47, 25.77, 1.50, 0.00, 196, 0, -0.00, 0.00
09:03:42.572 -> 27.47, 25.77, 1.50, 0.00, 196, 0, -0.00, 0.00
09:03:42.572 -> 27.47, 25.77, 1.50, 0.00, 196, 0, -0.00, 0.00
09:03:42.572 -> 27.47, 25.77, 1.50, 0.00, 196, 0, -0.00, 0.00
09:03:52.605 -> 27.47, 25.77, 1.50, 0.00, 196, 0, -0.00, 0.00
09:03:52.605 -> 27.47, 25.77, 1.50, 0.00, 196, 0, -0.00, 0.00
09:03:52.605 -> 27.47, 25.77, 1.50, 0.00, 196, 0, -0.00, 0.00
09:03:52.605 -> 27.47, 25.77, 1.50, 0.00, 196, 0, -0.00, 0.00
09:03:52.605 -> 27.47, 25.77, 1.50, 0.00, 196, 0, -0.00, 0.00
09:03:52.605 -> 27.47, 25.77, 1.50, 0.00, 196, 0, 0.04, 0.00
09:03:52.605 -> 27.47, 25.77, 1.50, 0.00, 196, 0, -0.00, 0.00
09:03:52.605 -> 27.56, 25.77, 1.59, 0.09, 200, 0, -0.00, 0.00
09:03:52.605 -> 27.47, 25.77, 1.50, -0.09, 195, 0, -0.00, 0.00
09:03:52.605 -> 27.56, 25.77, 1.59, 0.09, 200, 0, -0.00, 0.00
09:03:59.013 -> 27.56, 25.77, 1.59, 0.00, 199, 0, -0.00, 0.00
09:03:59.013 -> 27.56, 25.77, 1.59, 0.00, 199, 0, -0.00, 0.00
09:03:59.013 -> 27.56, 25.77, 1.59, 0.00, 199, 0, 0.04, 0.00
09:03:59.013 -> 27.56, 25.77, 1.59, 0.00, 199, 0, -0.00, 0.00
09:03:59.013 -> 27.56, 25.77, 1.59, 0.00, 199, 0, -0.00, 0.00
09:03:59.013 -> 27.56, 25.77, 1.59, 0.00, 199, 0, -0.00, 0.00
09:04:00.440 -> 27.56, 25.77, 1.59, 0.00, 199, 0, -0.00, 0.00
09:04:00.440 -> 27.56, 25.77, 1.59, 0.00, 199, 0, 0.04, 0.00
09:04:01.678 -> 27.56, 25.77, 1.59, 0.00, 199, 0, -0.00, 0.00
09:04:02.869 -> 27.56, 25.77, 1.59, 0.00, 199, 0, -0.00, 0.00
09:04:04.153 -> 27.56, 25.77, 1.59, 0.00, 199, 0, -0.00, 0.00
09:04:05.276 -> 27.56, 25.77, 1.59, 0.00, 199, 0, -0.00, 0.00
09:04:07.701 -> 27.56, 25.77, 1.59, 0.00, 199, 0, -0.00, 0.00
09:04:07.701 -> 27.56, 25.77, 1.59, 0.00, 199, 0, -0.00, 0.00
09:04:07.701 -> 27.56, 25.77, 1.59, 0.00, 199, 0, -0.00, 0.00
09:04:08.771 -> 27.56, 25.77, 1.59, 0.00, 199, 0, -0.00, 0.00
09:04:10.154 -> 27.56, 25.77, 1.59, 0.00, 199, 0, 0.04, 0.00
09:04:10.658 -> 27.56, 25.77, 1.59, 0.00, 199, 0, -0.00, 0.00
09:04:13.873 -> 27.56, 25.77, 1.59, 0.00, 199, 0, -0.00, 0.00
09:04:13.873 -> 27.56, 25.77, 1.59, 0.00, 199, 0, -0.00, 0.00
09:04:13.873 -> 27.56, 25.77, 1.59, 0.00, 199, 0, -0.00, 0.00
09:04:14.877 -> 27.56, 25.77, 1.59, 0.00, 199, 0, -0.00, 0.00
09:04:15.788 -> 27.56, 25.77, 1.59, 0.00, 199, 0, -0.00, 0.00
09:04:16.978 -> 27.56, 25.77, 1.59, 0.00, 199, 0, -0.00, 0.00
09:04:18.417 -> 27.56, 25.77, 1.59, 0.00, 199, 0, 0.04, 0.00
09:04:20.465 -> 27.56, 25.77, 1.59, 0.00, 199, 0, -0.00, 0.00
09:04:20.465 -> 27.56, 25.77, 1.59, 0.00, 199, 0, 0.04, 0.00
09:04:23.738 -> 27.56, 25.77, 1.59, 0.00, 199, 0, -0.00, 0.00
09:04:23.738 -> 27.56, 25.77, 1.59, 0.00, 199, 0, -0.00, 0.00
09:04:23.738 -> 27.56, 25.77, 1.59, 0.00, 199, 0, 0.04, 0.00
09:04:26.435 -> 27.56, 25.77, 1.59, 0.00, 199, 0, -0.00, 0.00
09:04:26.435 -> 27.56, 25.77, 1.59, 0.00, 199, 0, -0.00, 0.00
09:04:26.435 -> 27.56, 25.77, 1.59, 0.00, 199, 0, -0.00, 0.00
09:04:27.424 -> 27.56, 25.77, 1.59, 0.00, 199, 0, -0.00, 0.00
09:04:28.510 -> 27.56, 25.77, 1.59, 0.00, 199, 0, -0.00, 0.00
09:04:30.886 -> 27.56, 25.77, 1.59, 0.00, 199, 0, -0.00, 0.00
09:04:30.886 -> 27.56, 25.77, 1.59, 0.00, 199, 0, -0.00, 0.00
09:04:32.213 -> 27.56, 25.77, 1.59, 0.00, 199, 0, -0.00, 0.00
09:04:32.213 -> 27.56, 25.77, 1.59, 0.00, 199, 0, -0.00, 0.00
09:04:34.237 -> 27.56, 25.77, 1.59, 0.00, 199, 0, -0.00, 0.00
09:04:34.237 -> 27.56, 25.77, 1.59, 0.00, 199, 0, -0.00, 0.00
09:04:42.820 -> 27.56, 25.77, 1.59, 0.00, 199, 0, -0.00, 0.00
09:04:42.820 -> 27.56, 25.77, 1.59, 0.00, 199, 0, -0.00, 0.00
09:04:42.820 -> 27.56, 25.77, 1.59, 0.00, 199, 0, -0.00, 0.00
09:04:42.820 -> 27.56, 25.77, 1.59, 0.00, 199, 0, 0.04, 0.00
09:04:42.820 -> 27.56, 25.77, 1.59, 0.00, 199, 0, -0.00, 0.00
09:04:42.820 -> 27.56, 25.77, 1.59, 0.00, 199, 0, -0.00, 0.00
09:04:42.820 -> 27.56, 25.77, 1.59, 0.00, 199, 0, -0.00, 0.00
09:04:42.820 -> 27.56, 25.77, 1.59, 0.00, 199, 0, -0.00, 0.00
09:04:52.110 -> 27.56, 25.77, 1.59, 0.00, 199, 0, -0.00, 0.00
09:04:52.110 -> 27.56, 25.77, 1.59, 0.00, 199, 0, -0.00, 0.00
09:04:52.110 -> 27.56, 25.77, 1.59, 0.00, 199, 0, 0.04, 0.00
09:04:52.110 -> 27.56, 25.77, 1.59, 0.00, 199, 0, 0.04, 0.00
09:04:52.110 -> 27.56, 25.77, 1.59, 0.00, 199, 0, 0.04, 0.00
09:04:52.110 -> 27.56, 25.77, 1.59, 0.00, 199, 0, 0.04, 0.00
09:04:52.110 -> 27.56, 25.77, 1.59, 0.00, 199, 0, -0.00, 0.00
09:04:52.110 -> 27.56, 25.77, 1.59, 0.00, 199, 0, -0.00, 0.00
09:04:52.110 -> 27.56, 25.77, 1.59, 0.00, 199, 0, -0.00, 0.00
09:04:55.679 -> 27.56, 25.77, 1.59, 0.00, 199, 0, -0.00, 0.00
09:04:55.679 -> 27.56, 25.77, 1.59, 0.00, 199, 0, -0.00, 0.00
09:04:55.679 -> 27.56, 25.77, 1.59, 0.00, 199, 0, 0.04, 0.00
09:04:55.679 -> 27.56, 25.77, 1.59, 0.00, 199, 0, 0.04, 0.00
09:04:56.932 -> 27.56, 25.77, 1.59, 0.00, 199, 0, -0.00, 0.00
09:05:01.315 -> 27.65, 25.77, 1.68, 0.09, 203, 0, -0.00, 0.00
09:05:01.315 -> 27.56, 25.77, 1.59, -0.09, 198, 0, -0.00, 0.00
09:05:01.315 -> 27.56, 25.77, 1.59, 0.00, 199, 0, -0.00, 0.00
09:05:01.315 -> 27.56, 25.77, 1.59, 0.00, 199, 0, 0.04, 0.00
09:05:02.214 -> 27.56, 25.77, 1.59, 0.00, 199, 0, -0.00, 0.00
09:05:03.761 -> 27.56, 25.77, 1.59, 0.00, 199, 0, -0.00, 0.00
09:05:04.705 -> 27.56, 25.77, 1.59, 0.00, 199, 0, -0.00, 0.00
09:05:08.300 -> 27.56, 25.77, 1.59, 0.00, 199, 0, 0.04, 0.00
09:05:08.300 -> 27.65, 25.77, 1.68, 0.09, 203, 0, -0.00, 0.00
09:05:08.300 -> 27.56, 25.77, 1.59, -0.09, 198, 0, -0.00, 0.00
09:05:08.300 -> 27.56, 25.77, 1.59, 0.00, 199, 0, 0.04, 0.00
09:05:11.216 -> 27.56, 25.77, 1.59, 0.00, 199, 0, -0.00, 0.00
09:05:11.216 -> 27.56, 25.77, 1.59, 0.00, 199, 0, -0.00, 0.00
09:05:11.216 -> 27.56, 25.77, 1.59, 0.00, 199, 0, -0.00, 0.00
09:05:15.106 -> 27.56, 25.77, 1.59, 0.00, 199, 0, -0.00, 0.00
09:05:15.106 -> 27.56, 25.77, 1.59, 0.00, 199, 0, -0.00, 0.00
09:05:15.106 -> 27.56, 25.77, 1.59, 0.00, 199, 0, -0.00, 0.00
09:05:17.216 -> 27.56, 25.77, 1.59, 0.00, 199, 0, -0.00, 0.00
09:05:17.216 -> 27.56, 25.77, 1.59, 0.00, 199, 0, 0.04, 0.00
09:05:17.216 -> 27.56, 25.77, 1.59, 0.00, 199, 0, 0.04, 0.00
09:05:20.184 -> 27.56, 25.77, 1.59, 0.00, 199, 0, -0.00, 0.00
09:05:20.184 -> 27.56, 25.77, 1.59, 0.00, 199, 0, -0.00, 0.00
09:05:21.913 -> 27.56, 25.77, 1.59, 0.00, 199, 0, -0.00, 0.00
09:05:21.913 -> 27.56, 25.77, 1.59, 0.00, 199, 0, -0.00, 0.00
09:05:23.752 -> 27.56, 25.77, 1.59, 0.00, 199, 0, 0.04, 0.00
09:05:23.752 -> 27.56, 25.77, 1.59, 0.00, 199, 0, -0.00, 0.00
09:05:24.351 -> 27.56, 25.77, 1.59, 0.00, 199, 0, 0.04, 0.00
09:05:25.568 -> 27.56, 25.77, 1.59, 0.00, 199, 0, 0.04, 0.00
09:05:26.396 -> 27.56, 25.77, 1.59, 0.00, 199, 0, 0.04, 0.00
09:05:27.390 -> 27.56, 25.77, 1.59, 0.00, 199, 0, -0.00, 0.00
09:05:28.411 -> 27.56, 25.77, 1.59, 0.00, 199, 0, -0.00, 0.00
09:05:29.443 -> 27.56, 25.77, 1.59, 0.00, 199, 0, -0.00, 0.00
09:05:30.457 -> 27.56, 25.77, 1.59, 0.00, 199, 0, -0.00, 0.00
09:05:31.504 -> 27.56, 25.77, 1.59, 0.00, 199, 0, 0.04, 0.00
09:05:32.505 -> 27.56, 25.77, 1.59, 0.00, 199, 0, -0.00, 0.00
09:05:33.552 -> 27.56, 25.77, 1.59, 0.00, 199, 0, -0.00, 0.00
09:05:34.572 -> 27.56, 25.77, 1.59, 0.00, 199, 0, 0.04, 0.00
09:05:35.591 -> 27.56, 25.77, 1.59, 0.00, 199, 0, -0.00, 0.00
09:05:36.616 -> 27.56, 25.77, 1.59, 0.00, 199, 0, -0.00, 0.00
09:05:37.640 -> 27.56, 25.77, 1.59, 0.00, 199, 0, -0.00, 0.00
09:05:38.665 -> 27.56, 25.77, 1.59, 0.00, 199, 0, -0.00, 0.00
09:05:39.684 -> 27.56, 25.77, 1.59, 0.00, 199, 0, -0.00, 0.00
09:05:40.696 -> 27.56, 25.77, 1.59, 0.00, 199, 0, -0.00, 0.00
09:05:41.711 -> 27.56, 25.77, 1.59, 0.00, 199, 0, 0.04, 0.00
09:05:42.765 -> 27.56, 25.77, 1.59, 0.00, 199, 0, 0.04, 0.00
09:05:43.766 -> 27.56, 25.77, 1.59, 0.00, 199, 0, -0.00, 0.00
09:05:44.801 -> 27.56, 25.77, 1.59, 0.00, 199, 0, -0.00, 0.00
09:05:45.821 -> 27.56, 25.77, 1.59, 0.00, 199, 0, 0.04, 0.00
09:05:46.836 -> 27.56, 25.77, 1.59, 0.00, 199, 0, 0.04, 0.00
09:05:47.873 -> 27.56, 25.77, 1.59, 0.00, 199, 0, 0.04, 0.00
09:05:48.873 -> 27.56, 25.77, 1.59, 0.00, 199, 0, -0.00, 0.00
09:05:49.909 -> 27.56, 25.77, 1.59, 0.00, 199, 0, -0.00, 0.00
09:05:50.917 -> 27.56, 25.77, 1.59, 0.00, 199, 0, -0.00, 0.00
09:05:51.954 -> 27.56, 25.77, 1.59, 0.00, 199, 0, -0.00, 0.00
09:05:52.965 -> 27.56, 25.77, 1.59, 0.00, 199, 0, -0.00, 0.00
09:05:53.995 -> 27.56, 25.77, 1.59, 0.00, 199, 0, 0.04, 0.00
09:05:55.037 -> 27.56, 25.77, 1.59, 0.00, 199, 0, -0.00, 0.00
09:05:56.049 -> 27.56, 25.77, 1.59, 0.00, 199, 0, -0.00, 0.00
09:05:57.080 -> 27.56, 25.77, 1.59, 0.00, 199, 0, -0.00, 0.00
09:05:58.107 -> 27.56, 25.77, 1.59, 0.00, 199, 0, -0.00, 0.00
09:05:59.120 -> 27.56, 25.77, 1.59, 0.00, 199, 0, -0.00, 0.00
09:06:00.141 -> 27.56, 25.77, 1.59, 0.00, 199, 0, 0.04, 0.00
09:06:01.156 -> 27.56, 25.77, 1.59, 0.00, 199, 0, -0.00, 0.00
09:06:02.190 -> 27.56, 25.77, 1.59, 0.00, 199, 0, -0.00, 0.00
09:06:03.217 -> 27.56, 25.77, 1.59, 0.00, 199, 0, -0.00, 0.00
09:06:04.225 -> 27.56, 25.77, 1.59, 0.00, 199, 0, 0.04, 0.00
09:06:05.255 -> 27.56, 25.77, 1.59, 0.00, 199, 0, -0.00, 0.00
09:06:06.278 -> 27.56, 25.77, 1.59, 0.00, 199, 0, -0.00, 0.00
09:06:07.292 -> 27.47, 25.77, 1.50, -0.09, 195, 0, 0.04, 0.00
09:06:08.322 -> 27.56, 25.77, 1.59, 0.09, 200, 0, 0.04, 0.00
09:06:09.366 -> 27.56, 25.77, 1.59, 0.00, 199, 0, -0.00, 0.00
09:06:10.379 -> 27.56, 25.77, 1.59, 0.00, 199, 0, -0.00, 0.00
09:06:11.392 -> 27.47, 25.77, 1.50, -0.09, 195, 0, -0.00, 0.00
09:06:12.408 -> 27.47, 25.77, 1.50, 0.00, 196, 0, -0.00, 0.00
09:06:13.449 -> 27.56, 25.77, 1.59, 0.09, 200, 0, -0.00, 0.00
09:06:14.454 -> 27.47, 25.77, 1.50, -0.09, 195, 0, -0.00, 0.00
09:06:15.471 -> 27.47, 25.77, 1.50, 0.00, 196, 0, -0.00, 0.00
09:06:16.527 -> 27.47, 25.77, 1.50, 0.00, 196, 0, 0.04, 0.00
09:06:17.530 -> 27.47, 25.77, 1.50, 0.00, 196, 0, -0.00, 0.00
09:06:18.562 -> 27.47, 25.77, 1.50, 0.00, 196, 0, -0.00, 0.00
09:06:19.565 -> 27.47, 25.77, 1.50, 0.00, 196, 0, -0.00, 0.00
09:06:20.599 -> 27.47, 25.77, 1.50, 0.00, 196, 0, -0.00, 0.00
09:06:21.612 -> 27.47, 25.77, 1.50, 0.00, 196, 0, -0.00, 0.00
09:06:22.659 -> 27.47, 25.77, 1.50, 0.00, 196, 0, -0.00, 0.00
09:06:23.654 -> 27.47, 25.77, 1.50, 0.00, 196, 0, 0.04, 0.00
09:06:24.711 -> 27.47, 25.77, 1.50, 0.00, 196, 0, -0.00, 0.00
09:06:25.715 -> 27.47, 25.77, 1.50, 0.00, 196, 0, 0.04, 0.00
09:06:26.755 -> 27.47, 25.77, 1.50, 0.00, 196, 0, 0.04, 0.00
09:06:27.769 -> 27.47, 25.77, 1.50, 0.00, 196, 0, -0.00, 0.00
09:06:28.794 -> 27.47, 25.77, 1.50, 0.00, 196, 0, -0.00, 0.00
09:06:29.815 -> 27.47, 25.77, 1.50, 0.00, 196, 0, 0.04, 0.00
09:06:30.852 -> 27.47, 25.77, 1.50, 0.00, 196, 0, -0.00, 0.00
09:06:31.848 -> 27.47, 25.77, 1.50, 0.00, 196, 0, 0.04, 0.00
09:06:32.867 -> 27.47, 25.77, 1.50, 0.00, 196, 0, -0.00, 0.00
09:06:33.898 -> 27.47, 25.77, 1.50, 0.00, 196, 0, 0.04, 0.00
09:06:34.949 -> 27.47, 25.77, 1.50, 0.00, 196, 0, 0.04, 0.00
09:06:35.948 -> 27.47, 25.77, 1.50, 0.00, 196, 0, -0.00, 0.00
09:06:36.991 -> 27.47, 25.77, 1.50, 0.00, 196, 0, -0.00, 0.00
09:06:38.008 -> 27.47, 25.77, 1.50, 0.00, 196, 0, -0.00, 0.00
09:06:39.005 -> 27.47, 25.77, 1.50, 0.00, 196, 0, 0.04, 0.00
09:06:40.054 -> 27.47, 25.77, 1.50, 0.00, 196, 0, -0.00, 0.00
09:06:41.057 -> 27.47, 25.77, 1.50, 0.00, 196, 0, 0.04, 0.00
09:06:42.090 -> 27.47, 25.77, 1.50, 0.00, 196, 0, -0.00, 0.00
09:06:43.131 -> 27.47, 25.77, 1.50, 0.00, 196, 0, -0.00, 0.00
09:06:44.147 -> 27.47, 25.77, 1.50, 0.00, 196, 0, -0.00, 0.00
09:06:45.157 -> 27.47, 25.77, 1.50, 0.00, 196, 0, -0.00, 0.00
09:06:46.186 -> 27.38, 25.77, 1.41, -0.09, 192, 0, 0.04, 0.00
09:06:47.192 -> 27.38, 25.77, 1.41, 0.00, 193, 0, -0.00, 0.00
09:06:48.237 -> 27.38, 25.77, 1.41, 0.00, 193, 0, -0.00, 0.00
09:06:49.268 -> 27.38, 25.77, 1.41, 0.00, 193, 0, -0.00, 0.00
09:06:50.263 -> 27.38, 25.77, 1.41, 0.00, 193, 0, -0.00, 0.00
09:06:51.283 -> 27.38, 25.77, 1.41, 0.00, 193, 0, -0.00, 0.00
09:06:52.305 -> 27.38, 25.77, 1.41, 0.00, 193, 0, -0.00, 0.00
09:06:53.348 -> 27.38, 25.77, 1.41, 0.00, 193, 0, -0.00, 0.00
09:06:54.357 -> 27.38, 25.77, 1.41, 0.00, 193, 0, -0.00, 0.00
09:06:55.395 -> 27.38, 25.77, 1.41, 0.00, 193, 0, 0.04, 0.00
09:06:56.412 -> 27.38, 25.77, 1.41, 0.00, 193, 0, -0.00, 0.00
09:06:57.435 -> 27.38, 25.77, 1.41, 0.00, 193, 0, -0.00, 0.00
09:06:58.466 -> 27.38, 25.77, 1.41, 0.00, 193, 0, -0.00, 0.00
09:06:59.493 -> 27.38, 25.77, 1.41, 0.00, 193, 0, -0.00, 0.00
09:07:00.519 -> 27.38, 25.77, 1.41, 0.00, 193, 0, -0.00, 0.00
09:07:01.541 -> 27.38, 25.77, 1.41, 0.00, 193, 0, -0.00, 0.00
09:07:02.558 -> 27.38, 25.77, 1.41, 0.00, 193, 0, -0.00, 0.00
09:07:03.594 -> 27.38, 25.77, 1.41, 0.00, 193, 0, 0.04, 0.00
09:07:04.603 -> 27.38, 25.77, 1.41, 0.00, 193, 0, -0.00, 0.00
09:07:05.618 -> 27.38, 25.77, 1.41, 0.00, 193, 0, -0.00, 0.00
09:07:06.639 -> 27.38, 25.77, 1.41, 0.00, 193, 0, -0.00, 0.00
09:07:07.656 -> 27.38, 25.77, 1.41, 0.00, 193, 0, -0.00, 0.00
09:07:08.677 -> 27.38, 25.77, 1.41, 0.00, 193, 0, -0.00, 0.00
09:07:09.700 -> 27.38, 25.77, 1.41, 0.00, 193, 0, 0.04, 0.00
09:07:10.741 -> 27.38, 25.77, 1.41, 0.00, 193, 0, -0.00, 0.00
09:07:11.779 -> 27.38, 25.77, 1.41, 0.00, 193, 0, -0.00, 0.00
09:07:12.769 -> 27.38, 25.77, 1.41, 0.00, 193, 0, 0.04, 0.00
09:07:13.808 -> 27.38, 25.77, 1.41, 0.00, 193, 0, -0.00, 0.00
09:07:14.824 -> 27.38, 25.77, 1.41, 0.00, 193, 0, -0.00, 0.00
09:07:15.871 -> 27.29, 25.77, 1.32, -0.09, 189, 0, 0.04, 0.00
09:07:16.862 -> 27.29, 25.77, 1.32, 0.00, 190, 0, -0.00, 0.00
09:07:17.919 -> 27.29, 25.77, 1.32, 0.00, 190, 0, -0.00, 0.00
09:07:18.940 -> 27.29, 25.77, 1.32, 0.00, 190, 0, -0.00, 0.00
09:07:19.944 -> 27.29, 25.77, 1.32, 0.00, 190, 0, -0.00, 0.00
09:07:20.966 -> 27.29, 25.77, 1.32, 0.00, 190, 0, 0.04, 0.00
09:07:21.985 -> 27.29, 25.77, 1.32, 0.00, 190, 0, -0.00, 0.00
09:07:23.035 -> 27.29, 25.77, 1.32, 0.00, 190, 0, -0.00, 0.00
09:07:24.035 -> 27.29, 25.77, 1.32, 0.00, 190, 0, -0.00, 0.00
09:07:25.079 -> 27.29, 25.77, 1.32, 0.00, 190, 0, -0.00, 0.00
09:07:26.078 -> 27.29, 25.77, 1.32, 0.00, 190, 0, 0.04, 0.00
09:07:27.095 -> 27.29, 25.77, 1.32, 0.00, 190, 0, -0.00, 0.00
09:07:28.124 -> 27.29, 25.77, 1.32, 0.00, 190, 0, -0.00, 0.00
09:07:29.176 -> 27.29, 25.77, 1.32, 0.00, 190, 0, -0.00, 0.00
09:07:30.188 -> 27.29, 25.77, 1.32, 0.00, 190, 0, 0.04, 0.00
09:07:31.207 -> 27.29, 25.77, 1.32, 0.00, 190, 0, -0.00, 0.00
09:07:32.218 -> 27.29, 25.77, 1.32, 0.00, 190, 0, -0.00, 0.00
09:07:33.251 -> 27.29, 25.77, 1.32, 0.00, 190, 0, -0.00, 0.00
09:07:34.284 -> 27.29, 25.77, 1.32, 0.00, 190, 0, -0.00, 0.00
09:07:35.301 -> 27.29, 25.77, 1.32, 0.00, 190, 0, -0.00, 0.00
09:07:36.304 -> 27.29, 25.77, 1.32, 0.00, 190, 0, -0.00, 0.00
09:07:37.359 -> 27.29, 25.77, 1.32, 0.00, 190, 0, -0.00, 0.00
09:07:38.376 -> 27.29, 25.77, 1.32, 0.00, 190, 0, -0.00, 0.00
09:07:40.704 -> 27.29, 25.77, 1.32, 0.00, 190, 0, 0.04, 0.00
09:07:40.704 -> 27.20, 25.77, 1.23, -0.09, 186, 0, -0.00, 0.00
09:07:46.264 -> 27.20, 25.77, 1.23, 0.00, 187, 0, -0.00, 0.00
09:07:46.264 -> 27.20, 25.77, 1.23, 0.00, 187, 0, -0.00, 0.00
09:07:46.264 -> 27.20, 25.77, 1.23, 0.00, 187, 0, 0.04, 0.00
09:07:46.264 -> 27.20, 25.77, 1.23, 0.00, 187, 0, -0.00, 0.00
09:07:46.264 -> 27.20, 25.77, 1.23, 0.00, 187, 0, -0.00, 0.00
09:07:46.587 -> 27.20, 25.77, 1.23, 0.00, 187, 0, -0.00, 0.00
09:07:49.994 -> 27.20, 25.77, 1.23, 0.00, 187, 0, -0.00, 0.00
09:07:49.994 -> 27.20, 25.77, 1.23, 0.00, 187, 0, -0.00, 0.00
09:07:49.994 -> 27.20, 25.77, 1.23, 0.00, 187, 0, -0.00, 0.00
09:07:50.963 -> 27.20, 25.77, 1.23, 0.00, 187, 0, -0.00, 0.00
09:07:52.743 -> 27.20, 25.77, 1.23, 0.00, 187, 0, -0.00, 0.00
09:07:52.743 -> 27.20, 25.77, 1.23, 0.00, 187, 0, -0.00, 0.00
09:07:58.709 -> 27.20, 25.77, 1.23, 0.00, 187, 0, -0.00, 0.00
09:07:58.709 -> 27.20, 25.77, 1.23, 0.00, 187, 0, -0.00, 0.00
09:07:58.709 -> 27.20, 25.77, 1.23, 0.00, 187, 0, 0.04, 0.00
09:07:58.709 -> 27.20, 25.77, 1.23, 0.00, 187, 0, 0.04, 0.00
09:07:58.709 -> 27.20, 25.77, 1.23, 0.00, 187, 0, -0.00, 0.00
09:07:58.914 -> 27.20, 25.77, 1.23, 0.00, 187, 0, -0.00, 0.00
09:08:08.947 -> 27.20, 25.77, 1.23, 0.00, 187, 0, -0.00, 0.00
09:08:08.947 -> 27.20, 25.77, 1.23, 0.00, 187, 0, -0.00, 0.00
09:08:08.947 -> 27.20, 25.77, 1.23, 0.00, 187, 0, -0.00, 0.00
09:08:08.947 -> 27.20, 25.77, 1.23, 0.00, 187, 0, -0.00, 0.00
09:08:08.947 -> 27.10, 25.77, 1.14, -0.09, 183, 0, -0.00, 0.00
09:08:08.947 -> 27.10, 25.77, 1.14, 0.00, 184, 0, -0.00, 0.00
09:08:08.947 -> 27.10, 25.77, 1.14, 0.00, 184, 0, 0.04, 0.00
09:08:08.947 -> 27.10, 25.77, 1.14, 0.00, 184, 0, 0.04, 0.00
09:08:08.947 -> 27.10, 25.77, 1.14, 0.00, 184, 0, 0.04, 0.00
09:08:19.014 -> 27.10, 25.77, 1.14, 0.00, 184, 0, -0.00, 0.00
09:08:19.014 -> 27.10, 25.77, 1.14, 0.00, 184, 0, -0.00, 0.00
09:08:19.014 -> 27.10, 25.77, 1.14, 0.00, 184, 0, -0.00, 0.00
09:08:19.014 -> 27.10, 25.77, 1.14, 0.00, 184, 0, -0.00, 0.00
09:08:19.014 -> 27.10, 25.77, 1.14, 0.00, 184, 0, -0.00, 0.00
09:08:19.014 -> 27.10, 25.77, 1.14, 0.00, 184, 0, -0.00, 0.00
09:08:19.014 -> 27.10, 25.77, 1.14, 0.00, 184, 0, -0.00, 0.00
09:08:19.014 -> 27.10, 25.77, 1.14, 0.00, 184, 0, -0.00, 0.00
09:08:19.014 -> 27.10, 25.77, 1.14, 0.00, 184, 0, -0.00, 0.00
09:08:19.014 -> 27.10, 25.77, 1.14, 0.00, 184, 0, -0.00, 0.00
09:08:29.048 -> 27.10, 25.77, 1.14, 0.00, 184, 0, -0.00, 0.00
09:08:29.048 -> 27.10, 25.77, 1.14, 0.00, 184, 0, 0.04, 0.00
09:08:29.048 -> 27.10, 25.77, 1.14, 0.00, 184, 0, -0.00, 0.00
09:08:29.048 -> 27.10, 25.77, 1.14, 0.00, 184, 0, -0.00, 0.00
09:08:29.048 -> 27.10, 25.77, 1.14, 0.00, 184, 0, -0.00, 0.00
09:08:29.048 -> 27.10, 25.77, 1.14, 0.00, 184, 0, -0.00, 0.00
09:08:29.048 -> 27.01, 25.77, 1.05, -0.09, 180, 0, -0.00, 0.00
09:08:29.048 -> 27.01, 25.77, 1.05, 0.00, 181, 0, -0.00, 0.00
09:08:29.048 -> 27.01, 25.77, 1.05, 0.00, 181, 0, 0.04, 0.00
09:08:29.048 -> 27.01, 25.77, 1.05, 0.00, 181, 0, -0.00, 0.00
09:08:35.804 -> 27.01, 25.77, 1.05, 0.00, 181, 0, -0.00, 0.00
09:08:35.804 -> 27.01, 25.77, 1.05, 0.00, 181, 0, 0.04, 0.00
09:08:35.804 -> 27.01, 25.77, 1.05, 0.00, 181, 0, -0.00, 0.00
09:08:35.804 -> 27.01, 25.77, 1.05, 0.00, 181, 0, -0.00, 0.00
09:08:35.804 -> 27.01, 25.77, 1.05, 0.00, 181, 0, -0.00, 0.00
09:08:35.804 -> 27.01, 25.77, 1.05, 0.00, 181, 0, -0.00, 0.00
09:08:35.804 -> 27.01, 25.77, 1.05, 0.00, 181, 0, 0.04, 0.00
09:08:37.079 -> 27.01, 25.77, 1.05, 0.00, 181, 0, 0.04, 0.00
09:08:40.101 -> 27.01, 25.77, 1.05, 0.00, 181, 0, -0.00, 0.00
09:08:40.101 -> 27.01, 25.77, 1.05, 0.00, 181, 0, -0.00, 0.00
09:08:40.101 -> 27.01, 25.77, 1.05, 0.00, 181, 0, -0.00, 0.00
09:08:40.771 -> 27.01, 25.77, 1.05, 0.00, 181, 0, -0.00, 0.00
09:08:41.803 -> 27.01, 25.77, 1.05, 0.00, 181, 0, -0.00, 0.00
09:08:42.826 -> 27.01, 25.77, 1.05, 0.00, 181, 0, -0.00, 0.00
09:08:43.843 -> 27.01, 25.77, 1.05, 0.00, 181, 0, -0.00, 0.00
09:08:44.860 -> 27.01, 25.77, 1.05, 0.00, 181, 0, -0.00, 0.00
09:08:45.877 -> 27.01, 25.77, 1.05, 0.00, 181, 0, -0.00, 0.00
09:08:46.918 -> 26.92, 25.77, 0.95, -0.09, 180, 0, -0.00, 0.00
09:08:47.926 -> 26.92, 25.77, 0.95, 0.00, 181, 0, -0.00, 0.00
09:08:48.981 -> 26.92, 25.77, 0.95, 0.00, 181, 0, -0.00, 0.00
09:08:49.968 -> 26.92, 25.77, 0.95, 0.00, 181, 0, -0.00, 0.00
09:08:51.022 -> 26.92, 25.77, 0.95, 0.00, 181, 0, -0.00, 0.00
09:08:52.050 -> 26.92, 25.77, 0.95, 0.00, 181, 0, -0.00, 0.00
09:08:53.051 -> 26.92, 25.77, 0.95, 0.00, 181, 0, -0.00, 0.00
09:08:54.080 -> 26.92, 25.77, 0.95, 0.00, 181, 0, -0.00, 0.00
09:08:55.098 -> 26.92, 25.77, 0.95, 0.00, 181, 0, -0.00, 0.00
09:08:56.131 -> 26.92, 25.77, 0.95, 0.00, 181, 0, 0.04, 0.00
09:08:57.150 -> 26.92, 25.77, 0.95, 0.00, 181, 0, -0.00, 0.00
09:08:58.165 -> 26.92, 25.77, 0.95, 0.00, 181, 0, -0.00, 0.00
09:08:59.181 -> 26.92, 25.77, 0.95, 0.00, 181, 0, -0.00, 0.00
09:09:00.224 -> 26.92, 25.77, 0.95, 0.00, 181, 0, -0.00, 0.00
09:09:01.245 -> 26.92, 25.77, 0.95, 0.00, 181, 0, 0.04, 0.00
09:09:02.283 -> 26.92, 25.77, 0.95, 0.00, 181, 0, -0.00, 0.00
09:09:03.283 -> 26.92, 25.77, 0.95, 0.00, 181, 0, -0.00, 0.00
09:09:04.305 -> 26.92, 25.77, 0.95, 0.00, 181, 0, -0.00, 0.00
09:09:05.318 -> 26.92, 25.77, 0.95, 0.00, 181, 0, -0.00, 0.00
09:09:06.357 -> 26.83, 25.77, 0.86, -0.09, 177, 0, -0.00, 0.00
09:09:07.400 -> 26.83, 25.77, 0.86, 0.00, 178, 0, -0.00, 0.00
09:09:08.418 -> 26.83, 25.77, 0.86, 0.00, 178, 0, -0.00, 0.00
09:09:09.427 -> 26.83, 25.77, 0.86, 0.00, 178, 0, -0.00, 0.00
09:09:10.457 -> 26.83, 25.77, 0.86, 0.00, 178, 0, -0.00, 0.00
09:09:11.474 -> 26.83, 25.77, 0.86, 0.00, 178, 0, -0.00, 0.00
09:09:12.490 -> 26.83, 25.77, 0.86, 0.00, 178, 0, -0.00, 0.00
09:09:13.528 -> 26.83, 25.77, 0.86, 0.00, 178, 0, -0.00, 0.00
09:09:14.544 -> 26.83, 25.77, 0.86, 0.00, 178, 0, -0.00, 0.00
09:09:15.582 -> 26.83, 25.77, 0.86, 0.00, 178, 0, -0.00, 0.00
09:09:16.576 -> 26.83, 25.77, 0.86, 0.00, 178, 0, -0.00, 0.00
09:09:17.605 -> 26.83, 25.77, 0.86, 0.00, 178, 0, -0.00, 0.00
09:09:18.625 -> 26.83, 25.77, 0.86, 0.00, 178, 0, -0.00, 0.00
09:09:19.670 -> 26.83, 25.77, 0.86, 0.00, 178, 0, -0.00, 0.00
09:09:20.690 -> 26.83, 25.77, 0.86, 0.00, 178, 0, 0.04, 0.00
09:09:21.715 -> 26.83, 25.77, 0.86, 0.00, 178, 0, -0.00, 0.00
09:09:22.741 -> 26.83, 25.77, 0.86, 0.00, 178, 0, -0.00, 0.00
09:09:23.761 -> 26.83, 25.77, 0.86, 0.00, 178, 0, -0.00, 0.00
09:09:24.769 -> 26.74, 25.77, 0.77, -0.09, 174, 0, -0.00, 0.00
09:09:25.806 -> 26.74, 25.77, 0.77, 0.00, 175, 0, -0.00, 0.00
09:09:26.815 -> 26.74, 25.77, 0.77, 0.00, 175, 0, -0.00, 0.00
09:09:27.826 -> 26.74, 25.77, 0.77, 0.00, 175, 0, 0.04, 0.00
09:09:28.860 -> 26.74, 25.77, 0.77, 0.00, 175, 0, -0.00, 0.00
09:09:29.896 -> 26.74, 25.77, 0.77, 0.00, 175, 0, -0.00, 0.00
09:09:30.910 -> 26.74, 25.77, 0.77, 0.00, 175, 0, -0.00, 0.00
09:09:31.934 -> 26.74, 25.77, 0.77, 0.00, 175, 0, -0.00, 0.00
09:09:32.952 -> 26.74, 25.77, 0.77, 0.00, 175, 0, -0.00, 0.00
09:09:33.969 -> 26.74, 25.77, 0.77, 0.00, 175, 0, -0.00, 0.00
09:09:34.985 -> 26.74, 25.77, 0.77, 0.00, 175, 0, -0.00, 0.00
09:09:36.005 -> 26.74, 25.77, 0.77, 0.00, 175, 0, 0.04, 0.00
09:09:37.034 -> 26.74, 25.77, 0.77, 0.00, 175, 0, -0.00, 0.00
09:09:38.063 -> 26.74, 25.77, 0.77, 0.00, 175, 0, -0.00, 0.00
09:09:40.263 -> 26.74, 25.77, 0.77, 0.00, 175, 0, -0.00, 0.00
09:09:40.263 -> 26.74, 25.77, 0.77, 0.00, 175, 0, -0.00, 0.00
09:09:50.293 -> 26.74, 25.77, 0.77, 0.00, 175, 0, 0.04, 0.00
09:09:50.293 -> 26.74, 25.77, 0.77, 0.00, 175, 0, -0.00, 0.00
09:09:50.293 -> 26.74, 25.77, 0.77, 0.00, 175, 0, -0.00, 0.00
09:09:50.293 -> 26.74, 25.77, 0.77, 0.00, 175, 0, -0.00, 0.00
09:09:50.293 -> 26.65, 25.77, 0.68, -0.09, 171, 0, -0.00, 0.00
09:09:50.293 -> 26.65, 25.77, 0.68, 0.00, 172, 0, 0.04, 0.00
09:09:50.293 -> 26.74, 25.77, 0.77, 0.09, 176, 0, 0.04, 0.00
09:09:50.293 -> 26.74, 25.77, 0.77, 0.00, 175, 0, -0.00, 0.00
09:09:50.293 -> 26.65, 25.77, 0.68, -0.09, 171, 0, -0.00, 0.00
09:10:00.326 -> 26.65, 25.77, 0.68, 0.00, 172, 0, -0.00, 0.00
09:10:00.326 -> 26.65, 25.77, 0.68, 0.00, 172, 0, 0.04, 0.00
09:10:00.326 -> 26.65, 25.77, 0.68, 0.00, 172, 0, -0.00, 0.00
09:10:00.326 -> 26.65, 25.77, 0.68, 0.00, 172, 0, -0.00, 0.00
09:10:00.326 -> 26.65, 25.77, 0.68, 0.00, 172, 0, -0.00, 0.00
09:10:00.326 -> 26.65, 25.77, 0.68, 0.00, 172, 0, -0.00, 0.00
09:10:00.326 -> 26.65, 25.77, 0.68, 0.00, 172, 0, 0.04, 0.00
09:10:00.326 -> 26.65, 25.77, 0.68, 0.00, 172, 0, -0.00, 0.00
09:10:00.326 -> 26.65, 25.77, 0.68, 0.00, 172, 0, -0.00, 0.00
09:10:00.326 -> 26.65, 25.77, 0.68, 0.00, 172, 0, -0.00, 0.00
09:10:10.360 -> 26.65, 25.77, 0.68, 0.00, 172, 0, -0.00, 0.00
09:10:10.360 -> 26.65, 25.77, 0.68, 0.00, 172, 0, -0.00, 0.00
09:10:10.360 -> 26.65, 25.77, 0.68, 0.00, 172, 0, -0.00, 0.00
09:10:10.360 -> 26.65, 25.77, 0.68, 0.00, 172, 0, -0.00, 0.00
09:10:10.360 -> 26.65, 25.77, 0.68, 0.00, 172, 0, 0.04, 0.00
09:10:10.360 -> 26.56, 25.77, 0.60, -0.09, 168, 0, -0.00, 0.00
09:10:10.360 -> 26.56, 25.77, 0.60, 0.00, 169, 0, -0.00, 0.00
09:10:10.360 -> 26.56, 25.77, 0.60, 0.00, 169, 0, -0.00, 0.00
09:10:10.360 -> 26.56, 25.77, 0.60, 0.00, 169, 0, 0.04, 0.00
09:10:10.360 -> 26.56, 25.77, 0.60, 0.00, 169, 0, -0.00, 0.00
09:10:20.692 -> 26.56, 25.77, 0.60, 0.00, 169, 0, -0.00, 0.00
09:10:20.692 -> 26.56, 25.77, 0.60, 0.00, 169, 0, -0.00, 0.00
09:10:20.692 -> 26.56, 25.77, 0.60, 0.00, 169, 0, -0.00, 0.00
09:10:20.692 -> 26.56, 25.77, 0.60, 0.00, 169, 0, 0.04, 0.00
09:10:20.692 -> 26.56, 25.77, 0.60, 0.00, 169, 0, -0.00, 0.00
09:10:20.692 -> 26.56, 25.77, 0.60, 0.00, 169, 0, 0.04, 0.00
09:10:20.692 -> 26.56, 25.77, 0.60, 0.00, 169, 0, -0.00, 0.00
09:10:20.692 -> 26.56, 25.77, 0.60, 0.00, 169, 0, 0.04, 0.00
09:10:20.692 -> 26.56, 25.77, 0.60, 0.00, 169, 0, -0.00, 0.00
09:10:20.692 -> 26.56, 25.77, 0.60, 0.00, 169, 0, -0.00, 0.00
09:10:30.727 -> 26.56, 25.77, 0.60, 0.00, 169, 0, -0.00, 0.00
09:10:30.727 -> 26.56, 25.77, 0.60, 0.00, 169, 0, 0.04, 0.00
09:10:30.727 -> 26.56, 25.77, 0.60, 0.00, 169, 0, -0.00, 0.00
09:10:30.727 -> 26.48, 25.77, 0.51, -0.09, 165, 0, -0.00, 0.00
09:10:30.727 -> 26.48, 25.77, 0.51, 0.00, 166, 0, -0.00, 0.00
09:10:30.727 -> 26.48, 25.77, 0.51, 0.00, 166, 0, -0.00, 0.00
09:10:30.727 -> 26.48, 25.77, 0.51, 0.00, 166, 0, 0.04, 0.00
09:10:30.727 -> 26.48, 25.77, 0.51, 0.00, 166, 0, -0.00, 0.00
09:10:30.727 -> 26.48, 25.77, 0.51, 0.00, 166, 0, -0.00, 0.00
09:10:30.727 -> 26.48, 25.77, 0.51, 0.00, 166, 0, -0.00, 0.00
09:10:40.760 -> 26.48, 25.77, 0.51, 0.00, 166, 0, -0.00, 0.00
09:10:40.760 -> 26.48, 25.77, 0.51, 0.00, 166, 0, 0.04, 0.00
09:10:40.760 -> 26.48, 25.77, 0.51, 0.00, 166, 0, -0.00, 0.00
09:10:40.760 -> 26.48, 25.77, 0.51, 0.00, 166, 0, 0.04, 0.00
09:10:40.760 -> 26.48, 25.77, 0.51, 0.00, 166, 0, -0.00, 0.00
09:10:40.760 -> 26.48, 25.77, 0.51, 0.00, 166, 0, -0.00, 0.00
09:10:40.760 -> 26.48, 25.77, 0.51, 0.00, 166, 0, -0.00, 0.00
09:10:40.760 -> 26.48, 25.77, 0.51, 0.00, 166, 0, -0.00, 0.00
09:10:40.760 -> 26.48, 25.77, 0.51, 0.00, 166, 0, 0.04, 0.00
09:10:40.760 -> 26.39, 25.77, 0.42, -0.09, 162, 0, -0.00, 0.00
09:10:51.092 -> 26.39, 25.77, 0.42, 0.00, 163, 0, 0.04, 0.00
09:10:51.092 -> 26.39, 25.77, 0.42, 0.00, 163, 0, 0.04, 0.00
09:10:51.092 -> 26.39, 25.77, 0.42, 0.00, 163, 0, -0.00, 0.00
09:10:51.092 -> 26.39, 25.77, 0.42, 0.00, 163, 0, -0.00, 0.00
09:10:51.092 -> 26.39, 25.77, 0.42, 0.00, 163, 0, 0.04, 0.00
09:10:51.092 -> 26.39, 25.77, 0.42, 0.00, 163, 0, -0.00, 0.00
09:10:51.092 -> 26.39, 25.77, 0.42, 0.00, 163, 0, 0.04, 0.00
09:10:51.092 -> 26.39, 25.77, 0.42, 0.00, 163, 0, 0.04, 0.00
09:10:51.092 -> 26.39, 25.77, 0.42, 0.00, 163, 0, 0.04, 0.00
09:10:51.092 -> 26.39, 25.77, 0.42, 0.00, 163, 0, 0.04, 0.00
09:11:01.126 -> 26.39, 25.77, 0.42, 0.00, 163, 0, -0.00, 0.00
09:11:01.126 -> 26.39, 25.77, 0.42, 0.00, 163, 0, -0.00, 0.00
09:11:01.126 -> 26.39, 25.77, 0.42, 0.00, 163, 0, 0.04, 0.00
09:11:01.126 -> 26.39, 25.77, 0.42, 0.00, 163, 0, -0.00, 0.00
09:11:01.126 -> 26.39, 25.77, 0.42, 0.00, 163, 0, -0.00, 0.00
09:11:01.126 -> 26.39, 25.77, 0.42, 0.00, 163, 0, -0.00, 0.00
09:11:01.126 -> 26.39, 25.77, 0.42, 0.00, 163, 0, 0.04, 0.00
09:11:01.126 -> 26.39, 25.77, 0.42, 0.00, 163, 0, -0.00, 0.00
09:11:01.126 -> 26.39, 25.77, 0.42, 0.00, 163, 0, -0.00, 0.00
09:11:01.126 -> 26.30, 25.77, 0.33, -0.09, 159, 1, -0.00, -833.67
09:11:11.161 -> 26.30, 25.77, 0.33, 0.00, 160, 1, 0.04, 27.50
09:11:11.161 -> 26.30, 25.77, 0.33, 0.00, 160, 1, 0.04, 27.50
09:11:11.161 -> 26.30, 25.77, 0.33, 0.00, 160, 1, 0.04, 27.50
09:11:11.161 -> 26.30, 25.77, 0.33, 0.00, 160, 1, 0.04, 27.50
09:11:11.161 -> 26.30, 25.77, 0.33, 0.00, 160, 1, 0.04, 27.50
09:11:11.161 -> 26.30, 25.77, 0.33, 0.00, 160, 1, 0.04, 27.50
09:11:11.161 -> 26.30, 25.77, 0.33, 0.00, 160, 1, 0.07, 13.53
09:11:11.161 -> 26.30, 25.77, 0.33, 0.00, 160, 1, 0.07, 13.53
09:11:11.161 -> 26.30, 25.77, 0.33, 0.00, 160, 1, 0.07, 13.53
09:11:11.461 -> 26.30, 25.77, 0.33, 0.00, 160, 1, 0.04, 27.50
09:11:21.493 -> 26.30, 25.77, 0.33, 0.00, 160, 1, 0.04, 27.50
09:11:21.493 -> 26.30, 25.77, 0.33, 0.00, 160, 1, 0.04, 27.50
09:11:21.493 -> 26.30, 25.77, 0.33, 0.00, 160, 1, 0.04, 27.50
09:11:21.493 -> 26.30, 25.77, 0.33, 0.00, 160, 1, 0.04, 27.50
09:11:21.493 -> 26.21, 25.77, 0.24, -0.09, 156, 155, 0.07, 2096.84
09:11:21.493 -> 26.21, 25.77, 0.24, 0.00, 157, 0, 2.93, 0.00
09:11:21.493 -> 26.30, 25.77, 0.33, 0.09, 161, 0, 0.04, 0.00
09:11:21.493 -> 26.21, 25.77, 0.24, -0.09, 156, 155, 0.11, 1390.37
09:11:21.493 -> 26.21, 25.77, 0.24, 0.00, 157, 0, 2.37, 0.00
09:11:21.493 -> 26.21, 25.77, 0.24, 0.00, 157, 0, -0.00, 0.00
09:11:31.527 -> 26.21, 25.77, 0.24, 0.00, 157, 0, -0.00, 0.00
09:11:31.527 -> 26.21, 25.77, 0.24, 0.00, 157, 0, 0.04, 0.00
09:11:31.527 -> 26.21, 25.77, 0.24, 0.00, 157, 0, -0.00, 0.00
09:11:31.527 -> 26.21, 25.77, 0.24, 0.00, 157, 0, -0.00, 0.00
09:11:31.527 -> 26.21, 25.77, 0.24, 0.00, 157, 0, 0.04, 0.00
09:11:31.527 -> 26.21, 25.77, 0.24, 0.00, 157, 0, -0.00, 0.00
09:11:31.527 -> 26.21, 25.77, 0.24, 0.00, 157, 0, 0.04, 0.00
09:11:31.527 -> 26.21, 25.77, 0.24, 0.00, 157, 0, -0.00, 0.00
09:11:31.527 -> 26.21, 25.77, 0.24, 0.00, 157, 0, -0.00, 0.00
09:11:38.051 -> 26.21, 25.77, 0.24, 0.00, 157, 0, 0.04, 0.00
09:11:38.051 -> 26.21, 25.77, 0.24, 0.00, 157, 0, 0.04, 0.00
09:11:38.051 -> 26.21, 25.77, 0.24, 0.00, 157, 0, -0.00, 0.00
09:11:38.051 -> 26.21, 25.77, 0.24, 0.00, 157, 0, -0.00, 0.00
09:11:38.051 -> 26.21, 25.77, 0.24, 0.00, 157, 0, -0.00, 0.00
09:11:38.051 -> 26.21, 25.77, 0.24, 0.00, 157, 0, 0.04, 0.00
09:11:38.051 -> 26.21, 25.77, 0.24, 0.00, 157, 0, -0.00, 0.00
09:11:39.708 -> 26.21, 25.77, 0.24, 0.00, 157, 0, -0.00, 0.00
09:11:40.779 -> 26.21, 25.77, 0.24, 0.00, 157, 0, -0.00, 0.00
09:11:41.034 -> 26.21, 25.77, 0.24, 0.00, 157, 0, -0.00, 0.00
09:11:42.437 -> 26.21, 25.77, 0.24, 0.00, 157, 0, -0.00, 0.00
09:11:44.727 -> 26.21, 25.77, 0.24, 0.00, 157, 0, -0.00, 0.00
09:11:44.727 -> 26.21, 25.77, 0.24, 0.00, 157, 0, -0.00, 0.00
09:11:47.111 -> 26.21, 25.77, 0.24, 0.00, 157, 0, -0.00, 0.00
09:11:47.111 -> 26.21, 25.77, 0.24, 0.00, 157, 0, -0.00, 0.00
09:11:47.111 -> 26.21, 25.77, 0.24, 0.00, 157, 0, 0.04, 0.00
09:11:48.687 -> 26.21, 25.77, 0.24, 0.00, 157, 0, 0.04, 0.00
09:11:50.615 -> 26.21, 25.77, 0.24, 0.00, 157, 0, -0.00, 0.00
09:11:50.615 -> 26.21, 25.77, 0.24, 0.00, 157, 0, -0.00, 0.00
09:11:52.477 -> 26.21, 25.77, 0.24, 0.00, 157, 0, -0.00, 0.00
09:11:52.477 -> 26.21, 25.77, 0.24, 0.00, 157, 0, -0.00, 0.00
09:11:53.127 -> 26.21, 25.77, 0.24, 0.00, 157, 0, -0.00, 0.00
09:11:54.144 -> 26.21, 25.77, 0.24, 0.00, 157, 0, -0.00, 0.00
09:11:55.160 -> 26.21, 25.77, 0.24, 0.00, 157, 0, -0.00, 0.00
09:11:56.182 -> 26.21, 25.77, 0.24, 0.00, 157, 0, -0.00, 0.00
09:11:57.233 -> 26.21, 25.77, 0.24, 0.00, 157, 0, -0.00, 0.00
09:11:58.252 -> 26.21, 25.77, 0.24, 0.00, 157, 0, -0.00, 0.00
09:11:59.282 -> 26.21, 25.77, 0.24, 0.00, 157, 0, -0.00, 0.00
09:12:00.277 -> 26.21, 25.77, 0.24, 0.00, 157, 0, -0.00, 0.00
09:12:01.320 -> 26.21, 25.77, 0.24, 0.00, 157, 0, 0.04, 0.00
09:12:02.341 -> 26.21, 25.77, 0.24, 0.00, 157, 0, -0.00, 0.00
09:12:03.365 -> 26.21, 25.77, 0.24, 0.00, 157, 0, 0.04, 0.00
09:12:04.373 -> 26.21, 25.77, 0.24, 0.00, 157, 0, 0.04, 0.00
09:12:05.403 -> 26.21, 25.77, 0.24, 0.00, 157, 0, -0.00, 0.00
09:12:06.435 -> 26.21, 25.77, 0.24, 0.00, 157, 0, -0.00, 0.00
09:12:07.460 -> 26.21, 25.77, 0.24, 0.00, 157, 0, 0.04, 0.00
09:12:08.477 -> 26.21, 25.77, 0.24, 0.00, 157, 0, -0.00, 0.00
09:12:09.490 -> 26.21, 25.77, 0.24, 0.00, 157, 0, -0.00, 0.00
09:12:10.509 -> 26.21, 25.77, 0.24, 0.00, 157, 0, -0.00, 0.00
09:12:11.534 -> 26.21, 25.77, 0.24, 0.00, 157, 0, -0.00, 0.00
09:12:12.553 -> 26.21, 25.77, 0.24, 0.00, 157, 0, -0.00, 0.00
09:12:13.601 -> 26.12, 25.77, 0.15, -0.09, 153, 0, -0.00, 0.00
09:12:14.612 -> 26.12, 25.77, 0.15, 0.00, 154, 0, 0.04, 0.00
09:12:15.641 -> 26.12, 25.77, 0.15, 0.00, 154, 0, -0.00, 0.00
09:12:16.657 -> 26.21, 25.77, 0.24, 0.09, 158, 0, -0.00, 0.00
09:12:17.671 -> 26.12, 25.77, 0.15, -0.09, 153, 0, -0.00, 0.00
09:12:18.722 -> 26.21, 25.77, 0.24, 0.09, 158, 0, 0.04, 0.00
09:12:19.742 -> 26.12, 25.77, 0.15, -0.09, 153, 0, -0.00, 0.00
09:12:20.750 -> 26.12, 25.77, 0.15, 0.00, 154, 0, -0.00, 0.00
09:12:21.769 -> 26.12, 25.77, 0.15, 0.00, 154, 0, -0.00, 0.00
09:12:22.789 -> 26.12, 25.77, 0.15, 0.00, 154, 0, -0.00, 0.00
09:12:23.819 -> 26.12, 25.77, 0.15, 0.00, 154, 0, -0.00, 0.00
09:12:24.834 -> 26.12, 25.77, 0.15, 0.00, 154, 0, 0.04, 0.00
09:12:25.882 -> 26.12, 25.77, 0.15, 0.00, 154, 0, -0.00, 0.00
09:12:26.906 -> 26.12, 25.77, 0.15, 0.00, 154, 0, -0.00, 0.00
09:12:27.910 -> 26.12, 25.77, 0.15, 0.00, 154, 0, -0.00, 0.00
09:12:28.957 -> 26.12, 25.77, 0.15, 0.00, 154, 0, -0.00, 0.00
09:12:29.965 -> 26.12, 25.77, 0.15, 0.00, 154, 0, 0.04, 0.00
09:12:30.969 -> 26.12, 25.77, 0.15, 0.00, 154, 0, -0.00, 0.00
09:12:32.018 -> 26.12, 25.77, 0.15, 0.00, 154, 0, -0.00, 0.00
09:12:33.038 -> 26.12, 25.77, 0.15, 0.00, 154, 0, -0.00, 0.00
09:12:34.052 -> 26.12, 25.77, 0.15, 0.00, 154, 0, -0.00, 0.00
09:12:35.070 -> 26.12, 25.77, 0.15, 0.00, 154, 0, -0.00, 0.00
09:12:36.087 -> 26.12, 25.77, 0.15, 0.00, 154, 0, 0.04, 0.00
09:12:37.133 -> 26.12, 25.77, 0.15, 0.00, 154, 0, -0.00, 0.00
09:12:38.155 -> 26.12, 25.77, 0.15, 0.00, 154, 0, -0.00, 0.00
09:12:39.171 -> 26.12, 25.77, 0.15, 0.00, 154, 0, -0.00, 0.00
09:12:40.190 -> 26.03, 25.77, 0.06, -0.09, 153, 0, 0.04, 0.00
09:12:41.208 -> 26.12, 25.77, 0.15, 0.09, 155, 37, 0.11, 331.90
09:12:42.223 -> 26.12, 25.77, 0.15, 0.00, 154, 0, 0.30, 0.00
09:12:43.282 -> 26.12, 25.77, 0.15, 0.00, 154, 0, 0.04, 0.00
09:12:44.291 -> 26.03, 25.77, 0.06, -0.09, 153, 0, -0.00, 0.00
09:12:45.317 -> 26.03, 25.77, 0.06, 0.00, 154, 0, -0.00, 0.00
09:12:46.347 -> 26.03, 25.77, 0.06, 0.00, 154, 0, -0.00, 0.00
09:12:47.369 -> 26.03, 25.77, 0.06, 0.00, 154, 0, 0.04, 0.00
09:12:48.387 -> 26.03, 25.77, 0.06, 0.00, 154, 0, -0.00, 0.00
09:12:49.418 -> 26.03, 25.77, 0.06, 0.00, 154, 0, -0.00, 0.00
09:12:50.440 -> 26.03, 25.77, 0.06, 0.00, 154, 0, -0.00, 0.00
09:12:51.432 -> 26.03, 25.77, 0.06, 0.00, 154, 0, -0.00, 0.00
09:12:52.467 -> 26.03, 25.77, 0.06, 0.00, 154, 0, -0.00, 0.00
09:12:53.494 -> 26.03, 25.77, 0.06, 0.00, 154, 0, -0.00, 0.00
09:12:54.511 -> 26.03, 25.77, 0.06, 0.00, 154, 0, -0.00, 0.00
09:12:55.528 -> 26.03, 25.77, 0.06, 0.00, 154, 0, -0.00, 0.00
09:12:56.580 -> 26.03, 25.77, 0.06, 0.00, 154, 0, -0.00, 0.00
09:12:57.585 -> 26.03, 25.77, 0.06, 0.00, 154, 0, -0.00, 0.00
09:12:58.609 -> 26.03, 25.77, 0.06, 0.00, 154, 0, -0.00, 0.00
09:12:59.626 -> 26.03, 25.77, 0.06, 0.00, 154, 0, -0.00, 0.00
09:13:00.649 -> 26.03, 25.77, 0.06, 0.00, 154, 0, -0.00, 0.00
09:13:01.697 -> 26.03, 25.77, 0.06, 0.00, 154, 0, -0.00, 0.00
09:13:02.708 -> 26.03, 25.77, 0.06, 0.00, 154, 0, 0.04, 0.00
09:13:03.726 -> 26.03, 25.77, 0.06, 0.00, 154, 0, -0.00, 0.00
09:13:04.765 -> 26.03, 25.77, 0.06, 0.00, 154, 0, -0.00, 0.00
09:13:05.787 -> 26.03, 25.77, 0.06, 0.00, 154, 0, -0.00, 0.00
09:13:06.788 -> 25.94, 25.77, -0.03, -0.09, 150, 0, -0.00, 0.00
09:13:07.824 -> 25.94, 25.77, -0.03, 0.00, 151, 82, -0.00, -68361.04
09:13:08.851 -> 25.94, 25.77, -0.03, 0.00, 151, 82, 1.09, 75.36
09:13:09.881 -> 25.94, 25.77, -0.03, 0.00, 151, 82, 0.41, 199.05
09:13:10.881 -> 25.94, 25.77, -0.03, 0.00, 151, 82, 0.45, 182.42
09:13:11.902 -> 25.94, 25.77, -0.03, 0.00, 151, 82, 0.49, 168.35
09:13:12.934 -> 25.94, 25.77, -0.03, 0.00, 151, 82, 0.83, 99.38
09:13:13.948 -> 25.94, 25.77, -0.03, 0.00, 151, 82, 0.79, 104.12
09:13:14.972 -> 25.94, 25.77, -0.03, 0.00, 151, 82, 0.64, 128.66
09:13:15.998 -> 25.94, 25.77, -0.03, 0.00, 151, 82, 0.79, 104.12
09:13:17.016 -> 25.94, 25.77, -0.03, 0.00, 151, 82, 0.67, 121.50
09:13:18.053 -> 25.94, 25.77, -0.03, 0.00, 151, 82, 0.60, 136.72
09:13:19.068 -> 25.94, 25.77, -0.03, 0.00, 151, 82, 0.56, 145.86
09:13:20.096 -> 25.94, 25.77, -0.03, 0.00, 151, 82, 0.71, 115.10
09:13:21.124 -> 25.94, 25.77, -0.03, 0.00, 151, 82, 0.56, 145.86
09:13:22.160 -> 25.94, 25.77, -0.03, 0.00, 151, 82, 0.71, 115.10
09:13:23.161 -> 25.85, 25.77, -0.12, -0.09, 147, 0, 0.60, 0.00
09:13:24.177 -> 25.85, 25.77, -0.12, 0.00, 148, 0, 0.04, 0.00
09:13:25.217 -> 25.94, 25.77, -0.03, 0.09, 152, 0, -0.00, 0.00
09:13:26.245 -> 25.94, 25.77, -0.03, 0.00, 151, 82, -0.00, -68361.04
09:13:27.264 -> 25.94, 25.77, -0.03, 0.00, 151, 82, 1.54, 53.29
09:13:28.288 -> 25.94, 25.77, -0.03, 0.00, 151, 82, 2.21, 37.02
09:13:29.319 -> 25.94, 25.77, -0.03, 0.00, 151, 82, 1.99, 41.22
09:13:30.344 -> 25.94, 25.77, -0.03, 0.00, 151, 82, 1.50, 54.62
09:13:31.352 -> 25.94, 25.77, -0.03, 0.00, 151, 82, 0.41, 199.05
09:13:32.386 -> 25.94, 25.77, -0.03, 0.00, 151, 82, 0.49, 168.35
09:13:33.410 -> 26.03, 25.77, 0.06, 0.09, 155, 37, 0.71, 51.93
09:13:34.435 -> 26.03, 25.77, 0.06, 0.00, 154, 0, 0.30, 0.00
09:13:35.450 -> 26.03, 25.77, 0.06, 0.00, 154, 0, 0.04, 0.00
09:13:36.492 -> 26.03, 25.77, 0.06, 0.00, 154, 0, 0.04, 0.00
09:13:37.502 -> 26.03, 25.77, 0.06, 0.00, 154, 0, -0.00, 0.00
09:13:38.525 -> 26.12, 25.77, 0.15, 0.09, 155, 37, -0.00, -30845.83
09:13:39.544 -> 26.12, 25.77, 0.15, 0.00, 154, 0, 0.34, 0.00
09:13:40.555 -> 26.12, 25.77, 0.15, 0.00, 154, 0, 0.04, 0.00
09:13:41.607 -> 26.12, 25.77, 0.15, 0.00, 154, 0, -0.00, 0.00
09:13:42.602 -> 26.12, 25.77, 0.15, 0.00, 154, 0, -0.00, 0.00
09:13:43.642 -> 26.12, 25.77, 0.15, 0.00, 154, 0, -0.00, 0.00
09:13:44.658 -> 26.12, 25.77, 0.15, 0.00, 154, 0, -0.00, 0.00
09:13:45.693 -> 26.12, 25.77, 0.15, 0.00, 154, 0, -0.00, 0.00
09:13:46.709 -> 26.12, 25.77, 0.15, 0.00, 154, 0, -0.00, 0.00
09:13:47.718 -> 26.21, 25.77, 0.24, 0.09, 158, 0, 0.04, 0.00
09:13:48.751 -> 26.21, 25.77, 0.24, 0.00, 157, 0, -0.00, 0.00
09:13:49.777 -> 26.21, 25.77, 0.24, 0.00, 157, 0, 0.04, 0.00
09:13:50.807 -> 26.21, 25.77, 0.24, 0.00, 157, 0, -0.00, 0.00
09:13:51.827 -> 26.21, 25.77, 0.24, 0.00, 157, 0, -0.00, 0.00
09:13:52.840 -> 26.21, 25.77, 0.24, 0.00, 157, 0, 0.04, 0.00
09:13:53.878 -> 26.21, 25.77, 0.24, 0.00, 157, 0, -0.00, 0.00
09:13:54.890 -> 26.21, 25.77, 0.24, 0.00, 157, 0, -0.00, 0.00
09:13:55.903 -> 26.21, 25.77, 0.24, 0.00, 157, 0, -0.00, 0.00
09:13:56.927 -> 26.21, 25.77, 0.24, 0.00, 157, 0, -0.00, 0.00
09:13:57.974 -> 26.21, 25.77, 0.24, 0.00, 157, 0, -0.00, 0.00
09:13:58.991 -> 26.21, 25.77, 0.24, 0.00, 157, 0, 0.04, 0.00
09:14:00.003 -> 26.21, 25.77, 0.24, 0.00, 157, 0, -0.00, 0.00
09:14:01.043 -> 26.21, 25.77, 0.24, 0.00, 157, 0, -0.00, 0.00
09:14:02.057 -> 26.21, 25.77, 0.24, 0.00, 157, 0, -0.00, 0.00
09:14:03.069 -> 26.21, 25.77, 0.24, 0.00, 157, 0, -0.00, 0.00
09:14:04.116 -> 26.21, 25.77, 0.24, 0.00, 157, 0, -0.00, 0.00
09:14:05.143 -> 26.21, 25.77, 0.24, 0.00, 157, 0, -0.00, 0.00
09:14:06.157 -> 26.21, 25.77, 0.24, 0.00, 157, 0, -0.00, 0.00
09:14:07.169 -> 26.21, 25.77, 0.24, 0.00, 157, 0, 0.04, 0.00
09:14:08.189 -> 26.21, 25.77, 0.24, 0.00, 157, 0, -0.00, 0.00
09:14:09.202 -> 26.21, 25.77, 0.24, 0.00, 157, 0, -0.00, 0.00
09:14:10.226 -> 26.21, 25.77, 0.24, 0.00, 157, 0, -0.00, 0.00
09:14:11.260 -> 26.21, 25.77, 0.24, 0.00, 157, 0, -0.00, 0.00
09:14:12.277 -> 26.21, 25.77, 0.24, 0.00, 157, 0, -0.00, 0.00
09:14:13.314 -> 26.21, 25.77, 0.24, 0.00, 157, 0, -0.00, 0.00
09:14:14.329 -> 26.12, 25.77, 0.15, -0.09, 153, 0, -0.00, 0.00
09:14:15.348 -> 26.21, 25.77, 0.24, 0.09, 158, 0, 0.04, 0.00
09:14:16.391 -> 26.12, 25.77, 0.15, -0.09, 153, 0, -0.00, 0.00
09:14:17.413 -> 26.12, 25.77, 0.15, 0.00, 154, 0, -0.00, 0.00
09:14:18.440 -> 26.12, 25.77, 0.15, 0.00, 154, 0, -0.00, 0.00
09:14:19.459 -> 26.12, 25.77, 0.15, 0.00, 154, 0, -0.00, 0.00
09:14:20.464 -> 26.12, 25.77, 0.15, 0.00, 154, 0, -0.00, 0.00
09:14:21.507 -> 26.12, 25.77, 0.15, 0.00, 154, 0, -0.00, 0.00
09:14:22.502 -> 26.12, 25.77, 0.15, 0.00, 154, 0, -0.00, 0.00
09:14:23.545 -> 26.12, 25.77, 0.15, 0.00, 154, 0, 0.04, 0.00
09:14:24.562 -> 26.12, 25.77, 0.15, 0.00, 154, 0, -0.00, 0.00
09:14:25.592 -> 26.12, 25.77, 0.15, 0.00, 154, 0, -0.00, 0.00
09:14:26.600 -> 26.12, 25.77, 0.15, 0.00, 154, 0, 0.04, 0.00
09:14:27.623 -> 26.12, 25.77, 0.15, 0.00, 154, 0, -0.00, 0.00
09:14:28.657 -> 26.12, 25.77, 0.15, 0.00, 154, 0, -0.00, 0.00
09:14:29.681 -> 26.12, 25.77, 0.15, 0.00, 154, 0, -0.00, 0.00
09:14:30.693 -> 26.12, 25.77, 0.15, 0.00, 154, 0, -0.00, 0.00
09:14:31.733 -> 26.12, 25.77, 0.15, 0.00, 154, 0, 0.04, 0.00
09:14:32.745 -> 26.12, 25.77, 0.15, 0.00, 154, 0, -0.00, 0.00
09:14:33.791 -> 26.12, 25.77, 0.15, 0.00, 154, 0, -0.00, 0.00
09:14:34.809 -> 26.12, 25.77, 0.15, 0.00, 154, 0, -0.00, 0.00
09:14:35.807 -> 26.12, 25.77, 0.15, 0.00, 154, 0, 0.04, 0.00
09:14:36.844 -> 26.12, 25.77, 0.15, 0.00, 154, 0, -0.00, 0.00
09:14:37.874 -> 26.12, 25.77, 0.15, 0.00, 154, 0, 0.04, 0.00
09:14:38.881 -> 26.12, 25.77, 0.15, 0.00, 154, 0, -0.00, 0.00
09:14:39.923 -> 26.12, 25.77, 0.15, 0.00, 154, 0, 0.04, 0.00
09:14:40.934 -> 26.12, 25.77, 0.15, 0.00, 154, 0, -0.00, 0.00
09:14:41.946 -> 26.12, 25.77, 0.15, 0.00, 154, 0, -0.00, 0.00
09:14:43.003 -> 26.12, 25.77, 0.15, 0.00, 154, 0, 0.04, 0.00
09:14:43.993 -> 26.12, 25.77, 0.15, 0.00, 154, 0, -0.00, 0.00
09:14:45.010 -> 26.12, 25.77, 0.15, 0.00, 154, 0, 0.04, 0.00
09:14:46.038 -> 26.12, 25.77, 0.15, 0.00, 154, 0, -0.00, 0.00
09:14:47.075 -> 26.12, 25.77, 0.15, 0.00, 154, 0, 0.04, 0.00
09:14:48.089 -> 26.12, 25.77, 0.15, 0.00, 154, 0, 0.04, 0.00
09:14:49.139 -> 26.12, 25.77, 0.15, 0.00, 154, 0, -0.00, 0.00
09:14:50.149 -> 26.12, 25.77, 0.15, 0.00, 154, 0, -0.00, 0.00
09:14:51.165 -> 26.03, 25.77, 0.06, -0.09, 153, 0, -0.00, 0.00
09:14:52.177 -> 26.03, 25.77, 0.06, 0.00, 154, 0, 0.04, 0.00
09:14:53.209 -> 26.12, 25.77, 0.15, 0.09, 155, 37, -0.00, -30845.83
09:14:54.250 -> 26.03, 25.77, 0.06, -0.09, 153, 0, 1.01, 0.00
09:14:55.263 -> 26.03, 25.77, 0.06, 0.00, 154, 0, 0.04, 0.00
09:14:56.282 -> 26.03, 25.77, 0.06, 0.00, 154, 0, -0.00, 0.00
09:14:57.298 -> 26.03, 25.77, 0.06, 0.00, 154, 0, -0.00, 0.00
09:14:58.325 -> 26.03, 25.77, 0.06, 0.00, 154, 0, 0.04, 0.00
09:14:59.342 -> 26.03, 25.77, 0.06, 0.00, 154, 0, -0.00, 0.00
09:15:00.367 -> 26.03, 25.77, 0.06, 0.00, 154, 0, -0.00, 0.00
09:15:01.406 -> 26.03, 25.77, 0.06, 0.00, 154, 0, 0.04, 0.00
09:15:02.423 -> 26.03, 25.77, 0.06, 0.00, 154, 0, -0.00, 0.00
09:15:03.439 -> 26.03, 25.77, 0.06, 0.00, 154, 0, -0.00, 0.00
09:15:04.474 -> 26.03, 25.77, 0.06, 0.00, 154, 0, -0.00, 0.00
09:15:05.503 -> 26.03, 25.77, 0.06, 0.00, 154, 0, -0.00, 0.00
09:15:06.512 -> 26.03, 25.77, 0.06, 0.00, 154, 0, -0.00, 0.00
09:15:07.535 -> 26.03, 25.77, 0.06, 0.00, 154, 0, -0.00, 0.00
09:15:08.560 -> 26.03, 25.77, 0.06, 0.00, 154, 0, -0.00, 0.00
09:15:09.575 -> 26.03, 25.77, 0.06, 0.00, 154, 0, -0.00, 0.00
09:15:10.598 -> 26.03, 25.77, 0.06, 0.00, 154, 0, -0.00, 0.00
09:15:11.644 -> 26.03, 25.77, 0.06, 0.00, 154, 0, -0.00, 0.00
09:15:12.658 -> 26.03, 25.77, 0.06, 0.00, 154, 0, 0.04, 0.00
09:15:13.698 -> 26.03, 25.77, 0.06, 0.00, 154, 0, 0.04, 0.00
09:15:14.708 -> 26.03, 25.77, 0.06, 0.00, 154, 0, 0.04, 0.00
09:15:15.711 -> 26.03, 25.77, 0.06, 0.00, 154, 0, -0.00, 0.00
09:15:16.760 -> 26.03, 25.77, 0.06, 0.00, 154, 0, 0.04, 0.00
09:15:17.788 -> 26.03, 25.77, 0.06, 0.00, 154, 0, -0.00, 0.00
09:15:18.796 -> 26.03, 25.77, 0.06, 0.00, 154, 0, 0.04, 0.00
09:15:19.825 -> 26.03, 25.77, 0.06, 0.00, 154, 0, -0.00, 0.00
09:15:20.844 -> 26.03, 25.77, 0.06, 0.00, 154, 0, -0.00, 0.00
09:15:21.864 -> 26.03, 25.77, 0.06, 0.00, 154, 0, -0.00, 0.00
09:15:22.878 -> 25.94, 25.77, -0.03, -0.09, 150, 0, -0.00, 0.00
09:15:23.905 -> 26.03, 25.77, 0.06, 0.09, 155, 37, 0.11, 331.90
09:15:24.922 -> 25.94, 25.77, -0.03, -0.09, 150, 0, 0.45, 0.00
09:15:25.947 -> 26.03, 25.77, 0.06, 0.09, 155, 37, -0.00, -30845.83
09:15:26.964 -> 25.94, 25.77, -0.03, -0.09, 150, 0, 0.94, 0.00
09:15:28.008 -> 25.94, 25.77, -0.03, 0.00, 151, 82, -0.00, -68361.04
09:15:29.023 -> 25.94, 25.77, -0.03, 0.00, 151, 82, 1.16, 70.50
09:15:30.039 -> 25.94, 25.77, -0.03, 0.00, 151, 82, 0.41, 199.05
09:15:31.081 -> 25.94, 25.77, -0.03, 0.00, 151, 82, 0.60, 136.72
09:15:32.091 -> 25.94, 25.77, -0.03, 0.00, 151, 82, 0.79, 104.12
09:15:33.109 -> 25.94, 25.77, -0.03, 0.00, 151, 82, 0.86, 95.05
09:15:34.158 -> 25.94, 25.77, -0.03, 0.00, 151, 82, 0.56, 145.86
09:15:35.178 -> 25.94, 25.77, -0.03, 0.00, 151, 82, 0.79, 104.12
09:15:36.205 -> 25.94, 25.77, -0.03, 0.00, 151, 82, 1.05, 78.06
09:15:37.212 -> 25.94, 25.77, -0.03, 0.00, 151, 82, 1.28, 64.27
09:15:38.248 -> 25.94, 25.77, -0.03, 0.00, 151, 82, 2.14, 38.32
09:15:39.262 -> 25.94, 25.77, -0.03, 0.00, 151, 82, 2.21, 37.02
09:15:40.281 -> 25.94, 25.77, -0.03, 0.00, 151, 82, 2.21, 37.02
09:15:41.309 -> 25.94, 25.77, -0.03, 0.00, 151, 82, 1.91, 42.83
09:15:42.349 -> 25.94, 25.77, -0.03, 0.00, 151, 82, 1.46, 56.02
09:15:43.373 -> 25.94, 25.77, -0.03, 0.00, 151, 82, 1.80, 45.51
09:15:44.389 -> 25.94, 25.77, -0.03, 0.00, 151, 82, 0.98, 84.07
09:15:45.417 -> 25.94, 25.77, -0.03, 0.00, 151, 82, 1.28, 64.27
09:15:46.441 -> 25.94, 25.77, -0.03, 0.00, 151, 82, 0.60, 136.72
09:15:47.466 -> 25.94, 25.77, -0.03, 0.00, 151, 82, 0.94, 87.44
09:15:48.482 -> 25.94, 25.77, -0.03, 0.00, 151, 82, 1.43, 57.50
09:15:49.502 -> 26.03, 25.77, 0.06, 0.09, 155, 37, 1.54, 24.05
09:15:50.522 -> 26.03, 25.77, 0.06, 0.00, 154, 0, 0.64, 0.00
09:15:51.538 -> 26.03, 25.77, 0.06, 0.00, 154, 0, -0.00, 0.00
09:15:52.554 -> 26.03, 25.77, 0.06, 0.00, 154, 0, 0.04, 0.00
09:15:53.583 -> 26.03, 25.77, 0.06, 0.00, 154, 0, -0.00, 0.00
09:15:54.625 -> 26.12, 25.77, 0.15, 0.09, 155, 37, -0.00, -30845.83
09:15:55.655 -> 26.12, 25.77, 0.15, 0.00, 154, 0, 0.34, 0.00
09:15:56.654 -> 26.12, 25.77, 0.15, 0.00, 154, 0, -0.00, 0.00
09:15:57.700 -> 26.12, 25.77, 0.15, 0.00, 154, 0, 0.04, 0.00
09:15:58.694 -> 26.21, 25.77, 0.24, 0.09, 158, 0, -0.00, 0.00
09:15:59.713 -> 26.21, 25.77, 0.24, 0.00, 157, 0, -0.00, 0.00
09:16:00.757 -> 26.21, 25.77, 0.24, 0.00, 157, 0, 0.04, 0.00
09:16:01.771 -> 26.21, 25.77, 0.24, 0.00, 157, 0, -0.00, 0.00
09:16:02.805 -> 26.21, 25.77, 0.24, 0.00, 157, 0, -0.00, 0.00
09:16:03.819 -> 26.21, 25.77, 0.24, 0.00, 157, 0, -0.00, 0.00
09:16:04.841 -> 26.21, 25.77, 0.24, 0.00, 157, 0, -0.00, 0.00
09:16:05.875 -> 26.21, 25.77, 0.24, 0.00, 157, 0, -0.00, 0.00
09:16:06.892 -> 26.21, 25.77, 0.24, 0.00, 157, 0, 0.04, 0.00
09:16:07.914 -> 26.30, 25.77, 0.33, 0.09, 161, 0, -0.00, 0.00
09:16:08.938 -> 26.30, 25.77, 0.33, 0.00, 160, 1, 0.04, 27.50
09:16:09.957 -> 26.30, 25.77, 0.33, 0.00, 160, 1, 0.11, 8.97
09:16:10.978 -> 26.30, 25.77, 0.33, 0.00, 160, 1, 0.11, 8.97
09:16:12.005 -> 26.30, 25.77, 0.33, 0.00, 160, 1, 0.11, 8.97
09:16:13.022 -> 26.30, 25.77, 0.33, 0.00, 160, 1, 0.11, 8.97
09:16:14.056 -> 26.30, 25.77, 0.33, 0.00, 160, 1, 0.11, 8.97
09:16:15.071 -> 26.30, 25.77, 0.33, 0.00, 160, 1, 0.04, 27.50
09:16:16.091 -> 26.30, 25.77, 0.33, 0.00, 160, 1, 0.04, 27.50
09:16:17.119 -> 26.21, 25.77, 0.24, -0.09, 156, 155, 0.04, 4262.86
09:16:18.168 -> 26.21, 25.77, 0.24, 0.00, 157, 0, 1.61, 0.00
09:16:19.173 -> 26.30, 25.77, 0.33, 0.09, 161, 0, -0.00, 0.00
09:16:20.190 -> 26.21, 25.77, 0.24, -0.09, 156, 155, 0.04, 4262.86
09:16:21.207 -> 26.21, 25.77, 0.24, 0.00, 157, 0, 1.50, 0.00
09:16:22.248 -> 26.21, 25.77, 0.24, 0.00, 157, 0, 0.04, 0.00
09:16:23.272 -> 26.30, 25.77, 0.33, 0.09, 161, 0, -0.00, 0.00
09:16:24.290 -> 26.21, 25.77, 0.24, -0.09, 156, 155, -0.00, -129219.04
09:16:25.306 -> 26.21, 25.77, 0.24, 0.00, 157, 0, 3.00, 0.00
09:16:26.354 -> 26.30, 25.77, 0.33, 0.09, 161, 0, 0.04, 0.00
09:16:27.344 -> 26.30, 25.77, 0.33, 0.00, 160, 1, 0.11, 8.97
09:16:28.398 -> 26.30, 25.77, 0.33, 0.00, 160, 1, 0.11, 8.97
09:16:29.421 -> 26.21, 25.77, 0.24, -0.09, 156, 155, 0.11, 1390.37
09:16:30.423 -> 26.21, 25.77, 0.24, 0.00, 157, 0, 1.99, 0.00
09:16:31.442 -> 26.21, 25.77, 0.24, 0.00, 157, 0, -0.00, 0.00
09:16:32.456 -> 26.21, 25.77, 0.24, 0.00, 157, 0, 0.04, 0.00
09:16:33.500 -> 26.21, 25.77, 0.24, 0.00, 157, 0, -0.00, 0.00
09:16:34.509 -> 26.21, 25.77, 0.24, 0.00, 157, 0, -0.00, 0.00
09:16:35.565 -> 26.21, 25.77, 0.24, 0.00, 157, 0, -0.00, 0.00
09:16:36.554 -> 26.21, 25.77, 0.24, 0.00, 157, 0, 0.04, 0.00
09:16:37.600 -> 26.21, 25.77, 0.24, 0.00, 157, 0, 0.04, 0.00
09:16:38.610 -> 26.21, 25.77, 0.24, 0.00, 157, 0, -0.00, 0.00
09:16:39.624 -> 26.21, 25.77, 0.24, 0.00, 157, 0, -0.00, 0.00
09:16:40.681 -> 26.21, 25.77, 0.24, 0.00, 157, 0, -0.00, 0.00
09:16:41.695 -> 26.21, 25.77, 0.24, 0.00, 157, 0, -0.00, 0.00
09:16:42.714 -> 26.21, 25.77, 0.24, 0.00, 157, 0, 0.04, 0.00
09:16:43.715 -> 26.30, 25.77, 0.33, 0.09, 161, 0, -0.00, 0.00
09:16:44.740 -> 26.30, 25.77, 0.33, 0.00, 160, 1, 0.15, 6.71
09:16:45.789 -> 26.30, 25.77, 0.33, 0.00, 160, 1, 0.04, 27.50
09:16:46.809 -> 26.30, 25.77, 0.33, 0.00, 160, 1, 0.07, 13.53
09:16:47.838 -> 26.21, 25.77, 0.24, -0.09, 156, 155, 0.04, 4262.86
09:16:48.857 -> 26.21, 25.77, 0.24, 0.00, 157, 0, 2.97, 0.00
09:16:49.858 -> 26.30, 25.77, 0.33, 0.09, 161, 0, -0.00, 0.00
09:16:50.905 -> 26.30, 25.77, 0.33, 0.00, 160, 1, 0.15, 6.71
09:16:51.913 -> 26.30, 25.77, 0.33, 0.00, 160, 1, 0.04, 27.50
09:16:52.941 -> 26.30, 25.77, 0.33, 0.00, 160, 1, 0.04, 27.50
09:16:53.954 -> 26.30, 25.77, 0.33, 0.00, 160, 1, 0.04, 27.50
09:16:54.987 -> 26.30, 25.77, 0.33, 0.00, 160, 1, 0.04, 27.50
09:16:56.002 -> 26.30, 25.77, 0.33, 0.00, 160, 1, 0.04, 27.50
09:16:57.021 -> 26.30, 25.77, 0.33, 0.00, 160, 1, 0.04, 27.50
09:16:58.041 -> 26.30, 25.77, 0.33, 0.00, 160, 1, 0.04, 27.50
09:16:59.088 -> 26.30, 25.77, 0.33, 0.00, 160, 1, 0.07, 13.53
09:17:00.106 -> 26.30, 25.77, 0.33, 0.00, 160, 1, 0.07, 13.53
09:17:01.114 -> 26.30, 25.77, 0.33, 0.00, 160, 1, 0.07, 13.53
09:17:02.139 -> 26.30, 25.77, 0.33, 0.00, 160, 1, 0.11, 8.97
09:17:03.156 -> 26.30, 25.77, 0.33, 0.00, 160, 1, 0.15, 6.71
09:17:04.203 -> 26.30, 25.77, 0.33, 0.00, 160, 1, 0.15, 6.71
09:17:05.204 -> 26.30, 25.77, 0.33, 0.00, 160, 1, -0.00, -833.67
09:17:06.243 -> 26.30, 25.77, 0.33, 0.00, 160, 1, 0.04, 27.50
09:17:07.254 -> 26.30, 25.77, 0.33, 0.00, 160, 1, 0.04, 27.50
09:17:08.273 -> 26.30, 25.77, 0.33, 0.00, 160, 1, 0.04, 27.50
09:17:09.326 -> 26.30, 25.77, 0.33, 0.00, 160, 1, 0.04, 27.50
09:17:10.351 -> 26.30, 25.77, 0.33, 0.00, 160, 1, 0.07, 13.53
09:17:11.359 -> 26.30, 25.77, 0.33, 0.00, 160, 1, 0.07, 13.53
09:17:12.370 -> 26.30, 25.77, 0.33, 0.00, 160, 1, 0.07, 13.53
09:17:13.422 -> 26.30, 25.77, 0.33, 0.00, 160, 1, 0.07, 13.53
09:17:14.427 -> 26.30, 25.77, 0.33, 0.00, 160, 1, 0.11, 8.97
09:17:15.437 -> 26.30, 25.77, 0.33, 0.00, 160, 1, 0.15, 6.71
09:17:16.487 -> 26.30, 25.77, 0.33, 0.00, 160, 1, 0.15, 6.71
09:17:17.511 -> 26.30, 25.77, 0.33, 0.00, 160, 1, 0.04, 27.50
09:17:18.523 -> 26.30, 25.77, 0.33, 0.00, 160, 1, 0.04, 27.50
09:17:19.539 -> 26.30, 25.77, 0.33, 0.00, 160, 1, 0.04, 27.50
09:17:20.559 -> 26.30, 25.77, 0.33, 0.00, 160, 1, 0.04, 27.50
09:17:21.606 -> 26.30, 25.77, 0.33, 0.00, 160, 1, 0.07, 13.53
09:17:22.626 -> 26.30, 25.77, 0.33, 0.00, 160, 1, 0.11, 8.97
09:17:23.637 -> 26.30, 25.77, 0.33, 0.00, 160, 1, 0.11, 8.97
09:17:24.659 -> 26.30, 25.77, 0.33, 0.00, 160, 1, 0.11, 8.97
09:17:25.671 -> 26.30, 25.77, 0.33, 0.00, 160, 1, 0.04, 27.50
09:17:26.712 -> 26.30, 25.77, 0.33, 0.00, 160, 1, 0.04, 27.50
09:17:27.748 -> 26.30, 25.77, 0.33, 0.00, 160, 1, 0.04, 27.50
09:17:28.750 -> 26.30, 25.77, 0.33, 0.00, 160, 1, 0.04, 27.50
09:17:29.787 -> 26.30, 25.77, 0.33, 0.00, 160, 1, 0.04, 27.50
09:17:30.796 -> 26.30, 25.77, 0.33, 0.00, 160, 1, 0.04, 27.50
09:17:31.816 -> 26.30, 25.77, 0.33, 0.00, 160, 1, 0.04, 27.50
09:17:32.833 -> 26.30, 25.77, 0.33, 0.00, 160, 1, 0.07, 13.53
09:17:33.890 -> 26.30, 25.77, 0.33, 0.00, 160, 1, 0.04, 27.50
09:17:34.914 -> 26.30, 25.77, 0.33, 0.00, 160, 1, 0.04, 27.50
09:17:35.928 -> 26.30, 25.77, 0.33, 0.00, 160, 1, 0.04, 27.50
09:17:36.930 -> 26.30, 25.77, 0.33, 0.00, 160, 1, 0.04, 27.50
09:17:37.956 -> 26.30, 25.77, 0.33, 0.00, 160, 1, 0.04, 27.50
09:17:38.989 -> 26.30, 25.77, 0.33, 0.00, 160, 1, 0.07, 13.53
09:17:40.018 -> 26.30, 25.77, 0.33, 0.00, 160, 1, 0.11, 8.97
09:17:41.028 -> 26.30, 25.77, 0.33, 0.00, 160, 1, 0.11, 8.97
09:17:42.078 -> 26.30, 25.77, 0.33, 0.00, 160, 1, 0.04, 27.50
09:17:43.074 -> 26.30, 25.77, 0.33, 0.00, 160, 1, 0.04, 27.50
09:17:44.095 -> 26.30, 25.77, 0.33, 0.00, 160, 1, 0.04, 27.50
09:17:45.145 -> 26.30, 25.77, 0.33, 0.00, 160, 1, 0.04, 27.50
09:17:46.170 -> 26.30, 25.77, 0.33, 0.00, 160, 1, 0.04, 27.50
09:17:47.173 -> 26.30, 25.77, 0.33, 0.00, 160, 1, 0.04, 27.50
09:17:48.194 -> 26.30, 25.77, 0.33, 0.00, 160, 1, 0.04, 27.50
09:17:49.208 -> 26.30, 25.77, 0.33, 0.00, 160, 1, 0.04, 27.50
09:17:50.238 -> 26.30, 25.77, 0.33, 0.00, 160, 1, 0.07, 13.53
09:17:51.253 -> 26.30, 25.77, 0.33, 0.00, 160, 1, 0.07, 13.53
09:17:52.301 -> 26.30, 25.77, 0.33, 0.00, 160, 1, 0.07, 13.53
09:17:53.334 -> 26.30, 25.77, 0.33, 0.00, 160, 1, 0.11, 8.97
09:17:54.349 -> 26.21, 25.77, 0.24, -0.09, 156, 155, 0.11, 1390.37
09:17:55.358 -> 26.21, 25.77, 0.24, 0.00, 157, 0, 2.37, 0.00
09:17:56.373 -> 26.30, 25.77, 0.33, 0.09, 161, 0, -0.00, 0.00
09:17:57.402 -> 26.30, 25.77, 0.33, 0.00, 160, 1, 0.19, 5.36
09:17:58.439 -> 26.30, 25.77, 0.33, 0.00, 160, 1, 0.07, 13.53
09:17:59.455 -> 26.30, 25.77, 0.33, 0.00, 160, 1, 0.04, 27.50
09:18:00.471 -> 26.30, 25.77, 0.33, 0.00, 160, 1, 0.04, 27.50
09:18:01.518 -> 26.30, 25.77, 0.33, 0.00, 160, 1, 0.15, 6.71
09:18:02.536 -> 26.21, 25.77, 0.24, -0.09, 156, 155, -0.00, -129219.04
09:18:03.545 -> 26.21, 25.77, 0.24, 0.00, 157, 0, 1.24, 0.00
09:18:04.586 -> 26.21, 25.77, 0.24, 0.00, 157, 0, 0.04, 0.00
09:18:05.603 -> 26.21, 25.77, 0.24, 0.00, 157, 0, -0.00, 0.00
09:18:06.619 -> 26.21, 25.77, 0.24, 0.00, 157, 0, -0.00, 0.00
09:18:07.646 -> 26.21, 25.77, 0.24, 0.00, 157, 0, -0.00, 0.00
09:18:08.666 -> 26.30, 25.77, 0.33, 0.09, 161, 0, -0.00, 0.00
09:18:09.687 -> 26.21, 25.77, 0.24, -0.09, 156, 155, -0.00, -129219.04
09:18:10.719 -> 26.21, 25.77, 0.24, 0.00, 157, 0, 2.03, 0.00
09:18:11.731 -> 26.21, 25.77, 0.24, 0.00, 157, 0, -0.00, 0.00
09:18:12.758 -> 26.21, 25.77, 0.24, 0.00, 157, 0, -0.00, 0.00
09:18:13.770 -> 26.21, 25.77, 0.24, 0.00, 157, 0, -0.00, 0.00
09:18:14.820 -> 26.21, 25.77, 0.24, 0.00, 157, 0, -0.00, 0.00
09:18:15.844 -> 26.21, 25.77, 0.24, 0.00, 157, 0, 0.04, 0.00
09:18:16.846 -> 26.21, 25.77, 0.24, 0.00, 157, 0, -0.00, 0.00
09:18:17.887 -> 26.21, 25.77, 0.24, 0.00, 157, 0, 0.04, 0.00
09:18:18.891 -> 26.21, 25.77, 0.24, 0.00, 157, 0, -0.00, 0.00
09:18:19.931 -> 26.21, 25.77, 0.24, 0.00, 157, 0, -0.00, 0.00
09:18:20.940 -> 26.21, 25.77, 0.24, 0.00, 157, 0, -0.00, 0.00
09:18:21.952 -> 26.21, 25.77, 0.24, 0.00, 157, 0, 0.04, 0.00
09:18:23.003 -> 26.21, 25.77, 0.24, 0.00, 157, 0, -0.00, 0.00
09:18:24.018 -> 26.21, 25.77, 0.24, 0.00, 157, 0, 0.04, 0.00
09:18:25.053 -> 26.21, 25.77, 0.24, 0.00, 157, 0, -0.00, 0.00
09:18:26.045 -> 26.30, 25.77, 0.33, 0.09, 161, 0, -0.00, 0.00
09:18:27.102 -> 26.21, 25.77, 0.24, -0.09, 156, 155, 0.15, 1039.98
09:18:28.122 -> 26.21, 25.77, 0.24, 0.00, 157, 0, 2.74, 0.00
09:18:29.140 -> 26.30, 25.77, 0.33, 0.09, 161, 0, -0.00, 0.00
09:18:30.143 -> 26.30, 25.77, 0.33, 0.00, 160, 1, -0.00, -833.67
09:18:31.187 -> 26.30, 25.77, 0.33, 0.00, 160, 1, 0.07, 13.53
09:18:32.204 -> 26.30, 25.77, 0.33, 0.00, 160, 1, 0.07, 13.53
09:18:33.211 -> 26.30, 25.77, 0.33, 0.00, 160, 1, 0.07, 13.53
09:18:34.256 -> 26.30, 25.77, 0.33, 0.00, 160, 1, 0.11, 8.97
09:18:35.270 -> 26.30, 25.77, 0.33, 0.00, 160, 1, 0.11, 8.97
09:18:36.286 -> 26.30, 25.77, 0.33, 0.00, 160, 1, 0.11, 8.97
09:18:37.330 -> 26.30, 25.77, 0.33, 0.00, 160, 1, 0.15, 6.71
09:18:38.354 -> 26.30, 25.77, 0.33, 0.00, 160, 1, 0.11, 8.97
09:18:39.370 -> 26.30, 25.77, 0.33, 0.00, 160, 1, 0.04, 27.50
09:18:40.391 -> 26.30, 25.77, 0.33, 0.00, 160, 1, 0.04, 27.50
09:18:41.406 -> 26.30, 25.77, 0.33, 0.00, 160, 1, -0.00, -833.67
09:18:42.424 -> 26.30, 25.77, 0.33, 0.00, 160, 1, 0.04, 27.50
09:18:43.470 -> 26.30, 25.77, 0.33, 0.00, 160, 1, 0.04, 27.50
09:18:44.480 -> 26.30, 25.77, 0.33, 0.00, 160, 1, 0.04, 27.50
09:18:45.496 -> 26.30, 25.77, 0.33, 0.00, 160, 1, 0.04, 27.50
09:18:46.524 -> 26.30, 25.77, 0.33, 0.00, 160, 1, 0.04, 27.50
09:18:47.570 -> 26.30, 25.77, 0.33, 0.00, 160, 1, 0.07, 13.53
09:18:48.585 -> 26.30, 25.77, 0.33, 0.00, 160, 1, 0.04, 27.50
09:18:49.603 -> 26.30, 25.77, 0.33, 0.00, 160, 1, 0.04, 27.50
09:18:50.620 -> 26.30, 25.77, 0.33, 0.00, 160, 1, 0.11, 8.97
09:18:51.652 -> 26.30, 25.77, 0.33, 0.00, 160, 1, 0.11, 8.97
09:18:52.687 -> 26.30, 25.77, 0.33, 0.00, 160, 1, 0.15, 6.71
09:18:53.705 -> 26.30, 25.77, 0.33, 0.00, 160, 1, 0.11, 8.97
09:18:54.729 -> 26.30, 25.77, 0.33, 0.00, 160, 1, 0.15, 6.71
09:18:55.744 -> 26.30, 25.77, 0.33, 0.00, 160, 1, 0.04, 27.50
09:18:56.769 -> 26.30, 25.77, 0.33, 0.00, 160, 1, 0.04, 27.50
09:18:57.779 -> 26.30, 25.77, 0.33, 0.00, 160, 1, 0.04, 27.50
09:18:58.809 -> 26.30, 25.77, 0.33, 0.00, 160, 1, 0.04, 27.50
09:18:59.844 -> 26.30, 25.77, 0.33, 0.00, 160, 1, 0.04, 27.50
09:19:00.839 -> 26.30, 25.77, 0.33, 0.00, 160, 1, 0.07, 13.53
09:19:01.894 -> 26.30, 25.77, 0.33, 0.00, 160, 1, 0.07, 13.53
09:19:02.901 -> 26.30, 25.77, 0.33, 0.00, 160, 1, 0.07, 13.53
09:19:03.919 -> 26.30, 25.77, 0.33, 0.00, 160, 1, 0.11, 8.97
09:19:04.955 -> 26.30, 25.77, 0.33, 0.00, 160, 1, 0.15, 6.71
09:19:05.953 -> 26.30, 25.77, 0.33, 0.00, 160, 1, 0.15, 6.71
09:19:07.010 -> 26.30, 25.77, 0.33, 0.00, 160, 1, 0.04, 27.50
09:19:08.020 -> 26.30, 25.77, 0.33, 0.00, 160, 1, 0.04, 27.50
09:19:09.038 -> 26.30, 25.77, 0.33, 0.00, 160, 1, 0.04, 27.50
09:19:10.056 -> 26.30, 25.77, 0.33, 0.00, 160, 1, 0.04, 27.50
09:19:11.086 -> 26.30, 25.77, 0.33, 0.00, 160, 1, 0.04, 27.50
09:19:12.108 -> 26.30, 25.77, 0.33, 0.00, 160, 1, 0.04, 27.50
09:19:13.122 -> 26.30, 25.77, 0.33, 0.00, 160, 1, 0.04, 27.50
09:19:14.176 -> 26.30, 25.77, 0.33, 0.00, 160, 1, 0.07, 13.53
09:19:15.178 -> 26.30, 25.77, 0.33, 0.00, 160, 1, 0.04, 27.50
09:19:16.201 -> 26.30, 25.77, 0.33, 0.00, 160, 1, 0.04, 27.50
09:19:17.243 -> 26.30, 25.77, 0.33, 0.00, 160, 1, 0.07, 13.53
09:19:18.237 -> 26.30, 25.77, 0.33, 0.00, 160, 1, 0.07, 13.53
09:19:19.279 -> 26.30, 25.77, 0.33, 0.00, 160, 1, 0.11, 8.97
09:19:20.302 -> 26.30, 25.77, 0.33, 0.00, 160, 1, 0.11, 8.97
09:19:21.317 -> 26.30, 25.77, 0.33, 0.00, 160, 1, 0.11, 8.97
09:19:22.354 -> 26.30, 25.77, 0.33, 0.00, 160, 1, 0.11, 8.97
09:19:23.383 -> 26.30, 25.77, 0.33, 0.00, 160, 1, 0.11, 8.97
09:19:24.391 -> 26.21, 25.77, 0.24, -0.09, 156, 155, 0.15, 1039.98
09:19:25.415 -> 26.21, 25.77, 0.24, 0.00, 157, 0, 2.33, 0.00
09:19:26.443 -> 26.21, 25.77, 0.24, 0.00, 157, 0, -0.00, 0.00
09:19:27.459 -> 26.30, 25.77, 0.33, 0.09, 161, 0, -0.00, 0.00
09:19:28.484 -> 26.21, 25.77, 0.24, -0.09, 156, 155, 0.15, 1039.98
09:19:29.507 -> 26.21, 25.77, 0.24, 0.00, 157, 0, 1.46, 0.00
09:19:30.521 -> 26.21, 25.77, 0.24, 0.00, 157, 0, -0.00, 0.00
09:19:31.558 -> 26.21, 25.77, 0.24, 0.00, 157, 0, -0.00, 0.00
09:19:32.572 -> 26.21, 25.77, 0.24, 0.00, 157, 0, -0.00, 0.00
09:19:33.617 -> 26.21, 25.77, 0.24, 0.00, 157, 0, 0.04, 0.00
09:19:34.618 -> 26.21, 25.77, 0.24, 0.00, 157, 0, -0.00, 0.00
09:19:35.634 -> 26.21, 25.77, 0.24, 0.00, 157, 0, -0.00, 0.00
09:19:36.674 -> 26.21, 25.77, 0.24, 0.00, 157, 0, 0.04, 0.00
09:19:37.691 -> 26.21, 25.77, 0.24, 0.00, 157, 0, -0.00, 0.00
09:19:38.736 -> 26.21, 25.77, 0.24, 0.00, 157, 0, -0.00, 0.00
09:19:39.734 -> 26.21, 25.77, 0.24, 0.00, 157, 0, 0.04, 0.00
09:19:40.753 -> 26.21, 25.77, 0.24, 0.00, 157, 0, 0.04, 0.00
09:19:41.772 -> 26.21, 25.77, 0.24, 0.00, 157, 0, -0.00, 0.00
09:19:42.817 -> 26.21, 25.77, 0.24, 0.00, 157, 0, 0.04, 0.00
09:19:43.828 -> 26.21, 25.77, 0.24, 0.00, 157, 0, 0.04, 0.00
09:19:44.870 -> 26.21, 25.77, 0.24, 0.00, 157, 0, -0.00, 0.00
09:19:45.885 -> 26.21, 25.77, 0.24, 0.00, 157, 0, 0.04, 0.00
09:19:46.904 -> 26.21, 25.77, 0.24, 0.00, 157, 0, -0.00, 0.00
09:19:47.917 -> 26.21, 25.77, 0.24, 0.00, 157, 0, 0.04, 0.00
09:19:48.936 -> 26.21, 25.77, 0.24, 0.00, 157, 0, -0.00, 0.00
09:19:49.956 -> 26.21, 25.77, 0.24, 0.00, 157, 0, 0.04, 0.00
09:19:51.013 -> 26.21, 25.77, 0.24, 0.00, 157, 0, -0.00, 0.00
09:19:52.024 -> 26.21, 25.77, 0.24, 0.00, 157, 0, 0.04, 0.00
09:19:53.044 -> 26.21, 25.77, 0.24, 0.00, 157, 0, -0.00, 0.00
09:19:54.050 -> 26.21, 25.77, 0.24, 0.00, 157, 0, 0.04, 0.00
09:19:55.101 -> 26.21, 25.77, 0.24, 0.00, 157, 0, 0.04, 0.00
09:19:56.113 -> 26.21, 25.77, 0.24, 0.00, 157, 0, -0.00, 0.00
09:19:57.153 -> 26.21, 25.77, 0.24, 0.00, 157, 0, -0.00, 0.00
09:19:58.172 -> 26.21, 25.77, 0.24, 0.00, 157, 0, 0.04, 0.00
09:19:59.184 -> 26.21, 25.77, 0.24, 0.00, 157, 0, -0.00, 0.00
09:20:00.192 -> 26.21, 25.77, 0.24, 0.00, 157, 0, -0.00, 0.00
09:20:01.217 -> 26.21, 25.77, 0.24, 0.00, 157, 0, -0.00, 0.00
09:20:02.267 -> 26.21, 25.77, 0.24, 0.00, 157, 0, -0.00, 0.00
09:20:03.275 -> 26.21, 25.77, 0.24, 0.00, 157, 0, -0.00, 0.00
09:20:04.285 -> 26.21, 25.77, 0.24, 0.00, 157, 0, -0.00, 0.00
09:20:05.333 -> 26.21, 25.77, 0.24, 0.00, 157, 0, 0.04, 0.00
09:20:06.349 -> 26.21, 25.77, 0.24, 0.00, 157, 0, 0.04, 0.00
09:20:07.361 -> 26.21, 25.77, 0.24, 0.00, 157, 0, -0.00, 0.00
09:20:08.388 -> 26.21, 25.77, 0.24, 0.00, 157, 0, -0.00, 0.00
09:20:09.400 -> 26.21, 25.77, 0.24, 0.00, 157, 0, 0.04, 0.00
09:20:10.451 -> 26.21, 25.77, 0.24, 0.00, 157, 0, -0.00, 0.00
09:20:11.466 -> 26.21, 25.77, 0.24, 0.00, 157, 0, -0.00, 0.00
09:20:12.484 -> 26.21, 25.77, 0.24, 0.00, 157, 0, -0.00, 0.00
09:20:13.497 -> 26.21, 25.77, 0.24, 0.00, 157, 0, -0.00, 0.00
09:20:14.543 -> 26.21, 25.77, 0.24, 0.00, 157, 0, -0.00, 0.00
09:20:15.555 -> 26.21, 25.77, 0.24, 0.00, 157, 0, -0.00, 0.00
09:20:16.594 -> 26.21, 25.77, 0.24, 0.00, 157, 0, -0.00, 0.00
09:20:17.585 -> 26.21, 25.77, 0.24, 0.00, 157, 0, -0.00, 0.00
09:20:18.609 -> 26.21, 25.77, 0.24, 0.00, 157, 0, -0.00, 0.00
09:20:19.658 -> 26.21, 25.77, 0.24, 0.00, 157, 0, -0.00, 0.00
09:20:20.662 -> 26.21, 25.77, 0.24, 0.00, 157, 0, 0.04, 0.00
09:20:21.706 -> 26.21, 25.77, 0.24, 0.00, 157, 0, 0.04, 0.00
09:20:22.722 -> 26.21, 25.77, 0.24, 0.00, 157, 0, -0.00, 0.00
09:20:23.733 -> 26.21, 25.77, 0.24, 0.00, 157, 0, 0.04, 0.00
09:20:24.776 -> 26.21, 25.77, 0.24, 0.00, 157, 0, -0.00, 0.00
09:20:25.791 -> 26.21, 25.77, 0.24, 0.00, 157, 0, 0.04, 0.00
09:20:26.821 -> 26.21, 25.77, 0.24, 0.00, 157, 0, -0.00, 0.00
09:20:27.842 -> 26.21, 25.77, 0.24, 0.00, 157, 0, 0.04, 0.00
09:20:28.872 -> 26.12, 25.77, 0.15, -0.09, 153, 0, -0.00, 0.00
09:20:29.885 -> 26.12, 25.77, 0.15, 0.00, 154, 0, -0.00, 0.00
09:20:30.915 -> 26.12, 25.77, 0.15, 0.00, 154, 0, -0.00, 0.00
09:20:31.911 -> 26.12, 25.77, 0.15, 0.00, 154, 0, 0.04, 0.00
09:20:32.958 -> 26.12, 25.77, 0.15, 0.00, 154, 0, -0.00, 0.00
09:20:33.961 -> 26.12, 25.77, 0.15, 0.00, 154, 0, 0.04, 0.00
09:20:34.995 -> 26.12, 25.77, 0.15, 0.00, 154, 0, -0.00, 0.00
09:20:36.024 -> 26.12, 25.77, 0.15, 0.00, 154, 0, 0.04, 0.00
