// action matrix for training simulation 11_20200820-093404
const unsigned char q_actions[174] = {0, 254, 234, 0, 227, 246, 0, 252, 252, 0, 227, 250, 0, 252, 231, 0, 238, 238, 0, 234, 234, 0, 237, 237, 0, 230, 230, 0, 234, 234, 0, 91, 243, 0, 39, 39, 0, 86, 86, 0, 187, 54, 0, 225, 239, 0, 235, 240, 0, 203, 66, 0, 145, 39, 0, 193, 192, 0, 53, 125, 0, 96, 183, 0, 15, 240, 0, 116, 92, 0, 160, 196, 0, 214, 55, 0, 109, 119, 0, 29, 14, 0, 98, 152, 0, 63, 31, 0, 224, 148, 0, 170, 206, 0, 198, 254, 0, 249, 252, 0, 201, 190, 0, 166, 155, 0, 115, 108, 0, 122, 30, 0, 245, 66, 0, 14, 42, 0, 239, 175, 0, 37, 199, 0, 0, 147, 0, 151, 144, 0, 181, 203, 0, 18, 5, 0, 116, 174, 0, 10, 160, 0, 29, 159, 0, 159, 214, 0, 159, 57, 0, 0, 65, 0, 0, 0, 0, 0, 0, 0, 0, 0, 0, 1, 1, 1, 1, 1, 1, 1, 1, 1, 1, 1};


Timestamp, Temperature (ºC), Setpoint, Error, Delta_T, State, PWM output, Current, PWM / Current
10:32:02.112, 22.69, 27.69, -5.00, 0.09, 2, 234, 0.41, 568.01
10:32:03.142, 22.60, 27.69, -5.09, -0.09, -3, 0, 3.42, 0.00
10:32:04.160, 22.69, 27.69, -5.00, 0.09, 2, 234, 0.15, 1570.04
10:32:05.169, 22.69, 27.69, -5.00, 0.00, 1, 254, 3.34, 76.01
10:32:06.184, 22.69, 27.69, -5.00, 0.00, 1, 254, 3.60, 70.47
10:32:07.221, 22.69, 27.69, -5.00, 0.00, 1, 254, 3.60, 70.47
10:32:08.249, 22.69, 27.69, -5.00, 0.00, 1, 254, 3.60, 70.47
10:32:09.281, 22.78, 27.69, -4.91, 0.09, 5, 246, 3.60, 68.25
10:32:10.301, 22.78, 27.69, -4.91, 0.00, 4, 227, 3.53, 64.32
10:32:11.299, 22.78, 27.69, -4.91, 0.00, 4, 227, 3.12, 72.84
10:32:12.316, 22.86, 27.69, -4.83, 0.09, 8, 252, 2.85, 88.32
10:32:13.344, 22.86, 27.69, -4.83, 0.00, 7, 252, 3.60, 69.91
10:32:14.365, 22.86, 27.69, -4.83, 0.00, 7, 252, 3.57, 70.65
10:32:15.390, 22.86, 27.69, -4.83, 0.00, 7, 252, 3.60, 69.91
10:32:16.443, 22.95, 27.69, -4.74, 0.09, 11, 250, 3.57, 70.09
10:32:17.453, 22.95, 27.69, -4.74, 0.00, 10, 227, 3.60, 62.98
10:32:18.481, 23.04, 27.69, -4.65, 0.09, 11, 250, 3.45, 72.37
10:32:19.484, 23.04, 27.69, -4.65, 0.00, 10, 227, 3.57, 63.64
10:32:20.533, 23.12, 27.69, -4.57, 0.09, 14, 231, 2.89, 79.91
10:32:21.535, 23.12, 27.69, -4.57, 0.00, 13, 252, 3.49, 72.17
10:32:22.582, 23.21, 27.69, -4.48, 0.09, 17, 238, 3.60, 66.03
10:32:23.600, 23.21, 27.69, -4.48, 0.00, 16, 238, 3.27, 72.86
10:32:24.622, 23.30, 27.69, -4.39, 0.09, 20, 234, 3.53, 66.30
10:32:25.644, 23.30, 27.69, -4.39, 0.00, 19, 234, 3.42, 68.49
10:32:26.662, 23.39, 27.69, -4.31, 0.09, 23, 237, 3.19, 74.26
10:32:27.678, 23.47, 27.69, -4.22, 0.09, 26, 230, 3.57, 64.48
10:32:28.711, 23.47, 27.69, -4.22, 0.00, 25, 230, 3.30, 69.61
10:32:29.736, 23.47, 27.69, -4.22, 0.00, 25, 230, 3.00, 76.57
10:32:30.763, 23.56, 27.69, -4.13, 0.09, 29, 234, 3.53, 66.30
10:32:31.786, 23.65, 27.69, -4.04, 0.09, 32, 243, 3.38, 71.91
10:32:32.806, 23.65, 27.69, -4.04, 0.00, 31, 91, 3.42, 26.63
10:32:33.830, 23.73, 27.69, -3.96, 0.09, 32, 243, 2.06, 117.70
10:32:34.853, 23.73, 27.69, -3.96, 0.00, 31, 91, 3.60, 25.25
10:32:35.870, 23.82, 27.69, -3.87, 0.09, 35, 39, 1.13, 34.65
10:32:36.888, 23.82, 27.69, -3.87, 0.00, 34, 39, 0.41, 94.67
10:32:37.910, 23.91, 27.69, -3.78, 0.09, 38, 86, 0.67, 127.43
10:32:38.940, 23.91, 27.69, -3.78, 0.00, 37, 86, 1.99, 43.23
10:32:39.944, 24.00, 27.69, -3.69, 0.09, 41, 54, 1.58, 34.26
10:32:40.970, 24.00, 27.69, -3.69, 0.00, 40, 187, 0.79, 237.44
10:32:41.994, 24.00, 27.69, -3.69, 0.00, 40, 187, 2.85, 65.54
10:32:43.044, 24.08, 27.69, -3.61, 0.09, 44, 239, 3.12, 76.69
10:32:44.038, 24.08, 27.69, -3.61, 0.00, 43, 225, 3.30, 68.10
10:32:45.075, 24.08, 27.69, -3.61, 0.00, 43, 225, 3.49, 64.44
10:32:46.108, 24.17, 27.69, -3.52, 0.09, 47, 240, 3.42, 70.24
10:32:47.110, 24.17, 27.69, -3.52, 0.00, 46, 235, 3.27, 71.94
10:32:48.132, 24.17, 27.69, -3.52, 0.00, 46, 235, 3.53, 66.58
10:32:49.154, 24.17, 27.69, -3.52, 0.00, 46, 235, 3.45, 68.03
10:32:50.205, 24.26, 27.69, -3.43, 0.09, 50, 66, 3.19, 20.68
10:32:51.199, 24.26, 27.69, -3.43, 0.00, 49, 203, 0.56, 361.08
10:32:52.239, 24.26, 27.69, -3.43, 0.00, 49, 203, 3.42, 59.41
10:32:53.251, 24.26, 27.69, -3.43, 0.00, 49, 203, 3.19, 63.61
10:32:54.296, 24.35, 27.69, -3.34, 0.09, 53, 39, 2.67, 14.63
10:32:55.311, 24.35, 27.69, -3.34, 0.00, 52, 145, 0.71, 203.53
10:32:56.331, 24.35, 27.69, -3.34, 0.00, 52, 145, 1.50, 96.59
10:32:57.363, 24.43, 27.69, -3.26, 0.09, 53, 39, 3.00, 12.98
10:32:58.367, 24.43, 27.69, -3.26, 0.00, 52, 145, 0.52, 276.38
10:32:59.408, 24.43, 27.69, -3.26, 0.00, 52, 145, 2.29, 63.32
10:33:00.432, 24.52, 27.69, -3.17, 0.09, 56, 192, 1.09, 176.46
10:33:01.460, 24.52, 27.69, -3.17, 0.00, 55, 193, 2.03, 95.21
10:33:02.460, 24.61, 27.69, -3.08, 0.09, 59, 125, 3.42, 36.58
10:33:03.490, 24.61, 27.69, -3.08, 0.00, 58, 53, 2.67, 19.88
10:33:04.513, 24.70, 27.69, -2.99, 0.09, 62, 183, 0.64, 287.14
10:33:05.553, 24.70, 27.69, -2.99, 0.00, 61, 96, 2.85, 33.64
10:33:06.560, 24.70, 27.69, -2.99, 0.00, 61, 96, 2.06, 46.50
10:33:07.593, 24.79, 27.69, -2.90, 0.09, 65, 240, 1.01, 236.94
10:33:08.613, 24.79, 27.69, -2.90, 0.00, 64, 15, 3.57, 4.21
10:33:09.616, 24.79, 27.69, -2.90, 0.00, 64, 15, 0.19, 80.39
10:33:10.640, 24.87, 27.69, -2.82, 0.09, 68, 92, 0.22, 410.42
10:33:11.673, 24.87, 27.69, -2.82, 0.00, 67, 116, 1.69, 68.68
10:33:12.717, 24.87, 27.69, -2.82, 0.00, 67, 116, 2.21, 52.37
10:33:13.732, 24.87, 27.69, -2.82, 0.00, 67, 116, 1.84, 63.07
10:33:14.760, 24.96, 27.69, -2.73, 0.09, 71, 196, 1.01, 193.50
10:33:15.759, 24.96, 27.69, -2.73, 0.00, 70, 160, 3.23, 49.55
10:33:16.794, 24.96, 27.69, -2.73, 0.00, 70, 160, 2.93, 54.64
10:33:17.821, 24.96, 27.69, -2.73, 0.00, 70, 160, 2.67, 60.02
10:33:18.851, 25.05, 27.69, -2.64, 0.09, 74, 55, 2.06, 26.64
10:33:19.856, 25.05, 27.69, -2.64, 0.00, 73, 214, 0.22, 954.67
10:33:20.881, 25.05, 27.69, -2.64, 0.00, 73, 214, 3.45, 61.95
10:33:21.913, 25.14, 27.69, -2.55, 0.09, 74, 55, 3.27, 16.84
10:33:22.950, 25.14, 27.69, -2.55, 0.00, 73, 214, 0.98, 219.41
10:33:23.961, 25.14, 27.69, -2.55, 0.00, 73, 214, 2.70, 79.17
10:33:24.981, 25.14, 27.69, -2.55, 0.00, 73, 214, 3.49, 61.28
10:33:26.014, 25.23, 27.69, -2.46, 0.09, 77, 119, 3.30, 36.02
10:33:27.017, 25.23, 27.69, -2.46, 0.00, 76, 109, 2.82, 38.71
10:33:28.061, 25.32, 27.69, -2.37, 0.09, 80, 14, 2.55, 5.48
10:33:29.079, 25.32, 27.69, -2.37, 0.00, 79, 29, 0.60, 48.35
10:33:30.102, 25.32, 27.69, -2.37, 0.00, 79, 29, 0.34, 86.09
10:33:31.134, 25.41, 27.69, -2.29, 0.09, 83, 152, 0.41, 368.97
10:33:32.137, 25.41, 27.69, -2.29, 0.00, 82, 98, 2.18, 45.01
10:33:33.177, 25.49, 27.69, -2.20, 0.09, 86, 31, 1.20, 25.82
10:33:34.202, 25.49, 27.69, -2.20, 0.00, 85, 63, 0.37, 168.27
10:33:35.220, 25.49, 27.69, -2.20, 0.00, 85, 63, 1.35, 46.63
10:33:36.252, 25.58, 27.69, -2.11, 0.09, 89, 148, 1.58, 93.89
10:33:37.246, 25.58, 27.69, -2.11, 0.00, 88, 224, 1.88, 119.35
10:33:38.278, 25.58, 27.69, -2.11, 0.00, 88, 224, 3.38, 66.29
10:33:39.312, 25.67, 27.69, -2.02, 0.09, 92, 206, 3.00, 68.58
10:33:40.339, 25.67, 27.69, -2.02, 0.00, 91, 170, 2.40, 70.76
10:33:41.351, 25.67, 27.69, -2.02, 0.00, 91, 170, 3.04, 55.90
10:33:42.358, 25.76, 27.69, -1.93, 0.09, 95, 254, 2.85, 89.02
10:33:43.382, 25.76, 27.69, -1.93, 0.00, 94, 198, 3.60, 54.93
10:33:44.423, 25.76, 27.69, -1.93, 0.00, 94, 198, 3.38, 58.59
10:33:45.439, 25.85, 27.69, -1.84, 0.09, 98, 252, 3.23, 78.04
10:33:46.471, 25.85, 27.69, -1.84, 0.00, 97, 249, 3.57, 69.81
10:33:47.492, 25.85, 27.69, -1.84, 0.00, 97, 249, 3.60, 69.08
10:33:48.504, 25.94, 27.69, -1.75, 0.09, 98, 252, 3.57, 70.65
10:33:49.532, 25.94, 27.69, -1.75, 0.00, 97, 249, 3.57, 69.81
10:33:50.559, 25.94, 27.69, -1.75, 0.00, 97, 249, 3.60, 69.08
10:33:51.573, 26.03, 27.69, -1.66, 0.09, 101, 190, 3.57, 53.27
10:33:52.611, 26.03, 27.69, -1.66, 0.00, 100, 201, 2.18, 92.32
10:33:53.639, 26.12, 27.69, -1.57, 0.09, 104, 155, 3.42, 45.36
10:33:54.663, 26.21, 27.69, -1.48, 0.09, 107, 108, 2.40, 44.95
10:33:55.667, 26.21, 27.69, -1.48, 0.00, 106, 115, 1.80, 63.83
10:33:56.715, 26.30, 27.69, -1.39, 0.09, 110, 30, 2.74, 10.95
10:33:57.719, 26.30, 27.69, -1.39, 0.00, 109, 122, 0.67, 180.77
10:33:58.741, 26.39, 27.69, -1.31, 0.09, 113, 66, 2.40, 27.47
10:33:59.778, 26.48, 27.69, -1.22, 0.09, 116, 42, 1.84, 22.84
10:34:00.804, 26.48, 27.69, -1.22, 0.00, 115, 14, 0.19, 75.03
10:34:01.825, 26.56, 27.69, -1.13, 0.09, 119, 175, 0.15, 1174.17
10:34:02.849, 26.56, 27.69, -1.13, 0.00, 118, 239, 3.27, 73.17
10:34:03.870, 26.56, 27.69, -1.13, 0.00, 118, 239, 3.34, 71.52
10:34:04.880, 26.65, 27.69, -1.04, 0.09, 122, 199, 3.57, 55.79
10:34:05.920, 26.65, 27.69, -1.04, 0.00, 121, 37, 3.30, 11.20
10:34:06.926, 26.74, 27.69, -0.95, 0.09, 125, 147, 0.71, 206.33
10:34:07.965, 26.74, 27.69, -0.95, 0.00, 124, 0, 2.93, 0.00
10:34:08.978, 26.83, 27.69, -0.86, 0.09, 125, 147, 0.15, 986.31
10:34:10.005, 26.83, 27.69, -0.86, 0.00, 124, 0, 1.54, 0.00
10:34:11.012, 26.92, 27.69, -0.77, 0.09, 128, 144, 0.15, 966.18
10:34:12.051, 26.92, 27.69, -0.77, 0.00, 127, 151, 2.29, 65.94
10:34:13.055, 26.92, 27.69, -0.77, 0.00, 127, 151, 2.82, 53.63
10:34:14.081, 26.92, 27.69, -0.77, 0.00, 127, 151, 2.33, 64.88
10:34:15.123, 27.01, 27.69, -0.68, 0.09, 131, 203, 1.43, 142.35
10:34:16.143, 27.01, 27.69, -0.68, 0.00, 130, 181, 3.38, 53.56
10:34:17.146, 27.01, 27.69, -0.68, 0.00, 130, 181, 3.34, 54.16
10:34:18.193, 27.10, 27.69, -0.59, 0.09, 134, 5, 2.85, 1.75
10:34:19.213, 27.10, 27.69, -0.59, 0.00, 133, 18, 0.22, 80.30
10:34:20.241, 27.20, 27.69, -0.50, 0.09, 137, 174, 0.79, 220.93
10:34:21.260, 27.20, 27.69, -0.50, 0.00, 136, 116, 1.69, 68.68
10:34:22.291, 27.20, 27.69, -0.50, 0.00, 136, 116, 0.86, 134.46
10:34:23.288, 27.29, 27.69, -0.41, 0.09, 140, 160, 1.20, 133.25
10:34:24.308, 27.29, 27.69, -0.41, 0.00, 139, 10, 2.97, 3.37
10:34:25.333, 27.38, 27.69, -0.31, 0.09, 143, 159, 0.15, 1066.82
10:34:26.387, 27.38, 27.69, -0.31, 0.00, 142, 29, 3.08, 9.42
10:34:27.401, 27.38, 27.69, -0.31, 0.00, 142, 29, 0.64, 45.50
10:34:28.414, 27.47, 27.69, -0.22, 0.09, 146, 214, 0.90, 237.71
10:34:29.446, 27.47, 27.69, -0.22, 0.00, 145, 159, 2.67, 59.65
10:34:30.466, 27.47, 27.69, -0.22, 0.00, 145, 159, 2.93, 54.29
10:34:31.494, 27.56, 27.69, -0.13, 0.09, 149, 57, 3.08, 18.51
10:34:32.506, 27.65, 27.69, -0.04, 0.09, 152, 65, 1.28, 50.95
10:34:33.545, 27.65, 27.69, -0.04, 0.00, 151, 0, 1.69, 0.00
10:34:34.555, 27.65, 27.69, -0.04, 0.00, 151, 0, -0.00, 0.00
10:34:35.591, 27.74, 27.69, 0.05, 0.09, 152, 65, 0.04, 1787.65
10:34:36.625, 27.74, 27.69, 0.05, 0.00, 151, 0, 0.75, 0.00
10:34:37.642, 27.74, 27.69, 0.05, 0.00, 151, 0, -0.00, 0.00
10:34:38.634, 27.83, 27.69, 0.14, 0.09, 155, 0, -0.00, 0.00
10:34:39.668, 27.83, 27.69, 0.14, 0.00, 154, 0, 0.04, 0.00
10:34:40.709, 27.83, 27.69, 0.14, 0.00, 154, 0, -0.00, 0.00
10:34:41.731, 27.92, 27.69, 0.23, 0.09, 158, 0, 0.04, 0.00
10:34:42.747, 27.92, 27.69, 0.23, 0.00, 157, 0, -0.00, 0.00
10:34:43.773, 27.92, 27.69, 0.23, 0.00, 157, 0, -0.00, 0.00
10:34:44.785, 28.01, 27.69, 0.32, 0.09, 161, 0, -0.00, 0.00
10:34:45.810, 28.01, 27.69, 0.32, 0.00, 160, 0, -0.00, 0.00
10:34:46.826, 28.01, 27.69, 0.32, 0.00, 160, 0, 0.04, 0.00
10:34:47.856, 28.10, 27.69, 0.41, 0.09, 164, 1, 0.04, 27.50
10:34:48.888, 28.10, 27.69, 0.41, 0.00, 163, 1, 0.04, 27.50
10:34:49.898, 28.10, 27.69, 0.41, 0.00, 163, 1, 0.07, 13.53
10:34:50.934, 28.10, 27.69, 0.41, 0.00, 163, 1, 0.07, 13.53
10:34:51.967, 28.10, 27.69, 0.41, 0.00, 163, 1, 0.07, 13.53
10:34:52.981, 28.20, 27.69, 0.50, 0.09, 167, 1, 0.11, 8.97
10:34:54.003, 28.20, 27.69, 0.50, 0.00, 166, 1, 0.15, 6.71
10:34:55.026, 28.20, 27.69, 0.50, 0.00, 166, 1, -0.00, -833.67
10:34:56.061, 28.20, 27.69, 0.50, 0.00, 166, 1, 0.04, 27.50
10:34:57.067, 28.20, 27.69, 0.50, 0.00, 166, 1, 0.04, 27.50
10:34:58.085, 28.20, 27.69, 0.50, 0.00, 166, 1, 0.04, 27.50
10:34:59.106, 28.29, 27.69, 0.60, 0.09, 170, 1, 0.07, 13.53
10:35:00.124, 28.29, 27.69, 0.60, 0.00, 169, 1, 0.07, 13.53
10:35:01.164, 28.29, 27.69, 0.60, 0.00, 169, 1, 0.11, 8.97
10:35:02.194, 28.29, 27.69, 0.60, 0.00, 169, 1, 0.04, 27.50
10:35:03.204, 28.29, 27.69, 0.60, 0.00, 169, 1, -0.00, -833.67
10:35:04.217, 28.29, 27.69, 0.60, 0.00, 169, 1, 0.04, 27.50
10:35:05.251, 28.29, 27.69, 0.60, 0.00, 169, 1, 0.04, 27.50
10:35:06.278, 28.38, 27.69, 0.69, 0.09, 173, 1, 0.04, 27.50
10:35:07.313, 28.29, 27.69, 0.60, -0.09, 168, 1, 0.11, 8.97
10:35:08.339, 28.38, 27.69, 0.69, 0.09, 173, 1, 0.04, 27.50
10:35:09.336, 28.38, 27.69, 0.69, 0.00, 172, 1, 0.04, 27.50
10:35:10.383, 28.38, 27.69, 0.69, 0.00, 172, 1, 0.04, 27.50
10:35:11.405, 28.38, 27.69, 0.69, 0.00, 172, 1, 0.07, 13.53
10:35:12.412, 28.38, 27.69, 0.69, 0.00, 172, 1, 0.11, 8.97
10:35:13.427, 28.38, 27.69, 0.69, 0.00, 172, 1, 0.04, 27.50
10:35:14.473, 28.38, 27.69, 0.69, 0.00, 172, 1, -0.00, -833.67
10:35:15.498, 28.38, 27.69, 0.69, 0.00, 172, 1, 0.04, 27.50
10:35:16.518, 28.38, 27.69, 0.69, 0.00, 172, 1, 0.04, 27.50
10:35:17.522, 28.47, 27.69, 0.78, 0.09, 176, 0, 0.04, 0.00
10:35:18.548, 28.47, 27.69, 0.78, 0.00, 175, 0, -0.00, 0.00
10:35:19.589, 28.47, 27.69, 0.78, 0.00, 175, 0, -0.00, 0.00
10:35:20.613, 28.47, 27.69, 0.78, 0.00, 175, 0, 0.04, 0.00
10:35:21.632, 28.47, 27.69, 0.78, 0.00, 175, 0, -0.00, 0.00
10:35:22.643, 28.47, 27.69, 0.78, 0.00, 175, 0, -0.00, 0.00
10:35:23.659, 28.47, 27.69, 0.78, 0.00, 175, 0, -0.00, 0.00
10:35:24.710, 28.47, 27.69, 0.78, 0.00, 175, 0, 0.04, 0.00
10:35:25.733, 28.47, 27.69, 0.78, 0.00, 175, 0, -0.00, 0.00
10:35:26.739, 28.47, 27.69, 0.78, 0.00, 175, 0, -0.00, 0.00
10:35:27.753, 28.47, 27.69, 0.78, 0.00, 175, 0, -0.00, 0.00
10:35:28.793, 28.56, 27.69, 0.87, 0.09, 179, 0, -0.00, 0.00
10:35:29.796, 28.56, 27.69, 0.87, 0.00, 178, 0, -0.00, 0.00
10:35:30.830, 28.56, 27.69, 0.87, 0.00, 178, 0, -0.00, 0.00
10:35:31.845, 28.56, 27.69, 0.87, 0.00, 178, 0, -0.00, 0.00
10:35:32.876, 28.56, 27.69, 0.87, 0.00, 178, 0, 0.04, 0.00
10:35:33.888, 28.56, 27.69, 0.87, 0.00, 178, 0, -0.00, 0.00
10:35:34.917, 28.56, 27.69, 0.87, 0.00, 178, 0, -0.00, 0.00
10:35:35.937, 28.56, 27.69, 0.87, 0.00, 178, 0, -0.00, 0.00
10:35:36.964, 28.56, 27.69, 0.87, 0.00, 178, 0, 0.04, 0.00
10:35:37.986, 28.56, 27.69, 0.87, 0.00, 178, 0, -0.00, 0.00
10:35:39.005, 28.56, 27.69, 0.87, 0.00, 178, 0, -0.00, 0.00
10:35:40.031, 28.65, 27.69, 0.96, 0.09, 182, 0, -0.00, 0.00
10:35:41.078, 28.56, 27.69, 0.87, -0.09, 177, 0, -0.00, 0.00
10:35:42.072, 28.65, 27.69, 0.96, 0.09, 182, 0, -0.00, 0.00
10:35:43.117, 28.65, 27.69, 0.96, 0.00, 181, 0, -0.00, 0.00
10:35:44.155, 28.65, 27.69, 0.96, 0.00, 181, 0, -0.00, 0.00
10:35:45.158, 28.65, 27.69, 0.96, 0.00, 181, 0, -0.00, 0.00
10:35:46.188, 28.65, 27.69, 0.96, 0.00, 181, 0, -0.00, 0.00
10:35:47.205, 28.65, 27.69, 0.96, 0.00, 181, 0, -0.00, 0.00
10:35:48.218, 28.65, 27.69, 0.96, 0.00, 181, 0, -0.00, 0.00
10:35:49.238, 28.65, 27.69, 0.96, 0.00, 181, 0, -0.00, 0.00
10:35:50.279, 28.65, 27.69, 0.96, 0.00, 181, 0, -0.00, 0.00
10:35:51.309, 28.65, 27.69, 0.96, 0.00, 181, 0, -0.00, 0.00
10:35:52.326, 28.75, 27.69, 1.06, 0.09, 185, 0, -0.00, 0.00
10:35:53.358, 28.65, 27.69, 0.96, -0.09, 180, 0, -0.00, 0.00
10:35:54.369, 28.65, 27.69, 0.96, 0.00, 181, 0, -0.00, 0.00
10:35:55.381, 28.65, 27.69, 0.96, 0.00, 181, 0, -0.00, 0.00
10:35:56.426, 28.75, 27.69, 1.06, 0.09, 185, 0, 0.04, 0.00
10:35:57.420, 28.75, 27.69, 1.06, 0.00, 184, 0, -0.00, 0.00
10:35:58.463, 28.75, 27.69, 1.06, 0.00, 184, 0, -0.00, 0.00
10:35:59.482, 28.75, 27.69, 1.06, 0.00, 184, 0, -0.00, 0.00
10:36:00.508, 28.75, 27.69, 1.06, 0.00, 184, 0, 0.04, 0.00
10:36:01.548, 28.75, 27.69, 1.06, 0.00, 184, 0, -0.00, 0.00
10:36:02.547, 28.75, 27.69, 1.06, 0.00, 184, 0, -0.00, 0.00
10:36:03.581, 28.75, 27.69, 1.06, 0.00, 184, 0, 0.04, 0.00
10:36:04.581, 28.75, 27.69, 1.06, 0.00, 184, 0, -0.00, 0.00
10:36:05.620, 28.75, 27.69, 1.06, 0.00, 184, 0, -0.00, 0.00
10:36:06.648, 28.75, 27.69, 1.06, 0.00, 184, 0, -0.00, 0.00
10:36:07.659, 28.75, 27.69, 1.06, 0.00, 184, 0, -0.00, 0.00
10:36:08.692, 28.75, 27.69, 1.06, 0.00, 184, 0, -0.00, 0.00
10:36:09.712, 28.84, 27.69, 1.15, 0.09, 185, 0, -0.00, 0.00
10:36:10.724, 28.75, 27.69, 1.06, -0.09, 183, 0, -0.00, 0.00
10:36:11.777, 28.84, 27.69, 1.15, 0.09, 185, 0, -0.00, 0.00
10:36:12.784, 28.84, 27.69, 1.15, 0.00, 184, 0, 0.04, 0.00
10:36:13.790, 28.84, 27.69, 1.15, 0.00, 184, 0, -0.00, 0.00
10:36:14.835, 28.84, 27.69, 1.15, 0.00, 184, 0, -0.00, 0.00
10:36:15.838, 28.84, 27.69, 1.15, 0.00, 184, 0, 0.04, 0.00
10:36:16.868, 28.84, 27.69, 1.15, 0.00, 184, 0, -0.00, 0.00
10:36:17.905, 28.84, 27.69, 1.15, 0.00, 184, 0, -0.00, 0.00
10:36:18.939, 28.84, 27.69, 1.15, 0.00, 184, 0, -0.00, 0.00
10:36:19.952, 28.84, 27.69, 1.15, 0.00, 184, 0, 0.04, 0.00
10:36:20.976, 28.84, 27.69, 1.15, 0.00, 184, 0, -0.00, 0.00
10:36:22.005, 28.84, 27.69, 1.15, 0.00, 184, 0, -0.00, 0.00
10:36:23.016, 28.84, 27.69, 1.15, 0.00, 184, 0, -0.00, 0.00
10:36:24.047, 28.84, 27.69, 1.15, 0.00, 184, 0, -0.00, 0.00
10:36:25.071, 28.84, 27.69, 1.15, 0.00, 184, 0, 0.04, 0.00
10:36:26.103, 28.84, 27.69, 1.15, 0.00, 184, 0, -0.00, 0.00
10:36:27.091, 28.84, 27.69, 1.15, 0.00, 184, 0, -0.00, 0.00
10:36:28.133, 28.84, 27.69, 1.15, 0.00, 184, 0, -0.00, 0.00
10:36:29.169, 28.84, 27.69, 1.15, 0.00, 184, 0, -0.00, 0.00
10:36:30.194, 28.84, 27.69, 1.15, 0.00, 184, 0, -0.00, 0.00
10:36:31.221, 28.84, 27.69, 1.15, 0.00, 184, 0, -0.00, 0.00
10:36:32.238, 28.84, 27.69, 1.15, 0.00, 184, 0, -0.00, 0.00
10:36:33.251, 28.93, 27.69, 1.24, 0.09, 188, 0, -0.00, 0.00
10:36:34.274, 28.93, 27.69, 1.24, 0.00, 187, 0, 0.04, 0.00
10:36:35.318, 28.93, 27.69, 1.24, 0.00, 187, 0, -0.00, 0.00
10:36:36.326, 28.93, 27.69, 1.24, 0.00, 187, 0, -0.00, 0.00
10:36:37.345, 28.93, 27.69, 1.24, 0.00, 187, 0, -0.00, 0.00
10:36:38.382, 28.93, 27.69, 1.24, 0.00, 187, 0, -0.00, 0.00
10:36:39.391, 28.93, 27.69, 1.24, 0.00, 187, 0, -0.00, 0.00
10:36:40.430, 28.93, 27.69, 1.24, 0.00, 187, 0, -0.00, 0.00
10:36:41.417, 28.93, 27.69, 1.24, 0.00, 187, 0, -0.00, 0.00
10:36:42.460, 28.93, 27.69, 1.24, 0.00, 187, 0, -0.00, 0.00
10:36:43.486, 28.93, 27.69, 1.24, 0.00, 187, 0, -0.00, 0.00
10:36:44.490, 28.93, 27.69, 1.24, 0.00, 187, 0, -0.00, 0.00
10:36:45.529, 28.93, 27.69, 1.24, 0.00, 187, 0, -0.00, 0.00
10:36:46.539, 28.93, 27.69, 1.24, 0.00, 187, 0, -0.00, 0.00
10:36:47.560, 28.93, 27.69, 1.24, 0.00, 187, 0, -0.00, 0.00
10:36:48.583, 28.93, 27.69, 1.24, 0.00, 187, 0, -0.00, 0.00
10:36:49.601, 28.93, 27.69, 1.24, 0.00, 187, 0, -0.00, 0.00
10:36:50.638, 28.93, 27.69, 1.24, 0.00, 187, 0, 0.04, 0.00
10:36:51.668, 28.93, 27.69, 1.24, 0.00, 187, 0, -0.00, 0.00
10:36:52.685, 28.93, 27.69, 1.24, 0.00, 187, 0, -0.00, 0.00
10:36:53.716, 28.93, 27.69, 1.24, 0.00, 187, 0, 0.04, 0.00
10:36:54.726, 28.93, 27.69, 1.24, 0.00, 187, 0, -0.00, 0.00
10:36:55.761, 28.93, 27.69, 1.24, 0.00, 187, 0, 0.04, 0.00
10:36:56.793, 28.93, 27.69, 1.24, 0.00, 187, 0, -0.00, 0.00
10:36:57.810, 28.93, 27.69, 1.24, 0.00, 187, 0, -0.00, 0.00
10:36:58.835, 28.93, 27.69, 1.24, 0.00, 187, 0, 0.04, 0.00
10:36:59.848, 28.93, 27.69, 1.24, 0.00, 187, 0, 0.04, 0.00
10:37:00.884, 28.93, 27.69, 1.24, 0.00, 187, 0, -0.00, 0.00
10:37:01.902, 28.93, 27.69, 1.24, 0.00, 187, 0, -0.00, 0.00
10:37:02.933, 28.93, 27.69, 1.24, 0.00, 187, 0, -0.00, 0.00
10:37:03.936, 28.93, 27.69, 1.24, 0.00, 187, 0, -0.00, 0.00
10:37:04.975, 28.93, 27.69, 1.24, 0.00, 187, 0, -0.00, 0.00
10:37:06.011, 28.93, 27.69, 1.24, 0.00, 187, 0, -0.00, 0.00
10:37:07.001, 28.93, 27.69, 1.24, 0.00, 187, 0, -0.00, 0.00
10:37:08.044, 28.93, 27.69, 1.24, 0.00, 187, 0, 0.04, 0.00
10:37:09.060, 28.93, 27.69, 1.24, 0.00, 187, 0, -0.00, 0.00
10:37:10.091, 28.93, 27.69, 1.24, 0.00, 187, 0, -0.00, 0.00
10:37:11.120, 28.93, 27.69, 1.24, 0.00, 187, 0, -0.00, 0.00
10:37:12.124, 28.93, 27.69, 1.24, 0.00, 187, 0, -0.00, 0.00
10:37:13.159, 28.93, 27.69, 1.24, 0.00, 187, 0, 0.04, 0.00
10:37:14.169, 28.93, 27.69, 1.24, 0.00, 187, 0, -0.00, 0.00
10:37:15.216, 28.93, 27.69, 1.24, 0.00, 187, 0, -0.00, 0.00
10:37:16.237, 28.93, 27.69, 1.24, 0.00, 187, 0, -0.00, 0.00
10:37:17.231, 28.93, 27.69, 1.24, 0.00, 187, 0, -0.00, 0.00
10:37:18.285, 28.93, 27.69, 1.24, 0.00, 187, 0, 0.04, 0.00
10:37:19.284, 28.93, 27.69, 1.24, 0.00, 187, 0, -0.00, 0.00
10:37:20.322, 28.93, 27.69, 1.24, 0.00, 187, 0, -0.00, 0.00
10:37:21.353, 28.93, 27.69, 1.24, 0.00, 187, 0, -0.00, 0.00
10:37:22.345, 28.93, 27.69, 1.24, 0.00, 187, 0, -0.00, 0.00
10:37:23.392, 28.93, 27.69, 1.24, 0.00, 187, 0, -0.00, 0.00
10:37:24.422, 28.93, 27.69, 1.24, 0.00, 187, 0, -0.00, 0.00
10:37:25.453, 28.93, 27.69, 1.24, 0.00, 187, 0, -0.00, 0.00
10:37:26.461, 28.93, 27.69, 1.24, 0.00, 187, 0, -0.00, 0.00
10:37:27.481, 28.93, 27.69, 1.24, 0.00, 187, 0, -0.00, 0.00
10:37:28.521, 28.93, 27.69, 1.24, 0.00, 187, 0, -0.00, 0.00
10:37:29.530, 28.93, 27.69, 1.24, 0.00, 187, 0, 0.04, 0.00
10:37:30.561, 28.93, 27.69, 1.24, 0.00, 187, 0, 0.04, 0.00
10:37:31.565, 28.93, 27.69, 1.24, 0.00, 187, 0, -0.00, 0.00
10:37:32.585, 28.93, 27.69, 1.24, 0.00, 187, 0, 0.04, 0.00
10:37:33.598, 28.93, 27.69, 1.24, 0.00, 187, 0, -0.00, 0.00
10:37:34.631, 28.93, 27.69, 1.24, 0.00, 187, 0, -0.00, 0.00
10:37:35.679, 28.93, 27.69, 1.24, 0.00, 187, 0, -0.00, 0.00
10:37:36.698, 28.93, 27.69, 1.24, 0.00, 187, 0, -0.00, 0.00
10:37:37.701, 28.93, 27.69, 1.24, 0.00, 187, 0, -0.00, 0.00
10:37:38.738, 28.93, 27.69, 1.24, 0.00, 187, 0, -0.00, 0.00
10:37:39.758, 28.93, 27.69, 1.24, 0.00, 187, 0, -0.00, 0.00
10:37:40.765, 28.93, 27.69, 1.24, 0.00, 187, 0, -0.00, 0.00
10:37:41.787, 28.93, 27.69, 1.24, 0.00, 187, 0, -0.00, 0.00
10:37:42.805, 28.93, 27.69, 1.24, 0.00, 187, 0, -0.00, 0.00
10:37:43.846, 29.02, 27.69, 1.33, 0.09, 191, 0, 0.04, 0.00
10:37:44.870, 29.02, 27.69, 1.33, 0.00, 190, 0, -0.00, 0.00
10:37:45.898, 28.93, 27.69, 1.24, -0.09, 186, 0, -0.00, 0.00
10:37:46.906, 28.93, 27.69, 1.24, 0.00, 187, 0, 0.04, 0.00
10:37:47.933, 28.93, 27.69, 1.24, 0.00, 187, 0, 0.04, 0.00
10:37:48.970, 28.93, 27.69, 1.24, 0.00, 187, 0, -0.00, 0.00
10:37:49.974, 28.93, 27.69, 1.24, 0.00, 187, 0, -0.00, 0.00
10:37:50.999, 28.93, 27.69, 1.24, 0.00, 187, 0, 0.04, 0.00
10:37:52.026, 28.93, 27.69, 1.24, 0.00, 187, 0, 0.04, 0.00
10:37:53.062, 28.93, 27.69, 1.24, 0.00, 187, 0, -0.00, 0.00
10:37:54.078, 28.93, 27.69, 1.24, 0.00, 187, 0, -0.00, 0.00
10:37:55.103, 28.93, 27.69, 1.24, 0.00, 187, 0, 0.04, 0.00
10:37:56.119, 28.93, 27.69, 1.24, 0.00, 187, 0, -0.00, 0.00
10:37:57.145, 28.93, 27.69, 1.24, 0.00, 187, 0, -0.00, 0.00
10:37:58.179, 28.93, 27.69, 1.24, 0.00, 187, 0, -0.00, 0.00
10:37:59.187, 28.93, 27.69, 1.24, 0.00, 187, 0, -0.00, 0.00
10:38:00.211, 28.93, 27.69, 1.24, 0.00, 187, 0, -0.00, 0.00
10:38:01.223, 28.93, 27.69, 1.24, 0.00, 187, 0, -0.00, 0.00
10:38:02.263, 28.93, 27.69, 1.24, 0.00, 187, 0, 0.04, 0.00
10:38:03.299, 28.93, 27.69, 1.24, 0.00, 187, 0, 0.04, 0.00
10:38:04.331, 28.93, 27.69, 1.24, 0.00, 187, 0, -0.00, 0.00
10:38:05.339, 28.93, 27.69, 1.24, 0.00, 187, 0, 0.04, 0.00
10:38:06.368, 28.93, 27.69, 1.24, 0.00, 187, 0, -0.00, 0.00
10:38:07.367, 28.93, 27.69, 1.24, 0.00, 187, 0, -0.00, 0.00
10:38:08.420, 28.93, 27.69, 1.24, 0.00, 187, 0, -0.00, 0.00
10:38:09.411, 28.93, 27.69, 1.24, 0.00, 187, 0, -0.00, 0.00
10:38:10.439, 28.93, 27.69, 1.24, 0.00, 187, 0, -0.00, 0.00
10:38:11.480, 28.93, 27.69, 1.24, 0.00, 187, 0, -0.00, 0.00
10:38:12.487, 28.93, 27.69, 1.24, 0.00, 187, 0, -0.00, 0.00
10:38:13.540, 28.93, 27.69, 1.24, 0.00, 187, 0, -0.00, 0.00
10:38:14.532, 28.93, 27.69, 1.24, 0.00, 187, 0, -0.00, 0.00
10:38:15.551, 28.93, 27.69, 1.24, 0.00, 187, 0, 0.04, 0.00
10:38:16.604, 28.93, 27.69, 1.24, 0.00, 187, 0, -0.00, 0.00
10:38:17.604, 28.93, 27.69, 1.24, 0.00, 187, 0, -0.00, 0.00
10:38:18.636, 28.93, 27.69, 1.24, 0.00, 187, 0, -0.00, 0.00
10:38:19.657, 28.93, 27.69, 1.24, 0.00, 187, 0, -0.00, 0.00
10:38:20.692, 28.93, 27.69, 1.24, 0.00, 187, 0, 0.04, 0.00
10:38:21.697, 28.93, 27.69, 1.24, 0.00, 187, 0, -0.00, 0.00
10:38:22.741, 28.93, 27.69, 1.24, 0.00, 187, 0, -0.00, 0.00
10:38:23.754, 28.93, 27.69, 1.24, 0.00, 187, 0, 0.04, 0.00
10:38:24.784, 28.93, 27.69, 1.24, 0.00, 187, 0, -0.00, 0.00
10:38:25.805, 28.93, 27.69, 1.24, 0.00, 187, 0, -0.00, 0.00
10:38:26.808, 28.93, 27.69, 1.24, 0.00, 187, 0, 0.04, 0.00
10:38:27.856, 28.93, 27.69, 1.24, 0.00, 187, 0, -0.00, 0.00
10:38:28.852, 28.93, 27.69, 1.24, 0.00, 187, 0, -0.00, 0.00
10:38:29.897, 28.93, 27.69, 1.24, 0.00, 187, 0, -0.00, 0.00
10:38:30.930, 28.93, 27.69, 1.24, 0.00, 187, 0, 0.04, 0.00
10:38:31.941, 28.93, 27.69, 1.24, 0.00, 187, 0, 0.04, 0.00
10:38:32.960, 28.93, 27.69, 1.24, 0.00, 187, 0, -0.00, 0.00
10:38:33.969, 28.93, 27.69, 1.24, 0.00, 187, 0, -0.00, 0.00
10:38:35.009, 28.93, 27.69, 1.24, 0.00, 187, 0, -0.00, 0.00
10:38:36.013, 28.93, 27.69, 1.24, 0.00, 187, 0, -0.00, 0.00
10:38:37.057, 28.93, 27.69, 1.24, 0.00, 187, 0, -0.00, 0.00
10:38:38.081, 28.93, 27.69, 1.24, 0.00, 187, 0, 0.04, 0.00
10:38:39.106, 28.93, 27.69, 1.24, 0.00, 187, 0, -0.00, 0.00
10:38:40.139, 28.84, 27.69, 1.15, -0.09, 183, 0, -0.00, 0.00
10:38:41.141, 28.93, 27.69, 1.24, 0.09, 188, 0, -0.00, 0.00
10:38:42.186, 28.84, 27.69, 1.15, -0.09, 183, 0, -0.00, 0.00
10:38:43.179, 28.84, 27.69, 1.15, 0.00, 184, 0, -0.00, 0.00
10:38:44.204, 28.84, 27.69, 1.15, 0.00, 184, 0, -0.00, 0.00
10:38:45.235, 28.84, 27.69, 1.15, 0.00, 184, 0, -0.00, 0.00
10:38:46.280, 28.84, 27.69, 1.15, 0.00, 184, 0, -0.00, 0.00
10:38:47.270, 28.84, 27.69, 1.15, 0.00, 184, 0, -0.00, 0.00
10:38:48.300, 28.84, 27.69, 1.15, 0.00, 184, 0, -0.00, 0.00
10:38:49.322, 28.84, 27.69, 1.15, 0.00, 184, 0, -0.00, 0.00
10:38:50.356, 28.84, 27.69, 1.15, 0.00, 184, 0, -0.00, 0.00
10:38:51.399, 28.84, 27.69, 1.15, 0.00, 184, 0, -0.00, 0.00
10:38:52.390, 28.84, 27.69, 1.15, 0.00, 184, 0, 0.04, 0.00
10:38:53.446, 28.84, 27.69, 1.15, 0.00, 184, 0, -0.00, 0.00
10:38:54.456, 28.84, 27.69, 1.15, 0.00, 184, 0, 0.04, 0.00
10:38:55.467, 28.84, 27.69, 1.15, 0.00, 184, 0, -0.00, 0.00
10:38:56.478, 28.84, 27.69, 1.15, 0.00, 184, 0, -0.00, 0.00
10:38:57.521, 28.84, 27.69, 1.15, 0.00, 184, 0, -0.00, 0.00
10:38:58.538, 28.84, 27.69, 1.15, 0.00, 184, 0, 0.04, 0.00
10:38:59.560, 28.84, 27.69, 1.15, 0.00, 184, 0, 0.04, 0.00
10:39:00.589, 28.84, 27.69, 1.15, 0.00, 184, 0, -0.00, 0.00
10:39:01.595, 28.84, 27.69, 1.15, 0.00, 184, 0, -0.00, 0.00
10:39:02.620, 28.84, 27.69, 1.15, 0.00, 184, 0, 0.04, 0.00
10:39:03.644, 28.84, 27.69, 1.15, 0.00, 184, 0, 0.04, 0.00
10:39:04.693, 28.84, 27.69, 1.15, 0.00, 184, 0, -0.00, 0.00
10:39:05.695, 28.84, 27.69, 1.15, 0.00, 184, 0, -0.00, 0.00
10:39:06.712, 28.84, 27.69, 1.15, 0.00, 184, 0, -0.00, 0.00
10:39:07.758, 28.84, 27.69, 1.15, 0.00, 184, 0, -0.00, 0.00
10:39:08.780, 28.75, 27.69, 1.06, -0.09, 183, 0, 0.04, 0.00
10:39:09.783, 28.84, 27.69, 1.15, 0.09, 185, 0, -0.00, 0.00
10:39:10.811, 28.84, 27.69, 1.15, 0.00, 184, 0, -0.00, 0.00
10:39:11.829, 28.75, 27.69, 1.06, -0.09, 183, 0, -0.00, 0.00
10:39:12.866, 28.75, 27.69, 1.06, 0.00, 184, 0, 0.04, 0.00
10:39:13.884, 28.75, 27.69, 1.06, 0.00, 184, 0, -0.00, 0.00
10:39:14.920, 28.75, 27.69, 1.06, 0.00, 184, 0, 0.04, 0.00
10:39:15.951, 28.75, 27.69, 1.06, 0.00, 184, 0, -0.00, 0.00
10:39:16.968, 28.75, 27.69, 1.06, 0.00, 184, 0, -0.00, 0.00
10:39:17.964, 28.75, 27.69, 1.06, 0.00, 184, 0, -0.00, 0.00
10:39:19.008, 28.75, 27.69, 1.06, 0.00, 184, 0, -0.00, 0.00
10:39:20.024, 28.75, 27.69, 1.06, 0.00, 184, 0, 0.04, 0.00
10:39:21.052, 28.75, 27.69, 1.06, 0.00, 184, 0, 0.04, 0.00
10:39:22.088, 28.75, 27.69, 1.06, 0.00, 184, 0, 0.04, 0.00
10:39:23.077, 28.75, 27.69, 1.06, 0.00, 184, 0, -0.00, 0.00
10:39:24.121, 28.75, 27.69, 1.06, 0.00, 184, 0, -0.00, 0.00
10:39:25.135, 28.75, 27.69, 1.06, 0.00, 184, 0, -0.00, 0.00
10:39:26.188, 28.75, 27.69, 1.06, 0.00, 184, 0, -0.00, 0.00
10:39:27.196, 28.75, 27.69, 1.06, 0.00, 184, 0, -0.00, 0.00
10:39:28.224, 28.75, 27.69, 1.06, 0.00, 184, 0, -0.00, 0.00
10:39:29.224, 28.75, 27.69, 1.06, 0.00, 184, 0, -0.00, 0.00
10:39:30.263, 28.75, 27.69, 1.06, 0.00, 184, 0, -0.00, 0.00
10:39:31.268, 28.75, 27.69, 1.06, 0.00, 184, 0, -0.00, 0.00
10:39:32.321, 28.75, 27.69, 1.06, 0.00, 184, 0, -0.00, 0.00
10:39:33.334, 28.75, 27.69, 1.06, 0.00, 184, 0, -0.00, 0.00
10:39:34.339, 28.75, 27.69, 1.06, 0.00, 184, 0, -0.00, 0.00
10:39:35.371, 28.75, 27.69, 1.06, 0.00, 184, 0, -0.00, 0.00
10:39:36.422, 28.65, 27.69, 0.96, -0.09, 180, 0, -0.00, 0.00
10:39:37.405, 28.65, 27.69, 0.96, 0.00, 181, 0, 0.04, 0.00
10:39:38.462, 28.75, 27.69, 1.06, 0.09, 185, 0, -0.00, 0.00
10:39:39.473, 28.65, 27.69, 0.96, -0.09, 180, 0, -0.00, 0.00
10:39:40.477, 28.65, 27.69, 0.96, 0.00, 181, 0, -0.00, 0.00
10:39:41.505, 28.65, 27.69, 0.96, 0.00, 181, 0, 0.04, 0.00
10:39:42.531, 28.65, 27.69, 0.96, 0.00, 181, 0, -0.00, 0.00
10:39:43.553, 28.65, 27.69, 0.96, 0.00, 181, 0, -0.00, 0.00
10:39:44.576, 28.65, 27.69, 0.96, 0.00, 181, 0, -0.00, 0.00
10:39:45.603, 28.65, 27.69, 0.96, 0.00, 181, 0, -0.00, 0.00
10:39:46.644, 28.65, 27.69, 0.96, 0.00, 181, 0, -0.00, 0.00
10:39:47.646, 28.65, 27.69, 0.96, 0.00, 181, 0, 0.04, 0.00
10:39:48.688, 28.65, 27.69, 0.96, 0.00, 181, 0, -0.00, 0.00
10:39:49.693, 28.65, 27.69, 0.96, 0.00, 181, 0, -0.00, 0.00
10:39:50.714, 28.65, 27.69, 0.96, 0.00, 181, 0, -0.00, 0.00
10:39:51.753, 28.65, 27.69, 0.96, 0.00, 181, 0, 0.04, 0.00
10:39:52.775, 28.65, 27.69, 0.96, 0.00, 181, 0, -0.00, 0.00
10:39:53.786, 28.65, 27.69, 0.96, 0.00, 181, 0, -0.00, 0.00
10:39:54.821, 28.65, 27.69, 0.96, 0.00, 181, 0, 0.04, 0.00
10:39:55.829, 28.65, 27.69, 0.96, 0.00, 181, 0, -0.00, 0.00
10:39:56.866, 28.65, 27.69, 0.96, 0.00, 181, 0, -0.00, 0.00
10:39:57.871, 28.65, 27.69, 0.96, 0.00, 181, 0, -0.00, 0.00
10:39:58.913, 28.56, 27.69, 0.87, -0.09, 177, 0, -0.00, 0.00
10:39:59.931, 28.56, 27.69, 0.87, 0.00, 178, 0, -0.00, 0.00
10:40:00.943, 28.56, 27.69, 0.87, 0.00, 178, 0, -0.00, 0.00
10:40:01.982, 28.56, 27.69, 0.87, 0.00, 178, 0, -0.00, 0.00
10:40:03.012, 28.56, 27.69, 0.87, 0.00, 178, 0, -0.00, 0.00
10:40:04.034, 28.56, 27.69, 0.87, 0.00, 178, 0, -0.00, 0.00
10:40:05.057, 28.56, 27.69, 0.87, 0.00, 178, 0, -0.00, 0.00
10:40:06.053, 28.56, 27.69, 0.87, 0.00, 178, 0, -0.00, 0.00
10:40:07.107, 28.56, 27.69, 0.87, 0.00, 178, 0, -0.00, 0.00
10:40:08.109, 28.56, 27.69, 0.87, 0.00, 178, 0, -0.00, 0.00
10:40:09.123, 28.56, 27.69, 0.87, 0.00, 178, 0, -0.00, 0.00
10:40:10.151, 28.56, 27.69, 0.87, 0.00, 178, 0, -0.00, 0.00
10:40:11.184, 28.56, 27.69, 0.87, 0.00, 178, 0, -0.00, 0.00
10:40:12.227, 28.56, 27.69, 0.87, 0.00, 178, 0, -0.00, 0.00
10:40:13.228, 28.56, 27.69, 0.87, 0.00, 178, 0, 0.04, 0.00
10:40:14.254, 28.56, 27.69, 0.87, 0.00, 178, 0, -0.00, 0.00
10:40:15.280, 28.56, 27.69, 0.87, 0.00, 178, 0, -0.00, 0.00
10:40:16.316, 28.56, 27.69, 0.87, 0.00, 178, 0, -0.00, 0.00
10:40:17.336, 28.56, 27.69, 0.87, 0.00, 178, 0, -0.00, 0.00
10:40:18.360, 28.56, 27.69, 0.87, 0.00, 178, 0, -0.00, 0.00
10:40:19.372, 28.47, 27.69, 0.78, -0.09, 174, 0, -0.00, 0.00
10:40:20.418, 28.47, 27.69, 0.78, 0.00, 175, 0, -0.00, 0.00
10:40:21.431, 28.47, 27.69, 0.78, 0.00, 175, 0, -0.00, 0.00
10:40:22.437, 28.47, 27.69, 0.78, 0.00, 175, 0, 0.04, 0.00
10:40:23.452, 28.47, 27.69, 0.78, 0.00, 175, 0, 0.04, 0.00
10:40:24.501, 28.47, 27.69, 0.78, 0.00, 175, 0, -0.00, 0.00
10:40:25.525, 28.47, 27.69, 0.78, 0.00, 175, 0, -0.00, 0.00
10:40:26.549, 28.47, 27.69, 0.78, 0.00, 175, 0, -0.00, 0.00
10:40:27.556, 28.47, 27.69, 0.78, 0.00, 175, 0, -0.00, 0.00
10:40:28.576, 28.47, 27.69, 0.78, 0.00, 175, 0, -0.00, 0.00
10:40:29.623, 28.47, 27.69, 0.78, 0.00, 175, 0, -0.00, 0.00
10:40:30.630, 28.47, 27.69, 0.78, 0.00, 175, 0, -0.00, 0.00
10:40:31.649, 28.47, 27.69, 0.78, 0.00, 175, 0, -0.00, 0.00
10:40:32.670, 28.47, 27.69, 0.78, 0.00, 175, 0, -0.00, 0.00
10:40:33.717, 28.47, 27.69, 0.78, 0.00, 175, 0, 0.04, 0.00
10:40:34.734, 28.47, 27.69, 0.78, 0.00, 175, 0, -0.00, 0.00
10:40:35.740, 28.47, 27.69, 0.78, 0.00, 175, 0, 0.04, 0.00
10:40:36.764, 28.47, 27.69, 0.78, 0.00, 175, 0, -0.00, 0.00
10:40:37.792, 28.38, 27.69, 0.69, -0.09, 171, 1, -0.00, -833.67
10:40:38.809, 28.47, 27.69, 0.78, 0.09, 176, 0, 0.04, 0.00
10:40:39.850, 28.38, 27.69, 0.69, -0.09, 171, 1, -0.00, -833.67
10:40:40.862, 28.38, 27.69, 0.69, 0.00, 172, 1, 0.04, 27.50
10:40:41.895, 28.38, 27.69, 0.69, 0.00, 172, 1, 0.04, 27.50
10:40:42.913, 28.38, 27.69, 0.69, 0.00, 172, 1, 0.04, 27.50
10:40:43.927, 28.38, 27.69, 0.69, 0.00, 172, 1, 0.04, 27.50
10:40:44.941, 28.38, 27.69, 0.69, 0.00, 172, 1, 0.04, 27.50
10:40:45.985, 28.38, 27.69, 0.69, 0.00, 172, 1, 0.07, 13.53
10:40:47.014, 28.38, 27.69, 0.69, 0.00, 172, 1, 0.11, 8.97
10:40:48.005, 28.38, 27.69, 0.69, 0.00, 172, 1, 0.04, 27.50
10:40:49.029, 28.38, 27.69, 0.69, 0.00, 172, 1, 0.04, 27.50
10:40:50.056, 28.38, 27.69, 0.69, 0.00, 172, 1, 0.07, 13.53
10:40:51.083, 28.38, 27.69, 0.69, 0.00, 172, 1, 0.07, 13.53
10:40:52.113, 28.38, 27.69, 0.69, 0.00, 172, 1, 0.07, 13.53
10:40:53.121, 28.38, 27.69, 0.69, 0.00, 172, 1, 0.11, 8.97
10:40:54.165, 28.38, 27.69, 0.69, 0.00, 172, 1, 0.04, 27.50
10:40:55.186, 28.38, 27.69, 0.69, 0.00, 172, 1, 0.04, 27.50
10:40:56.206, 28.38, 27.69, 0.69, 0.00, 172, 1, 0.04, 27.50
10:40:57.219, 28.38, 27.69, 0.69, 0.00, 172, 1, 0.04, 27.50
10:40:58.263, 28.29, 27.69, 0.60, -0.09, 168, 1, 0.04, 27.50
10:40:59.294, 28.29, 27.69, 0.60, 0.00, 169, 1, 0.04, 27.50
10:41:00.287, 28.29, 27.69, 0.60, 0.00, 169, 1, 0.04, 27.50
10:41:01.337, 28.29, 27.69, 0.60, 0.00, 169, 1, 0.04, 27.50
10:41:02.359, 28.29, 27.69, 0.60, 0.00, 169, 1, 0.04, 27.50
10:41:03.361, 28.29, 27.69, 0.60, 0.00, 169, 1, 0.04, 27.50
10:41:04.397, 28.29, 27.69, 0.60, 0.00, 169, 1, 0.07, 13.53
10:41:05.443, 28.29, 27.69, 0.60, 0.00, 169, 1, 0.15, 6.71
10:41:06.451, 28.29, 27.69, 0.60, 0.00, 169, 1, 0.04, 27.50
10:41:07.471, 28.29, 27.69, 0.60, 0.00, 169, 1, 0.04, 27.50
10:41:08.498, 28.29, 27.69, 0.60, 0.00, 169, 1, 0.04, 27.50
10:41:09.503, 28.29, 27.69, 0.60, 0.00, 169, 1, 0.07, 13.53
10:41:10.550, 28.29, 27.69, 0.60, 0.00, 169, 1, 0.07, 13.53
10:41:11.567, 28.29, 27.69, 0.60, 0.00, 169, 1, 0.07, 13.53
10:41:12.589, 28.20, 27.69, 0.50, -0.09, 165, 1, 0.11, 8.97
10:41:13.599, 28.20, 27.69, 0.50, 0.00, 166, 1, 0.19, 5.36
10:41:14.614, 28.20, 27.69, 0.50, 0.00, 166, 1, 0.11, 8.97
10:41:15.635, 28.20, 27.69, 0.50, 0.00, 166, 1, 0.04, 27.50
10:41:16.657, 28.20, 27.69, 0.50, 0.00, 166, 1, 0.04, 27.50
10:41:17.712, 28.20, 27.69, 0.50, 0.00, 166, 1, 0.04, 27.50
10:41:18.732, 28.20, 27.69, 0.50, 0.00, 166, 1, 0.04, 27.50
10:41:19.749, 28.20, 27.69, 0.50, 0.00, 166, 1, 0.04, 27.50
10:41:20.766, 28.20, 27.69, 0.50, 0.00, 166, 1, 0.07, 13.53
10:41:21.804, 28.20, 27.69, 0.50, 0.00, 166, 1, 0.11, 8.97
10:41:22.808, 28.20, 27.69, 0.50, 0.00, 166, 1, -0.00, -833.67
10:41:23.845, 28.20, 27.69, 0.50, 0.00, 166, 1, 0.15, 6.71
10:41:24.864, 28.20, 27.69, 0.50, 0.00, 166, 1, 0.04, 27.50
10:41:25.885, 28.20, 27.69, 0.50, 0.00, 166, 1, 0.04, 27.50
10:41:26.908, 28.20, 27.69, 0.50, 0.00, 166, 1, 0.04, 27.50
10:41:27.915, 28.20, 27.69, 0.50, 0.00, 166, 1, 0.07, 13.53
10:41:28.951, 28.20, 27.69, 0.50, 0.00, 166, 1, 0.04, 27.50
10:41:29.968, 28.10, 27.69, 0.41, -0.09, 162, 0, 0.04, 0.00
10:41:30.984, 28.20, 27.69, 0.50, 0.09, 167, 1, 0.04, 27.50
10:41:32.021, 28.10, 27.69, 0.41, -0.09, 162, 0, 0.07, 0.00
10:41:33.058, 28.10, 27.69, 0.41, 0.00, 163, 1, 0.04, 27.50
10:41:34.082, 28.10, 27.69, 0.41, 0.00, 163, 1, 0.07, 13.53
10:41:35.089, 28.10, 27.69, 0.41, 0.00, 163, 1, 0.04, 27.50
10:41:36.120, 28.10, 27.69, 0.41, 0.00, 163, 1, 0.04, 27.50
10:41:37.133, 28.10, 27.69, 0.41, 0.00, 163, 1, 0.04, 27.50
10:41:38.152, 28.10, 27.69, 0.41, 0.00, 163, 1, 0.11, 8.97
10:41:39.199, 28.10, 27.69, 0.41, 0.00, 163, 1, -0.00, -833.67
10:41:40.217, 28.10, 27.69, 0.41, 0.00, 163, 1, 0.04, 27.50
10:41:41.229, 28.10, 27.69, 0.41, 0.00, 163, 1, 0.04, 27.50
10:41:42.241, 28.10, 27.69, 0.41, 0.00, 163, 1, 0.07, 13.53
10:41:43.262, 28.10, 27.69, 0.41, 0.00, 163, 1, 0.11, 8.97
10:41:44.300, 28.10, 27.69, 0.41, 0.00, 163, 1, 0.04, 27.50
10:41:45.321, 28.10, 27.69, 0.41, 0.00, 163, 1, 0.11, 8.97
10:41:46.338, 28.10, 27.69, 0.41, 0.00, 163, 1, 0.04, 27.50
10:41:47.369, 28.10, 27.69, 0.41, 0.00, 163, 1, 0.15, 6.71
10:41:48.380, 28.01, 27.69, 0.32, -0.09, 159, 0, 0.04, 0.00
10:41:49.430, 28.01, 27.69, 0.32, 0.00, 160, 0, -0.00, 0.00
10:41:50.447, 28.01, 27.69, 0.32, 0.00, 160, 0, -0.00, 0.00
10:41:51.453, 28.01, 27.69, 0.32, 0.00, 160, 0, -0.00, 0.00
10:41:52.483, 28.01, 27.69, 0.32, 0.00, 160, 0, -0.00, 0.00
10:41:53.526, 28.01, 27.69, 0.32, 0.00, 160, 0, -0.00, 0.00
10:41:54.530, 28.01, 27.69, 0.32, 0.00, 160, 0, -0.00, 0.00
10:41:55.546, 28.01, 27.69, 0.32, 0.00, 160, 0, -0.00, 0.00
10:41:56.565, 28.01, 27.69, 0.32, 0.00, 160, 0, 0.04, 0.00
10:41:57.614, 28.01, 27.69, 0.32, 0.00, 160, 0, 0.04, 0.00
10:41:58.635, 28.01, 27.69, 0.32, 0.00, 160, 0, -0.00, 0.00
10:41:59.654, 28.01, 27.69, 0.32, 0.00, 160, 0, -0.00, 0.00
10:42:00.677, 28.01, 27.69, 0.32, 0.00, 160, 0, -0.00, 0.00
10:42:01.684, 28.01, 27.69, 0.32, 0.00, 160, 0, -0.00, 0.00
10:42:02.734, 28.01, 27.69, 0.32, 0.00, 160, 0, -0.00, 0.00
10:42:03.733, 28.01, 27.69, 0.32, 0.00, 160, 0, 0.04, 0.00
10:42:04.756, 28.01, 27.69, 0.32, 0.00, 160, 0, 0.04, 0.00
10:42:05.786, 28.01, 27.69, 0.32, 0.00, 160, 0, -0.00, 0.00
10:42:06.826, 28.01, 27.69, 0.32, 0.00, 160, 0, -0.00, 0.00
10:42:07.849, 27.92, 27.69, 0.23, -0.09, 156, 0, -0.00, 0.00
10:42:08.861, 27.92, 27.69, 0.23, 0.00, 157, 0, -0.00, 0.00
10:42:09.864, 27.92, 27.69, 0.23, 0.00, 157, 0, -0.00, 0.00
10:42:10.895, 27.92, 27.69, 0.23, 0.00, 157, 0, 0.04, 0.00
10:42:11.926, 27.92, 27.69, 0.23, 0.00, 157, 0, -0.00, 0.00
10:42:12.967, 27.92, 27.69, 0.23, 0.00, 157, 0, -0.00, 0.00
10:42:13.966, 27.92, 27.69, 0.23, 0.00, 157, 0, -0.00, 0.00
10:42:15.014, 27.92, 27.69, 0.23, 0.00, 157, 0, -0.00, 0.00
10:42:16.031, 27.92, 27.69, 0.23, 0.00, 157, 0, -0.00, 0.00
10:42:17.056, 27.92, 27.69, 0.23, 0.00, 157, 0, -0.00, 0.00
10:42:18.083, 27.92, 27.69, 0.23, 0.00, 157, 0, 0.04, 0.00
10:42:19.105, 27.92, 27.69, 0.23, 0.00, 157, 0, -0.00, 0.00
10:42:20.123, 27.92, 27.69, 0.23, 0.00, 157, 0, 0.04, 0.00
10:42:21.127, 27.92, 27.69, 0.23, 0.00, 157, 0, -0.00, 0.00
10:42:22.165, 27.92, 27.69, 0.23, 0.00, 157, 0, -0.00, 0.00
10:42:23.182, 27.92, 27.69, 0.23, 0.00, 157, 0, -0.00, 0.00
10:42:24.196, 27.83, 27.69, 0.14, -0.09, 153, 0, -0.00, 0.00
10:42:25.236, 27.83, 27.69, 0.14, 0.00, 154, 0, -0.00, 0.00
10:42:26.258, 27.83, 27.69, 0.14, 0.00, 154, 0, -0.00, 0.00
10:42:27.295, 27.83, 27.69, 0.14, 0.00, 154, 0, 0.04, 0.00
10:42:28.312, 27.83, 27.69, 0.14, 0.00, 154, 0, -0.00, 0.00
10:42:29.324, 27.83, 27.69, 0.14, 0.00, 154, 0, -0.00, 0.00
10:42:30.343, 27.83, 27.69, 0.14, 0.00, 154, 0, -0.00, 0.00
10:42:31.372, 27.83, 27.69, 0.14, 0.00, 154, 0, 0.04, 0.00
10:42:32.383, 27.83, 27.69, 0.14, 0.00, 154, 0, -0.00, 0.00
10:42:33.421, 27.83, 27.69, 0.14, 0.00, 154, 0, 0.04, 0.00
10:42:43.984, 27.83, 27.69, 0.14, 0.00, 154, 0, -0.00, 0.00
10:42:43.984, 27.83, 27.69, 0.14, 0.00, 154, 0, 0.04, 0.00
10:42:43.984, 27.83, 27.69, 0.14, 0.00, 154, 0, -0.00, 0.00
10:42:43.984, 27.83, 27.69, 0.14, 0.00, 154, 0, -0.00, 0.00
10:42:43.984, 27.83, 27.69, 0.14, 0.00, 154, 0, 0.04, 0.00
10:42:43.984, 27.83, 27.69, 0.14, 0.00, 154, 0, 0.04, 0.00
10:42:43.984, 27.83, 27.69, 0.14, 0.00, 154, 0, 0.04, 0.00
10:42:43.984, 27.74, 27.69, 0.05, -0.09, 150, 0, -0.00, 0.00
10:42:43.984, 27.74, 27.69, 0.05, 0.00, 151, 0, 0.04, 0.00
10:42:43.984, 27.74, 27.69, 0.05, 0.00, 151, 0, 0.04, 0.00
10:42:45.661, 27.74, 27.69, 0.05, 0.00, 151, 0, 0.04, 0.00
10:42:49.279, 27.74, 27.69, 0.05, 0.00, 151, 0, -0.00, 0.00
10:42:49.279, 27.74, 27.69, 0.05, 0.00, 151, 0, -0.00, 0.00
10:42:49.279, 27.74, 27.69, 0.05, 0.00, 151, 0, -0.00, 0.00
10:42:49.279, 27.74, 27.69, 0.05, 0.00, 151, 0, -0.00, 0.00
10:42:56.429, 27.74, 27.69, 0.05, 0.00, 151, 0, 0.04, 0.00
10:42:56.429, 27.74, 27.69, 0.05, 0.00, 151, 0, 0.04, 0.00
10:42:56.429, 27.74, 27.69, 0.05, 0.00, 151, 0, -0.00, 0.00
10:42:56.429, 27.74, 27.69, 0.05, 0.00, 151, 0, 0.04, 0.00
10:42:56.429, 27.74, 27.69, 0.05, 0.00, 151, 0, -0.00, 0.00
10:42:56.429, 27.74, 27.69, 0.05, 0.00, 151, 0, -0.00, 0.00
10:42:56.429, 27.74, 27.69, 0.05, 0.00, 151, 0, -0.00, 0.00
10:42:57.802, 27.74, 27.69, 0.05, 0.00, 151, 0, -0.00, 0.00
10:43:03.225, 27.74, 27.69, 0.05, 0.00, 151, 0, -0.00, 0.00
10:43:03.225, 27.65, 27.69, -0.04, -0.09, 150, 0, 0.04, 0.00
10:43:03.225, 27.65, 27.69, -0.04, 0.00, 151, 0, -0.00, 0.00
10:43:03.225, 27.65, 27.69, -0.04, 0.00, 151, 0, -0.00, 0.00
10:43:03.225, 27.65, 27.69, -0.04, 0.00, 151, 0, -0.00, 0.00
10:43:03.225, 27.65, 27.69, -0.04, 0.00, 151, 0, 0.04, 0.00
10:43:07.489, 27.65, 27.69, -0.04, 0.00, 151, 0, 0.04, 0.00
10:43:07.489, 27.65, 27.69, -0.04, 0.00, 151, 0, -0.00, 0.00
10:43:07.489, 27.65, 27.69, -0.04, 0.00, 151, 0, -0.00, 0.00
10:43:07.489, 27.65, 27.69, -0.04, 0.00, 151, 0, 0.04, 0.00
10:43:09.833, 27.65, 27.69, -0.04, 0.00, 151, 0, 0.04, 0.00
10:43:09.833, 27.65, 27.69, -0.04, 0.00, 151, 0, -0.00, 0.00
10:43:19.862, 27.65, 27.69, -0.04, 0.00, 151, 0, -0.00, 0.00
10:43:19.862, 27.65, 27.69, -0.04, 0.00, 151, 0, -0.00, 0.00
10:43:19.862, 27.65, 27.69, -0.04, 0.00, 151, 0, 0.04, 0.00
10:43:19.862, 27.65, 27.69, -0.04, 0.00, 151, 0, -0.00, 0.00
10:43:19.862, 27.65, 27.69, -0.04, 0.00, 151, 0, 0.04, 0.00
10:43:19.862, 27.65, 27.69, -0.04, 0.00, 151, 0, -0.00, 0.00
10:43:19.862, 27.56, 27.69, -0.13, -0.09, 147, 0, -0.00, 0.00
10:43:19.862, 27.56, 27.69, -0.13, 0.00, 148, 159, -0.00, -132553.71
10:43:19.862, 27.56, 27.69, -0.13, 0.00, 148, 159, 2.82, 56.47
10:43:19.862, 27.56, 27.69, -0.13, 0.00, 148, 159, 2.06, 77.01
10:43:29.785, 27.56, 27.69, -0.13, 0.00, 148, 159, 2.33, 68.31
10:43:29.785, 27.56, 27.69, -0.13, 0.00, 148, 159, 2.82, 56.47
10:43:29.785, 27.56, 27.69, -0.13, 0.00, 148, 159, 2.67, 59.65
10:43:29.785, 27.56, 27.69, -0.13, 0.00, 148, 159, 2.03, 78.44
10:43:29.785, 27.56, 27.69, -0.13, 0.00, 148, 159, 1.31, 121.06
10:43:29.785, 27.56, 27.69, -0.13, 0.00, 148, 159, 1.54, 103.33
10:43:29.785, 27.56, 27.69, -0.13, 0.00, 148, 159, 1.28, 124.62
10:43:29.785, 27.56, 27.69, -0.13, 0.00, 148, 159, 1.50, 105.91
10:43:29.785, 27.47, 27.69, -0.22, -0.09, 144, 0, 1.76, 0.00
10:43:29.785, 27.56, 27.69, -0.13, 0.09, 149, 57, 0.11, 511.30
10:43:30.725, 27.47, 27.69, -0.22, -0.09, 144, 0, 0.26, 0.00
10:43:31.729, 27.56, 27.69, -0.13, 0.09, 149, 57, -0.00, -47519.26
10:43:32.777, 27.56, 27.69, -0.13, 0.00, 148, 159, 0.45, 353.71
10:43:33.796, 27.56, 27.69, -0.13, 0.00, 148, 159, 2.78, 57.23
10:43:34.798, 27.56, 27.69, -0.13, 0.00, 148, 159, 2.82, 56.47
10:43:35.845, 27.56, 27.69, -0.13, 0.00, 148, 159, 1.58, 100.87
10:43:36.869, 27.56, 27.69, -0.13, 0.00, 148, 159, 1.80, 88.25
10:43:37.875, 27.65, 27.69, -0.04, 0.09, 152, 65, 2.67, 24.39
10:43:38.904, 27.65, 27.69, -0.04, 0.00, 151, 0, 1.24, 0.00
10:43:39.939, 27.74, 27.69, 0.05, 0.09, 152, 65, -0.00, -54188.63
10:43:40.949, 27.74, 27.69, 0.05, 0.00, 151, 0, 1.05, 0.00
10:43:41.961, 27.74, 27.69, 0.05, 0.00, 151, 0, 0.04, 0.00
10:43:43.001, 27.74, 27.69, 0.05, 0.00, 151, 0, -0.00, 0.00
10:43:44.010, 27.83, 27.69, 0.14, 0.09, 155, 0, 0.04, 0.00
10:43:45.050, 27.83, 27.69, 0.14, 0.00, 154, 0, -0.00, 0.00
10:43:46.062, 27.83, 27.69, 0.14, 0.00, 154, 0, -0.00, 0.00
10:43:47.071, 27.92, 27.69, 0.23, 0.09, 158, 0, -0.00, 0.00
10:43:48.104, 27.92, 27.69, 0.23, 0.00, 157, 0, -0.00, 0.00
10:43:49.148, 27.92, 27.69, 0.23, 0.00, 157, 0, -0.00, 0.00
10:43:50.162, 27.92, 27.69, 0.23, 0.00, 157, 0, 0.04, 0.00
10:43:51.168, 27.92, 27.69, 0.23, 0.00, 157, 0, -0.00, 0.00
10:43:52.212, 27.92, 27.69, 0.23, 0.00, 157, 0, -0.00, 0.00
10:43:53.226, 28.01, 27.69, 0.32, 0.09, 161, 0, -0.00, 0.00
10:43:54.239, 28.01, 27.69, 0.32, 0.00, 160, 0, -0.00, 0.00
10:43:55.264, 28.01, 27.69, 0.32, 0.00, 160, 0, -0.00, 0.00
10:43:56.276, 28.01, 27.69, 0.32, 0.00, 160, 0, -0.00, 0.00
10:43:57.325, 28.01, 27.69, 0.32, 0.00, 160, 0, -0.00, 0.00
10:43:58.335, 28.01, 27.69, 0.32, 0.00, 160, 0, 0.04, 0.00
10:43:59.350, 28.01, 27.69, 0.32, 0.00, 160, 0, -0.00, 0.00
10:44:00.374, 28.01, 27.69, 0.32, 0.00, 160, 0, -0.00, 0.00
10:44:01.410, 28.01, 27.69, 0.32, 0.00, 160, 0, -0.00, 0.00
10:44:02.417, 28.01, 27.69, 0.32, 0.00, 160, 0, -0.00, 0.00
10:44:03.459, 28.01, 27.69, 0.32, 0.00, 160, 0, -0.00, 0.00
10:44:04.469, 28.01, 27.69, 0.32, 0.00, 160, 0, -0.00, 0.00
10:44:05.510, 28.01, 27.69, 0.32, 0.00, 160, 0, -0.00, 0.00
10:44:06.526, 28.01, 27.69, 0.32, 0.00, 160, 0, -0.00, 0.00
10:44:07.567, 28.01, 27.69, 0.32, 0.00, 160, 0, -0.00, 0.00
10:44:08.583, 28.01, 27.69, 0.32, 0.00, 160, 0, -0.00, 0.00
10:44:09.587, 28.01, 27.69, 0.32, 0.00, 160, 0, -0.00, 0.00
10:44:10.604, 28.01, 27.69, 0.32, 0.00, 160, 0, 0.04, 0.00
10:44:11.625, 28.01, 27.69, 0.32, 0.00, 160, 0, -0.00, 0.00
10:44:12.676, 28.01, 27.69, 0.32, 0.00, 160, 0, -0.00, 0.00
10:44:13.694, 28.01, 27.69, 0.32, 0.00, 160, 0, -0.00, 0.00
10:44:14.710, 28.01, 27.69, 0.32, 0.00, 160, 0, 0.04, 0.00
10:44:15.747, 28.01, 27.69, 0.32, 0.00, 160, 0, -0.00, 0.00
10:44:16.750, 27.92, 27.69, 0.23, -0.09, 156, 0, 0.04, 0.00
10:44:17.776, 28.01, 27.69, 0.32, 0.09, 161, 0, -0.00, 0.00
10:44:18.802, 27.92, 27.69, 0.23, -0.09, 156, 0, 0.04, 0.00
10:44:19.826, 27.92, 27.69, 0.23, 0.00, 157, 0, -0.00, 0.00
10:44:20.831, 27.92, 27.69, 0.23, 0.00, 157, 0, -0.00, 0.00
10:44:21.887, 27.92, 27.69, 0.23, 0.00, 157, 0, -0.00, 0.00
10:44:22.893, 27.92, 27.69, 0.23, 0.00, 157, 0, -0.00, 0.00
10:44:23.910, 27.92, 27.69, 0.23, 0.00, 157, 0, -0.00, 0.00
10:44:24.959, 27.92, 27.69, 0.23, 0.00, 157, 0, -0.00, 0.00
10:44:25.963, 27.92, 27.69, 0.23, 0.00, 157, 0, 0.04, 0.00
10:44:26.987, 27.92, 27.69, 0.23, 0.00, 157, 0, -0.00, 0.00
10:44:28.009, 27.92, 27.69, 0.23, 0.00, 157, 0, -0.00, 0.00
10:44:29.052, 27.92, 27.69, 0.23, 0.00, 157, 0, -0.00, 0.00
10:44:30.059, 27.92, 27.69, 0.23, 0.00, 157, 0, -0.00, 0.00
10:44:31.068, 27.92, 27.69, 0.23, 0.00, 157, 0, -0.00, 0.00
10:44:32.115, 27.92, 27.69, 0.23, 0.00, 157, 0, -0.00, 0.00
10:44:33.145, 27.92, 27.69, 0.23, 0.00, 157, 0, -0.00, 0.00
10:44:34.145, 27.92, 27.69, 0.23, 0.00, 157, 0, -0.00, 0.00
10:44:35.161, 27.92, 27.69, 0.23, 0.00, 157, 0, -0.00, 0.00
10:44:36.187, 27.92, 27.69, 0.23, 0.00, 157, 0, -0.00, 0.00
10:44:37.220, 27.92, 27.69, 0.23, 0.00, 157, 0, 0.04, 0.00
10:44:38.242, 27.92, 27.69, 0.23, 0.00, 157, 0, -0.00, 0.00
10:44:39.252, 27.92, 27.69, 0.23, 0.00, 157, 0, -0.00, 0.00
10:44:40.306, 27.92, 27.69, 0.23, 0.00, 157, 0, -0.00, 0.00
10:44:41.330, 27.92, 27.69, 0.23, 0.00, 157, 0, -0.00, 0.00
10:44:42.342, 27.83, 27.69, 0.14, -0.09, 153, 0, 0.04, 0.00
10:44:43.352, 27.83, 27.69, 0.14, 0.00, 154, 0, -0.00, 0.00
10:44:44.375, 27.83, 27.69, 0.14, 0.00, 154, 0, 0.04, 0.00
10:44:45.391, 27.83, 27.69, 0.14, 0.00, 154, 0, -0.00, 0.00
10:44:46.441, 27.83, 27.69, 0.14, 0.00, 154, 0, -0.00, 0.00
10:44:47.460, 27.83, 27.69, 0.14, 0.00, 154, 0, 0.04, 0.00
10:44:48.462, 27.83, 27.69, 0.14, 0.00, 154, 0, -0.00, 0.00
10:44:49.509, 27.83, 27.69, 0.14, 0.00, 154, 0, -0.00, 0.00
10:44:50.541, 27.83, 27.69, 0.14, 0.00, 154, 0, -0.00, 0.00
10:44:51.553, 27.83, 27.69, 0.14, 0.00, 154, 0, -0.00, 0.00
10:44:52.583, 27.83, 27.69, 0.14, 0.00, 154, 0, 0.04, 0.00
10:44:53.587, 27.83, 27.69, 0.14, 0.00, 154, 0, -0.00, 0.00
10:44:54.630, 27.83, 27.69, 0.14, 0.00, 154, 0, -0.00, 0.00
10:44:55.651, 27.83, 27.69, 0.14, 0.00, 154, 0, -0.00, 0.00
10:44:56.655, 27.83, 27.69, 0.14, 0.00, 154, 0, 0.04, 0.00
10:44:57.694, 27.83, 27.69, 0.14, 0.00, 154, 0, -0.00, 0.00
10:44:58.697, 27.83, 27.69, 0.14, 0.00, 154, 0, -0.00, 0.00
10:44:59.738, 27.83, 27.69, 0.14, 0.00, 154, 0, -0.00, 0.00
10:45:00.758, 27.83, 27.69, 0.14, 0.00, 154, 0, -0.00, 0.00
10:45:01.761, 27.83, 27.69, 0.14, 0.00, 154, 0, -0.00, 0.00
10:45:02.805, 27.83, 27.69, 0.14, 0.00, 154, 0, -0.00, 0.00
10:45:03.819, 27.83, 27.69, 0.14, 0.00, 154, 0, -0.00, 0.00
10:45:04.831, 27.83, 27.69, 0.14, 0.00, 154, 0, -0.00, 0.00
10:45:05.878, 27.83, 27.69, 0.14, 0.00, 154, 0, -0.00, 0.00
10:45:06.900, 27.83, 27.69, 0.14, 0.00, 154, 0, -0.00, 0.00
10:45:07.910, 27.74, 27.69, 0.05, -0.09, 150, 0, -0.00, 0.00
10:45:08.956, 27.83, 27.69, 0.14, 0.09, 155, 0, -0.00, 0.00
10:45:09.950, 27.83, 27.69, 0.14, 0.00, 154, 0, 0.04, 0.00
10:45:10.970, 27.74, 27.69, 0.05, -0.09, 150, 0, 0.04, 0.00
10:45:11.991, 27.74, 27.69, 0.05, 0.00, 151, 0, 0.04, 0.00
10:45:13.025, 27.74, 27.69, 0.05, 0.00, 151, 0, -0.00, 0.00
10:45:14.058, 27.74, 27.69, 0.05, 0.00, 151, 0, -0.00, 0.00
10:45:15.083, 27.74, 27.69, 0.05, 0.00, 151, 0, -0.00, 0.00
10:45:16.105, 27.74, 27.69, 0.05, 0.00, 151, 0, -0.00, 0.00
10:45:17.109, 27.74, 27.69, 0.05, 0.00, 151, 0, -0.00, 0.00
10:45:18.164, 27.74, 27.69, 0.05, 0.00, 151, 0, -0.00, 0.00
10:45:19.175, 27.74, 27.69, 0.05, 0.00, 151, 0, 0.04, 0.00
10:45:20.208, 27.74, 27.69, 0.05, 0.00, 151, 0, -0.00, 0.00
10:45:21.227, 27.74, 27.69, 0.05, 0.00, 151, 0, -0.00, 0.00
10:45:22.247, 27.74, 27.69, 0.05, 0.00, 151, 0, -0.00, 0.00
10:45:23.253, 27.74, 27.69, 0.05, 0.00, 151, 0, -0.00, 0.00
10:45:24.282, 27.74, 27.69, 0.05, 0.00, 151, 0, -0.00, 0.00
10:45:25.320, 27.74, 27.69, 0.05, 0.00, 151, 0, -0.00, 0.00
10:45:26.336, 27.74, 27.69, 0.05, 0.00, 151, 0, 0.04, 0.00
10:45:27.344, 27.74, 27.69, 0.05, 0.00, 151, 0, -0.00, 0.00
10:45:28.392, 27.74, 27.69, 0.05, 0.00, 151, 0, 0.04, 0.00
10:45:29.393, 27.74, 27.69, 0.05, 0.00, 151, 0, -0.00, 0.00
10:45:30.440, 27.74, 27.69, 0.05, 0.00, 151, 0, -0.00, 0.00
10:45:31.492, 27.74, 27.69, 0.05, 0.00, 151, 0, -0.00, 0.00
10:45:32.459, 27.74, 27.69, 0.05, 0.00, 151, 0, 0.04, 0.00
10:45:33.491, 27.74, 27.69, 0.05, 0.00, 151, 0, -0.00, 0.00
10:45:34.504, 27.74, 27.69, 0.05, 0.00, 151, 0, -0.00, 0.00
10:45:35.543, 27.74, 27.69, 0.05, 0.00, 151, 0, -0.00, 0.00
10:45:36.559, 27.65, 27.69, -0.04, -0.09, 150, 0, -0.00, 0.00
10:45:37.577, 27.74, 27.69, 0.05, 0.09, 152, 65, 0.15, 436.12
10:45:38.625, 27.65, 27.69, -0.04, -0.09, 150, 0, 1.16, 0.00
10:45:39.632, 27.74, 27.69, 0.05, 0.09, 152, 65, 0.04, 1787.65
10:45:40.642, 27.65, 27.69, -0.04, -0.09, 150, 0, 1.80, 0.00
10:45:41.679, 27.65, 27.69, -0.04, 0.00, 151, 0, 0.04, 0.00
10:45:42.692, 27.65, 27.69, -0.04, 0.00, 151, 0, -0.00, 0.00
10:45:43.711, 27.65, 27.69, -0.04, 0.00, 151, 0, -0.00, 0.00
10:45:44.752, 27.65, 27.69, -0.04, 0.00, 151, 0, 0.04, 0.00
10:45:45.767, 27.65, 27.69, -0.04, 0.00, 151, 0, -0.00, 0.00
10:45:46.778, 27.65, 27.69, -0.04, 0.00, 151, 0, -0.00, 0.00
10:45:47.825, 27.65, 27.69, -0.04, 0.00, 151, 0, -0.00, 0.00
10:45:48.853, 27.65, 27.69, -0.04, 0.00, 151, 0, -0.00, 0.00
10:45:49.875, 27.65, 27.69, -0.04, 0.00, 151, 0, -0.00, 0.00
10:45:50.900, 27.65, 27.69, -0.04, 0.00, 151, 0, -0.00, 0.00
10:45:51.909, 27.65, 27.69, -0.04, 0.00, 151, 0, 0.04, 0.00
10:45:52.949, 27.65, 27.69, -0.04, 0.00, 151, 0, -0.00, 0.00
10:45:53.947, 27.65, 27.69, -0.04, 0.00, 151, 0, -0.00, 0.00
10:45:54.973, 27.65, 27.69, -0.04, 0.00, 151, 0, 0.04, 0.00
10:45:56.005, 27.65, 27.69, -0.04, 0.00, 151, 0, 0.04, 0.00
10:45:57.025, 27.65, 27.69, -0.04, 0.00, 151, 0, 0.04, 0.00
10:45:58.059, 27.65, 27.69, -0.04, 0.00, 151, 0, -0.00, 0.00
10:45:59.081, 27.65, 27.69, -0.04, 0.00, 151, 0, -0.00, 0.00
10:46:00.102, 27.65, 27.69, -0.04, 0.00, 151, 0, -0.00, 0.00
10:46:01.125, 27.65, 27.69, -0.04, 0.00, 151, 0, -0.00, 0.00
10:46:02.128, 27.65, 27.69, -0.04, 0.00, 151, 0, -0.00, 0.00
10:46:03.174, 27.65, 27.69, -0.04, 0.00, 151, 0, -0.00, 0.00
10:46:04.178, 27.65, 27.69, -0.04, 0.00, 151, 0, -0.00, 0.00
10:46:05.209, 27.65, 27.69, -0.04, 0.00, 151, 0, -0.00, 0.00
10:46:06.223, 27.65, 27.69, -0.04, 0.00, 151, 0, -0.00, 0.00
10:46:07.248, 27.65, 27.69, -0.04, 0.00, 151, 0, -0.00, 0.00
10:46:08.294, 27.65, 27.69, -0.04, 0.00, 151, 0, 0.04, 0.00
10:46:09.309, 27.65, 27.69, -0.04, 0.00, 151, 0, -0.00, 0.00
10:46:10.325, 27.56, 27.69, -0.13, -0.09, 147, 0, -0.00, 0.00
10:46:11.343, 27.65, 27.69, -0.04, 0.09, 152, 65, -0.00, -54188.63
10:46:12.391, 27.56, 27.69, -0.13, -0.09, 147, 0, 0.41, 0.00
10:46:13.408, 27.56, 27.69, -0.13, 0.00, 148, 159, -0.00, -132553.71
10:46:14.416, 27.56, 27.69, -0.13, 0.00, 148, 159, 3.08, 51.64
10:46:15.442, 27.56, 27.69, -0.13, 0.00, 148, 159, 2.93, 54.29
10:46:16.459, 27.56, 27.69, -0.13, 0.00, 148, 159, 3.04, 52.28
10:46:17.491, 27.56, 27.69, -0.13, 0.00, 148, 159, 2.40, 66.18
10:46:18.507, 27.56, 27.69, -0.13, 0.00, 148, 159, 1.43, 111.49
10:46:19.551, 27.56, 27.69, -0.13, 0.00, 148, 159, 2.18, 73.03
10:46:20.566, 27.56, 27.69, -0.13, 0.00, 148, 159, 3.08, 51.64
10:46:21.570, 27.56, 27.69, -0.13, 0.00, 148, 159, 2.14, 74.31
10:46:22.602, 27.56, 27.69, -0.13, 0.00, 148, 159, 1.65, 96.28
10:46:23.627, 27.56, 27.69, -0.13, 0.00, 148, 159, 1.69, 94.14
10:46:24.667, 27.56, 27.69, -0.13, 0.00, 148, 159, 3.08, 51.64
10:46:25.679, 27.56, 27.69, -0.13, 0.00, 148, 159, 3.12, 51.02
10:46:26.695, 27.56, 27.69, -0.13, 0.00, 148, 159, 2.70, 58.82
10:46:27.718, 27.56, 27.69, -0.13, 0.00, 148, 159, 1.88, 84.72
10:46:28.735, 27.56, 27.69, -0.13, 0.00, 148, 159, 1.69, 94.14
10:46:29.763, 27.56, 27.69, -0.13, 0.00, 148, 159, 3.12, 51.02
10:46:30.785, 27.56, 27.69, -0.13, 0.00, 148, 159, 3.12, 51.02
10:46:31.802, 27.65, 27.69, -0.04, 0.09, 152, 65, 2.89, 22.48
10:46:32.848, 27.65, 27.69, -0.04, 0.00, 151, 0, 1.01, 0.00
10:46:33.862, 27.74, 27.69, 0.05, 0.09, 152, 65, 0.15, 436.12
10:46:34.883, 27.74, 27.69, 0.05, 0.00, 151, 0, 0.79, 0.00
10:46:35.898, 27.74, 27.69, 0.05, 0.00, 151, 0, -0.00, 0.00
10:46:36.940, 27.83, 27.69, 0.14, 0.09, 155, 0, 0.04, 0.00
10:46:37.959, 27.83, 27.69, 0.14, 0.00, 154, 0, -0.00, 0.00
10:46:38.976, 27.92, 27.69, 0.23, 0.09, 158, 0, -0.00, 0.00
10:46:40.016, 27.92, 27.69, 0.23, 0.00, 157, 0, -0.00, 0.00
10:46:41.008, 27.92, 27.69, 0.23, 0.00, 157, 0, 0.04, 0.00
10:46:42.065, 28.01, 27.69, 0.32, 0.09, 161, 0, 0.04, 0.00
10:46:43.084, 28.01, 27.69, 0.32, 0.00, 160, 0, 0.04, 0.00
10:46:44.091, 28.01, 27.69, 0.32, 0.00, 160, 0, -0.00, 0.00
10:46:45.127, 28.01, 27.69, 0.32, 0.00, 160, 0, -0.00, 0.00
10:46:46.144, 28.01, 27.69, 0.32, 0.00, 160, 0, 0.04, 0.00
10:46:47.169, 28.10, 27.69, 0.41, 0.09, 164, 1, -0.00, -833.67
10:46:48.178, 28.10, 27.69, 0.41, 0.00, 163, 1, 0.15, 6.71
10:46:49.214, 28.10, 27.69, 0.41, 0.00, 163, 1, 0.15, 6.71
10:46:50.235, 28.10, 27.69, 0.41, 0.00, 163, 1, 0.04, 27.50
10:46:51.257, 28.10, 27.69, 0.41, 0.00, 163, 1, 0.04, 27.50
10:46:52.263, 28.10, 27.69, 0.41, 0.00, 163, 1, 0.04, 27.50
10:46:53.309, 28.10, 27.69, 0.41, 0.00, 163, 1, 0.07, 13.53
10:46:54.342, 28.10, 27.69, 0.41, 0.00, 163, 1, 0.04, 27.50
10:46:55.348, 28.10, 27.69, 0.41, 0.00, 163, 1, 0.07, 13.53
10:46:56.371, 28.10, 27.69, 0.41, 0.00, 163, 1, 0.11, 8.97
10:46:57.385, 28.10, 27.69, 0.41, 0.00, 163, 1, 0.15, 6.71
10:46:58.424, 28.10, 27.69, 0.41, 0.00, 163, 1, 0.04, 27.50
10:46:59.428, 28.10, 27.69, 0.41, 0.00, 163, 1, 0.04, 27.50
10:47:00.478, 28.10, 27.69, 0.41, 0.00, 163, 1, 0.04, 27.50
10:47:01.491, 28.10, 27.69, 0.41, 0.00, 163, 1, 0.07, 13.53
10:47:02.501, 28.10, 27.69, 0.41, 0.00, 163, 1, 0.07, 13.53
10:47:03.555, 28.10, 27.69, 0.41, 0.00, 163, 1, 0.07, 13.53
10:47:04.561, 28.10, 27.69, 0.41, 0.00, 163, 1, 0.04, 27.50
10:47:05.578, 28.10, 27.69, 0.41, 0.00, 163, 1, 0.04, 27.50
10:47:06.618, 28.10, 27.69, 0.41, 0.00, 163, 1, 0.04, 27.50
10:47:07.618, 28.10, 27.69, 0.41, 0.00, 163, 1, 0.04, 27.50
10:47:08.654, 28.10, 27.69, 0.41, 0.00, 163, 1, 0.04, 27.50
10:47:09.670, 28.10, 27.69, 0.41, 0.00, 163, 1, 0.07, 13.53
10:47:10.690, 28.10, 27.69, 0.41, 0.00, 163, 1, 0.07, 13.53
10:47:11.731, 28.10, 27.69, 0.41, 0.00, 163, 1, 0.07, 13.53
10:47:12.758, 28.01, 27.69, 0.32, -0.09, 159, 0, 0.11, 0.00
10:47:13.774, 28.01, 27.69, 0.32, 0.00, 160, 0, -0.00, 0.00
10:47:14.808, 28.01, 27.69, 0.32, 0.00, 160, 0, 0.04, 0.00
10:47:15.816, 28.01, 27.69, 0.32, 0.00, 160, 0, 0.04, 0.00
10:47:16.823, 28.01, 27.69, 0.32, 0.00, 160, 0, 0.04, 0.00
10:47:17.860, 28.01, 27.69, 0.32, 0.00, 160, 0, 0.04, 0.00
10:47:18.874, 28.01, 27.69, 0.32, 0.00, 160, 0, -0.00, 0.00
10:47:19.906, 28.01, 27.69, 0.32, 0.00, 160, 0, 0.04, 0.00
10:47:20.943, 28.01, 27.69, 0.32, 0.00, 160, 0, -0.00, 0.00
10:47:21.967, 28.01, 27.69, 0.32, 0.00, 160, 0, 0.04, 0.00
10:47:22.988, 28.01, 27.69, 0.32, 0.00, 160, 0, -0.00, 0.00
10:47:23.994, 28.01, 27.69, 0.32, 0.00, 160, 0, 0.04, 0.00
10:47:25.040, 28.01, 27.69, 0.32, 0.00, 160, 0, -0.00, 0.00
10:47:26.031, 28.01, 27.69, 0.32, 0.00, 160, 0, -0.00, 0.00
10:47:27.085, 28.01, 27.69, 0.32, 0.00, 160, 0, -0.00, 0.00
10:47:28.095, 28.01, 27.69, 0.32, 0.00, 160, 0, 0.04, 0.00
10:47:29.122, 28.01, 27.69, 0.32, 0.00, 160, 0, 0.04, 0.00
10:47:30.139, 28.01, 27.69, 0.32, 0.00, 160, 0, 0.04, 0.00
10:47:31.167, 28.01, 27.69, 0.32, 0.00, 160, 0, -0.00, 0.00
10:47:32.174, 28.01, 27.69, 0.32, 0.00, 160, 0, 0.04, 0.00
10:47:33.195, 28.01, 27.69, 0.32, 0.00, 160, 0, 0.04, 0.00
10:47:34.227, 28.01, 27.69, 0.32, 0.00, 160, 0, -0.00, 0.00
10:47:35.240, 28.01, 27.69, 0.32, 0.00, 160, 0, -0.00, 0.00
10:47:36.292, 28.01, 27.69, 0.32, 0.00, 160, 0, -0.00, 0.00
10:47:37.294, 28.01, 27.69, 0.32, 0.00, 160, 0, 0.04, 0.00
10:47:38.328, 27.92, 27.69, 0.23, -0.09, 156, 0, -0.00, 0.00
10:47:39.335, 27.92, 27.69, 0.23, 0.00, 157, 0, -0.00, 0.00
10:47:40.356, 28.01, 27.69, 0.32, 0.09, 161, 0, -0.00, 0.00
10:47:41.377, 27.92, 27.69, 0.23, -0.09, 156, 0, -0.00, 0.00
10:47:42.428, 27.92, 27.69, 0.23, 0.00, 157, 0, 0.04, 0.00
10:47:43.433, 27.92, 27.69, 0.23, 0.00, 157, 0, -0.00, 0.00
10:47:44.452, 27.92, 27.69, 0.23, 0.00, 157, 0, -0.00, 0.00
10:47:45.490, 27.92, 27.69, 0.23, 0.00, 157, 0, -0.00, 0.00
10:47:46.504, 27.92, 27.69, 0.23, 0.00, 157, 0, 0.04, 0.00
10:47:47.544, 27.92, 27.69, 0.23, 0.00, 157, 0, -0.00, 0.00
10:47:48.577, 27.92, 27.69, 0.23, 0.00, 157, 0, -0.00, 0.00
10:47:49.582, 27.92, 27.69, 0.23, 0.00, 157, 0, -0.00, 0.00
10:47:50.606, 27.92, 27.69, 0.23, 0.00, 157, 0, 0.04, 0.00
10:47:51.645, 27.92, 27.69, 0.23, 0.00, 157, 0, -0.00, 0.00
10:47:52.657, 27.92, 27.69, 0.23, 0.00, 157, 0, -0.00, 0.00
10:47:53.681, 27.92, 27.69, 0.23, 0.00, 157, 0, -0.00, 0.00
10:47:54.683, 27.92, 27.69, 0.23, 0.00, 157, 0, -0.00, 0.00
10:47:55.725, 27.92, 27.69, 0.23, 0.00, 157, 0, -0.00, 0.00
10:47:56.761, 27.92, 27.69, 0.23, 0.00, 157, 0, 0.04, 0.00
10:47:57.774, 27.92, 27.69, 0.23, 0.00, 157, 0, -0.00, 0.00
10:47:58.781, 27.92, 27.69, 0.23, 0.00, 157, 0, -0.00, 0.00
10:47:59.797, 27.92, 27.69, 0.23, 0.00, 157, 0, 0.04, 0.00
10:48:00.825, 27.92, 27.69, 0.23, 0.00, 157, 0, -0.00, 0.00
10:48:01.867, 27.92, 27.69, 0.23, 0.00, 157, 0, 0.04, 0.00
10:48:02.898, 27.92, 27.69, 0.23, 0.00, 157, 0, -0.00, 0.00
10:48:03.916, 27.92, 27.69, 0.23, 0.00, 157, 0, -0.00, 0.00
10:48:04.913, 27.92, 27.69, 0.23, 0.00, 157, 0, -0.00, 0.00
10:48:05.956, 27.92, 27.69, 0.23, 0.00, 157, 0, 0.04, 0.00
10:48:06.965, 27.92, 27.69, 0.23, 0.00, 157, 0, -0.00, 0.00
10:48:07.989, 27.92, 27.69, 0.23, 0.00, 157, 0, -0.00, 0.00
10:48:09.029, 27.92, 27.69, 0.23, 0.00, 157, 0, -0.00, 0.00
10:48:10.050, 27.92, 27.69, 0.23, 0.00, 157, 0, -0.00, 0.00
10:48:11.074, 27.92, 27.69, 0.23, 0.00, 157, 0, -0.00, 0.00
10:48:12.101, 27.92, 27.69, 0.23, 0.00, 157, 0, -0.00, 0.00
10:48:13.114, 27.92, 27.69, 0.23, 0.00, 157, 0, -0.00, 0.00
10:48:14.140, 27.83, 27.69, 0.14, -0.09, 153, 0, 0.04, 0.00
10:48:15.144, 27.83, 27.69, 0.14, 0.00, 154, 0, 0.04, 0.00
10:48:16.168, 27.83, 27.69, 0.14, 0.00, 154, 0, -0.00, 0.00
10:48:17.211, 27.83, 27.69, 0.14, 0.00, 154, 0, -0.00, 0.00
10:48:18.223, 27.83, 27.69, 0.14, 0.00, 154, 0, 0.04, 0.00
10:48:19.235, 27.83, 27.69, 0.14, 0.00, 154, 0, -0.00, 0.00
10:48:20.287, 27.83, 27.69, 0.14, 0.00, 154, 0, -0.00, 0.00
10:48:21.318, 27.83, 27.69, 0.14, 0.00, 154, 0, -0.00, 0.00
10:48:22.327, 27.83, 27.69, 0.14, 0.00, 154, 0, -0.00, 0.00
10:48:23.330, 27.83, 27.69, 0.14, 0.00, 154, 0, -0.00, 0.00
10:48:24.374, 27.83, 27.69, 0.14, 0.00, 154, 0, -0.00, 0.00
10:48:25.389, 27.83, 27.69, 0.14, 0.00, 154, 0, -0.00, 0.00
10:48:26.411, 27.83, 27.69, 0.14, 0.00, 154, 0, -0.00, 0.00
10:48:27.431, 27.83, 27.69, 0.14, 0.00, 154, 0, -0.00, 0.00
10:48:28.459, 27.83, 27.69, 0.14, 0.00, 154, 0, -0.00, 0.00
10:48:29.471, 27.83, 27.69, 0.14, 0.00, 154, 0, -0.00, 0.00
10:48:30.506, 27.83, 27.69, 0.14, 0.00, 154, 0, -0.00, 0.00
10:48:31.515, 27.83, 27.69, 0.14, 0.00, 154, 0, -0.00, 0.00
10:48:32.564, 27.83, 27.69, 0.14, 0.00, 154, 0, -0.00, 0.00
10:48:33.575, 27.83, 27.69, 0.14, 0.00, 154, 0, -0.00, 0.00
10:48:34.590, 27.83, 27.69, 0.14, 0.00, 154, 0, -0.00, 0.00
10:48:35.624, 27.83, 27.69, 0.14, 0.00, 154, 0, -0.00, 0.00
10:48:36.632, 27.83, 27.69, 0.14, 0.00, 154, 0, -0.00, 0.00
10:48:37.672, 27.83, 27.69, 0.14, 0.00, 154, 0, -0.00, 0.00
10:48:38.689, 27.83, 27.69, 0.14, 0.00, 154, 0, -0.00, 0.00
10:48:39.715, 27.83, 27.69, 0.14, 0.00, 154, 0, -0.00, 0.00
10:48:40.728, 27.83, 27.69, 0.14, 0.00, 154, 0, -0.00, 0.00
10:48:41.772, 27.83, 27.69, 0.14, 0.00, 154, 0, -0.00, 0.00
10:48:42.776, 27.83, 27.69, 0.14, 0.00, 154, 0, 0.04, 0.00
10:48:43.816, 27.83, 27.69, 0.14, 0.00, 154, 0, 0.04, 0.00
10:48:44.831, 27.83, 27.69, 0.14, 0.00, 154, 0, -0.00, 0.00
10:48:45.842, 27.74, 27.69, 0.05, -0.09, 150, 0, -0.00, 0.00
10:48:46.889, 27.74, 27.69, 0.05, 0.00, 151, 0, 0.04, 0.00
10:48:47.888, 27.74, 27.69, 0.05, 0.00, 151, 0, -0.00, 0.00
10:48:48.910, 27.74, 27.69, 0.05, 0.00, 151, 0, -0.00, 0.00
10:48:49.940, 27.74, 27.69, 0.05, 0.00, 151, 0, -0.00, 0.00
10:48:50.957, 27.74, 27.69, 0.05, 0.00, 151, 0, -0.00, 0.00
10:48:52.005, 27.74, 27.69, 0.05, 0.00, 151, 0, 0.04, 0.00
10:48:53.015, 27.74, 27.69, 0.05, 0.00, 151, 0, 0.04, 0.00
10:48:54.031, 27.74, 27.69, 0.05, 0.00, 151, 0, -0.00, 0.00
10:48:55.073, 27.74, 27.69, 0.05, 0.00, 151, 0, -0.00, 0.00
10:48:56.080, 27.74, 27.69, 0.05, 0.00, 151, 0, -0.00, 0.00
10:48:57.105, 27.74, 27.69, 0.05, 0.00, 151, 0, -0.00, 0.00
10:48:58.143, 27.74, 27.69, 0.05, 0.00, 151, 0, -0.00, 0.00
10:48:59.156, 27.74, 27.69, 0.05, 0.00, 151, 0, -0.00, 0.00
10:49:00.177, 27.74, 27.69, 0.05, 0.00, 151, 0, -0.00, 0.00
10:49:01.206, 27.74, 27.69, 0.05, 0.00, 151, 0, 0.04, 0.00
10:49:02.214, 27.74, 27.69, 0.05, 0.00, 151, 0, -0.00, 0.00
10:49:03.257, 27.74, 27.69, 0.05, 0.00, 151, 0, -0.00, 0.00
10:49:04.264, 27.74, 27.69, 0.05, 0.00, 151, 0, -0.00, 0.00
10:49:05.293, 27.74, 27.69, 0.05, 0.00, 151, 0, 0.04, 0.00
10:49:06.301, 27.74, 27.69, 0.05, 0.00, 151, 0, -0.00, 0.00
10:49:07.329, 27.74, 27.69, 0.05, 0.00, 151, 0, -0.00, 0.00
10:49:08.372, 27.74, 27.69, 0.05, 0.00, 151, 0, -0.00, 0.00
10:49:09.388, 27.74, 27.69, 0.05, 0.00, 151, 0, -0.00, 0.00
10:49:10.410, 27.65, 27.69, -0.04, -0.09, 150, 0, -0.00, 0.00
10:49:11.445, 27.65, 27.69, -0.04, 0.00, 151, 0, -0.00, 0.00
10:49:12.438, 27.65, 27.69, -0.04, 0.00, 151, 0, -0.00, 0.00
10:49:13.465, 27.65, 27.69, -0.04, 0.00, 151, 0, -0.00, 0.00
10:49:14.518, 27.65, 27.69, -0.04, 0.00, 151, 0, 0.04, 0.00
10:49:15.539, 27.65, 27.69, -0.04, 0.00, 151, 0, -0.00, 0.00
10:49:16.542, 27.65, 27.69, -0.04, 0.00, 151, 0, -0.00, 0.00
10:49:17.563, 27.65, 27.69, -0.04, 0.00, 151, 0, 0.04, 0.00
10:49:18.578, 27.65, 27.69, -0.04, 0.00, 151, 0, -0.00, 0.00
10:49:19.624, 27.65, 27.69, -0.04, 0.00, 151, 0, -0.00, 0.00
10:49:20.643, 27.65, 27.69, -0.04, 0.00, 151, 0, 0.04, 0.00
10:49:21.675, 27.65, 27.69, -0.04, 0.00, 151, 0, -0.00, 0.00
10:49:22.672, 27.65, 27.69, -0.04, 0.00, 151, 0, -0.00, 0.00
10:49:23.721, 27.65, 27.69, -0.04, 0.00, 151, 0, 0.04, 0.00
10:49:24.718, 27.65, 27.69, -0.04, 0.00, 151, 0, -0.00, 0.00
10:49:25.771, 27.65, 27.69, -0.04, 0.00, 151, 0, -0.00, 0.00
10:49:26.795, 27.65, 27.69, -0.04, 0.00, 151, 0, 0.04, 0.00
10:49:27.805, 27.65, 27.69, -0.04, 0.00, 151, 0, 0.04, 0.00
10:49:28.821, 27.65, 27.69, -0.04, 0.00, 151, 0, 0.04, 0.00
10:49:29.855, 27.65, 27.69, -0.04, 0.00, 151, 0, -0.00, 0.00
10:49:30.888, 27.65, 27.69, -0.04, 0.00, 151, 0, -0.00, 0.00
10:49:31.905, 27.65, 27.69, -0.04, 0.00, 151, 0, 0.04, 0.00
10:49:32.937, 27.65, 27.69, -0.04, 0.00, 151, 0, -0.00, 0.00
10:49:33.931, 27.65, 27.69, -0.04, 0.00, 151, 0, -0.00, 0.00
10:49:34.978, 27.65, 27.69, -0.04, 0.00, 151, 0, -0.00, 0.00
10:49:35.995, 27.65, 27.69, -0.04, 0.00, 151, 0, -0.00, 0.00
10:49:37.006, 27.56, 27.69, -0.13, -0.09, 147, 0, -0.00, 0.00
10:49:38.044, 27.56, 27.69, -0.13, 0.00, 148, 159, 0.07, 2150.95
10:49:39.065, 27.56, 27.69, -0.13, 0.00, 148, 159, 1.69, 94.14
10:49:40.071, 27.56, 27.69, -0.13, 0.00, 148, 159, 2.18, 73.03
10:49:41.090, 27.56, 27.69, -0.13, 0.00, 148, 159, 3.12, 51.02
10:49:42.130, 27.56, 27.69, -0.13, 0.00, 148, 159, 3.00, 52.94
10:49:43.160, 27.56, 27.69, -0.13, 0.00, 148, 159, 2.25, 70.59
10:49:44.156, 27.56, 27.69, -0.13, 0.00, 148, 159, 1.35, 117.69
10:49:45.184, 27.56, 27.69, -0.13, 0.00, 148, 159, 1.31, 121.06
10:49:46.205, 27.56, 27.69, -0.13, 0.00, 148, 159, 2.59, 61.38
10:49:47.254, 27.56, 27.69, -0.13, 0.00, 148, 159, 3.19, 49.82
10:49:48.272, 27.56, 27.69, -0.13, 0.00, 148, 159, 2.97, 53.61
10:49:49.281, 27.56, 27.69, -0.13, 0.00, 148, 159, 2.82, 56.47
10:49:50.300, 27.56, 27.69, -0.13, 0.00, 148, 159, 2.48, 64.17
10:49:51.348, 27.56, 27.69, -0.13, 0.00, 148, 159, 2.10, 75.64
10:49:52.364, 27.56, 27.69, -0.13, 0.00, 148, 159, 1.76, 90.13
10:49:53.379, 27.56, 27.69, -0.13, 0.00, 148, 159, 1.65, 96.28
10:49:54.388, 27.56, 27.69, -0.13, 0.00, 148, 159, 3.00, 52.94
10:49:55.445, 27.56, 27.69, -0.13, 0.00, 148, 159, 1.88, 84.72
10:49:56.437, 27.56, 27.69, -0.13, 0.00, 148, 159, 1.54, 103.33
10:49:57.483, 27.65, 27.69, -0.04, 0.09, 152, 65, 1.76, 36.85
10:49:58.489, 27.65, 27.69, -0.04, 0.00, 151, 0, 0.90, 0.00
10:49:59.521, 27.74, 27.69, 0.05, 0.09, 152, 65, -0.00, -54188.63
10:50:00.537, 27.74, 27.69, 0.05, 0.00, 151, 0, 0.75, 0.00
10:50:01.579, 27.83, 27.69, 0.14, 0.09, 155, 0, -0.00, 0.00
10:50:02.593, 27.83, 27.69, 0.14, 0.00, 154, 0, -0.00, 0.00
10:50:03.609, 27.83, 27.69, 0.14, 0.00, 154, 0, -0.00, 0.00
10:50:04.649, 27.92, 27.69, 0.23, 0.09, 158, 0, -0.00, 0.00
10:50:05.646, 27.92, 27.69, 0.23, 0.00, 157, 0, -0.00, 0.00
10:50:06.689, 28.01, 27.69, 0.32, 0.09, 161, 0, -0.00, 0.00
10:50:07.721, 28.01, 27.69, 0.32, 0.00, 160, 0, 0.04, 0.00
10:50:08.733, 28.01, 27.69, 0.32, 0.00, 160, 0, -0.00, 0.00
10:50:09.747, 28.01, 27.69, 0.32, 0.00, 160, 0, -0.00, 0.00
10:50:10.777, 28.10, 27.69, 0.41, 0.09, 164, 1, 0.15, 6.71
10:50:11.787, 28.10, 27.69, 0.41, 0.00, 163, 1, -0.00, -833.67
10:50:12.833, 28.10, 27.69, 0.41, 0.00, 163, 1, 0.11, 8.97
10:50:13.859, 28.10, 27.69, 0.41, 0.00, 163, 1, -0.00, -833.67
10:50:14.862, 28.10, 27.69, 0.41, 0.00, 163, 1, 0.04, 27.50
10:50:15.890, 28.10, 27.69, 0.41, 0.00, 163, 1, 0.07, 13.53
10:50:16.925, 28.10, 27.69, 0.41, 0.00, 163, 1, 0.15, 6.71
10:50:17.952, 28.10, 27.69, 0.41, 0.00, 163, 1, 0.04, 27.50
10:50:18.958, 28.10, 27.69, 0.41, 0.00, 163, 1, 0.04, 27.50
10:50:19.973, 28.10, 27.69, 0.41, 0.00, 163, 1, 0.04, 27.50
10:50:21.022, 28.10, 27.69, 0.41, 0.00, 163, 1, 0.07, 13.53
10:50:22.043, 28.10, 27.69, 0.41, 0.00, 163, 1, 0.07, 13.53
10:50:23.053, 28.10, 27.69, 0.41, 0.00, 163, 1, 0.07, 13.53
10:50:24.091, 28.10, 27.69, 0.41, 0.00, 163, 1, 0.11, 8.97
10:50:25.115, 28.10, 27.69, 0.41, 0.00, 163, 1, -0.00, -833.67
10:50:26.122, 28.10, 27.69, 0.41, 0.00, 163, 1, 0.04, 27.50
10:50:27.142, 28.10, 27.69, 0.41, 0.00, 163, 1, 0.07, 13.53
10:50:28.163, 28.10, 27.69, 0.41, 0.00, 163, 1, 0.11, 8.97
10:50:29.194, 28.10, 27.69, 0.41, 0.00, 163, 1, 0.04, 27.50
10:50:30.221, 28.10, 27.69, 0.41, 0.00, 163, 1, 0.04, 27.50
10:50:31.224, 28.10, 27.69, 0.41, 0.00, 163, 1, -0.00, -833.67
10:50:32.277, 28.10, 27.69, 0.41, 0.00, 163, 1, 0.04, 27.50
10:50:33.272, 28.10, 27.69, 0.41, 0.00, 163, 1, 0.04, 27.50
10:50:34.330, 28.01, 27.69, 0.32, -0.09, 159, 0, 0.07, 0.00
10:50:35.336, 28.10, 27.69, 0.41, 0.09, 164, 1, -0.00, -833.67
10:50:36.355, 28.10, 27.69, 0.41, 0.00, 163, 1, 0.07, 13.53
10:50:37.387, 28.10, 27.69, 0.41, 0.00, 163, 1, 0.07, 13.53
10:50:38.399, 28.10, 27.69, 0.41, 0.00, 163, 1, 0.11, 8.97
10:50:39.417, 28.01, 27.69, 0.32, -0.09, 159, 0, 0.07, 0.00
10:50:40.458, 28.01, 27.69, 0.32, 0.00, 160, 0, -0.00, 0.00
10:50:41.473, 28.01, 27.69, 0.32, 0.00, 160, 0, -0.00, 0.00
10:50:42.487, 28.01, 27.69, 0.32, 0.00, 160, 0, -0.00, 0.00
10:50:43.529, 28.01, 27.69, 0.32, 0.00, 160, 0, -0.00, 0.00
10:50:44.535, 28.01, 27.69, 0.32, 0.00, 160, 0, -0.00, 0.00
10:50:45.580, 28.01, 27.69, 0.32, 0.00, 160, 0, -0.00, 0.00
10:50:46.603, 28.01, 27.69, 0.32, 0.00, 160, 0, -0.00, 0.00
10:50:47.611, 28.01, 27.69, 0.32, 0.00, 160, 0, -0.00, 0.00
10:50:48.632, 28.01, 27.69, 0.32, 0.00, 160, 0, -0.00, 0.00
10:50:49.644, 28.01, 27.69, 0.32, 0.00, 160, 0, -0.00, 0.00
10:50:50.681, 28.01, 27.69, 0.32, 0.00, 160, 0, -0.00, 0.00
10:50:51.711, 28.01, 27.69, 0.32, 0.00, 160, 0, -0.00, 0.00
10:50:52.727, 28.01, 27.69, 0.32, 0.00, 160, 0, -0.00, 0.00
10:50:53.765, 28.01, 27.69, 0.32, 0.00, 160, 0, 0.04, 0.00
10:50:54.770, 28.01, 27.69, 0.32, 0.00, 160, 0, -0.00, 0.00
10:50:55.804, 28.01, 27.69, 0.32, 0.00, 160, 0, -0.00, 0.00
10:50:56.811, 28.01, 27.69, 0.32, 0.00, 160, 0, -0.00, 0.00
10:50:57.862, 28.01, 27.69, 0.32, 0.00, 160, 0, -0.00, 0.00
10:50:58.867, 28.01, 27.69, 0.32, 0.00, 160, 0, -0.00, 0.00
10:50:59.910, 28.01, 27.69, 0.32, 0.00, 160, 0, -0.00, 0.00
10:51:00.918, 28.01, 27.69, 0.32, 0.00, 160, 0, -0.00, 0.00
10:51:01.922, 28.01, 27.69, 0.32, 0.00, 160, 0, -0.00, 0.00
10:51:02.960, 28.01, 27.69, 0.32, 0.00, 160, 0, -0.00, 0.00
10:51:03.997, 28.01, 27.69, 0.32, 0.00, 160, 0, 0.04, 0.00
10:51:05.010, 27.92, 27.69, 0.23, -0.09, 156, 0, 0.04, 0.00
10:51:06.045, 27.92, 27.69, 0.23, 0.00, 157, 0, -0.00, 0.00
10:51:07.051, 27.92, 27.69, 0.23, 0.00, 157, 0, 0.04, 0.00
10:51:08.094, 27.92, 27.69, 0.23, 0.00, 157, 0, 0.04, 0.00
10:51:09.115, 27.92, 27.69, 0.23, 0.00, 157, 0, -0.00, 0.00
10:51:10.133, 27.92, 27.69, 0.23, 0.00, 157, 0, -0.00, 0.00
10:51:11.160, 27.92, 27.69, 0.23, 0.00, 157, 0, -0.00, 0.00
10:51:12.176, 27.92, 27.69, 0.23, 0.00, 157, 0, -0.00, 0.00
10:51:13.194, 27.92, 27.69, 0.23, 0.00, 157, 0, -0.00, 0.00
10:51:14.213, 27.92, 27.69, 0.23, 0.00, 157, 0, -0.00, 0.00
10:51:15.229, 27.92, 27.69, 0.23, 0.00, 157, 0, 0.04, 0.00
10:51:16.266, 27.92, 27.69, 0.23, 0.00, 157, 0, -0.00, 0.00
10:51:17.276, 27.92, 27.69, 0.23, 0.00, 157, 0, -0.00, 0.00
10:51:18.318, 27.92, 27.69, 0.23, 0.00, 157, 0, 0.04, 0.00
10:51:19.350, 27.92, 27.69, 0.23, 0.00, 157, 0, -0.00, 0.00
10:51:20.354, 27.92, 27.69, 0.23, 0.00, 157, 0, -0.00, 0.00
10:51:21.370, 27.92, 27.69, 0.23, 0.00, 157, 0, -0.00, 0.00
10:51:22.412, 27.92, 27.69, 0.23, 0.00, 157, 0, -0.00, 0.00
10:51:23.432, 27.92, 27.69, 0.23, 0.00, 157, 0, -0.00, 0.00
10:51:24.445, 27.92, 27.69, 0.23, 0.00, 157, 0, -0.00, 0.00
10:51:25.477, 27.92, 27.69, 0.23, 0.00, 157, 0, -0.00, 0.00
10:51:26.481, 27.92, 27.69, 0.23, 0.00, 157, 0, -0.00, 0.00
10:51:27.527, 27.92, 27.69, 0.23, 0.00, 157, 0, 0.04, 0.00
10:51:28.551, 27.92, 27.69, 0.23, 0.00, 157, 0, -0.00, 0.00
10:51:29.581, 27.92, 27.69, 0.23, 0.00, 157, 0, -0.00, 0.00
10:51:30.574, 27.92, 27.69, 0.23, 0.00, 157, 0, -0.00, 0.00
10:51:31.618, 27.92, 27.69, 0.23, 0.00, 157, 0, 0.04, 0.00
10:51:32.626, 27.92, 27.69, 0.23, 0.00, 157, 0, 0.04, 0.00
10:51:33.676, 27.92, 27.69, 0.23, 0.00, 157, 0, -0.00, 0.00
10:51:34.694, 27.92, 27.69, 0.23, 0.00, 157, 0, -0.00, 0.00
10:51:35.700, 27.92, 27.69, 0.23, 0.00, 157, 0, -0.00, 0.00
10:51:36.743, 27.83, 27.69, 0.14, -0.09, 153, 0, 0.04, 0.00
10:51:37.746, 27.83, 27.69, 0.14, 0.00, 154, 0, -0.00, 0.00
10:51:38.771, 27.83, 27.69, 0.14, 0.00, 154, 0, 0.04, 0.00
10:51:39.783, 27.83, 27.69, 0.14, 0.00, 154, 0, -0.00, 0.00
10:51:40.827, 27.83, 27.69, 0.14, 0.00, 154, 0, -0.00, 0.00
10:51:41.837, 27.83, 27.69, 0.14, 0.00, 154, 0, -0.00, 0.00
10:51:42.862, 27.83, 27.69, 0.14, 0.00, 154, 0, -0.00, 0.00
10:51:43.879, 27.83, 27.69, 0.14, 0.00, 154, 0, -0.00, 0.00
10:51:44.919, 27.83, 27.69, 0.14, 0.00, 154, 0, -0.00, 0.00
10:51:45.944, 27.83, 27.69, 0.14, 0.00, 154, 0, -0.00, 0.00
10:51:46.948, 27.83, 27.69, 0.14, 0.00, 154, 0, -0.00, 0.00
10:51:47.972, 27.83, 27.69, 0.14, 0.00, 154, 0, -0.00, 0.00
10:51:49.019, 27.83, 27.69, 0.14, 0.00, 154, 0, 0.04, 0.00
10:51:50.044, 27.83, 27.69, 0.14, 0.00, 154, 0, 0.04, 0.00
10:51:51.040, 27.83, 27.69, 0.14, 0.00, 154, 0, -0.00, 0.00
10:51:52.097, 27.83, 27.69, 0.14, 0.00, 154, 0, 0.04, 0.00
10:51:53.080, 27.83, 27.69, 0.14, 0.00, 154, 0, -0.00, 0.00
10:51:54.128, 27.83, 27.69, 0.14, 0.00, 154, 0, 0.04, 0.00
10:51:55.130, 27.83, 27.69, 0.14, 0.00, 154, 0, 0.04, 0.00
10:51:56.171, 27.83, 27.69, 0.14, 0.00, 154, 0, -0.00, 0.00
10:51:57.205, 27.83, 27.69, 0.14, 0.00, 154, 0, -0.00, 0.00
10:51:58.233, 27.83, 27.69, 0.14, 0.00, 154, 0, -0.00, 0.00
10:51:59.245, 27.83, 27.69, 0.14, 0.00, 154, 0, -0.00, 0.00
10:52:00.261, 27.83, 27.69, 0.14, 0.00, 154, 0, 0.04, 0.00
10:52:01.298, 27.83, 27.69, 0.14, 0.00, 154, 0, -0.00, 0.00
10:52:02.311, 27.83, 27.69, 0.14, 0.00, 154, 0, 0.04, 0.00
10:52:03.331, 27.83, 27.69, 0.14, 0.00, 154, 0, -0.00, 0.00
10:52:04.348, 27.83, 27.69, 0.14, 0.00, 154, 0, -0.00, 0.00
10:52:05.386, 27.83, 27.69, 0.14, 0.00, 154, 0, -0.00, 0.00
10:52:06.392, 27.83, 27.69, 0.14, 0.00, 154, 0, -0.00, 0.00
10:52:07.421, 27.83, 27.69, 0.14, 0.00, 154, 0, -0.00, 0.00
10:52:08.457, 27.74, 27.69, 0.05, -0.09, 150, 0, -0.00, 0.00
10:52:09.469, 27.83, 27.69, 0.14, 0.09, 155, 0, -0.00, 0.00
10:52:10.496, 27.83, 27.69, 0.14, 0.00, 154, 0, -0.00, 0.00
10:52:11.499, 27.74, 27.69, 0.05, -0.09, 150, 0, -0.00, 0.00
10:52:12.555, 27.74, 27.69, 0.05, 0.00, 151, 0, -0.00, 0.00
10:52:13.561, 27.74, 27.69, 0.05, 0.00, 151, 0, -0.00, 0.00
10:52:14.573, 27.74, 27.69, 0.05, 0.00, 151, 0, 0.04, 0.00
10:52:15.597, 27.74, 27.69, 0.05, 0.00, 151, 0, -0.00, 0.00
10:52:16.643, 27.74, 27.69, 0.05, 0.00, 151, 0, 0.04, 0.00
10:52:17.666, 27.74, 27.69, 0.05, 0.00, 151, 0, -0.00, 0.00
10:52:18.683, 27.74, 27.69, 0.05, 0.00, 151, 0, -0.00, 0.00
10:52:19.690, 27.74, 27.69, 0.05, 0.00, 151, 0, -0.00, 0.00
10:52:20.725, 27.74, 27.69, 0.05, 0.00, 151, 0, -0.00, 0.00
10:52:21.738, 27.74, 27.69, 0.05, 0.00, 151, 0, -0.00, 0.00
10:52:22.760, 27.74, 27.69, 0.05, 0.00, 151, 0, 0.04, 0.00
10:52:23.786, 27.74, 27.69, 0.05, 0.00, 151, 0, -0.00, 0.00
10:52:24.802, 27.74, 27.69, 0.05, 0.00, 151, 0, -0.00, 0.00
10:52:25.860, 27.74, 27.69, 0.05, 0.00, 151, 0, 0.04, 0.00
10:52:26.863, 27.74, 27.69, 0.05, 0.00, 151, 0, -0.00, 0.00
10:52:27.876, 27.74, 27.69, 0.05, 0.00, 151, 0, -0.00, 0.00
10:52:28.900, 27.74, 27.69, 0.05, 0.00, 151, 0, -0.00, 0.00
10:52:29.946, 27.74, 27.69, 0.05, 0.00, 151, 0, 0.04, 0.00
10:52:30.965, 27.74, 27.69, 0.05, 0.00, 151, 0, 0.04, 0.00
10:52:31.977, 27.74, 27.69, 0.05, 0.00, 151, 0, -0.00, 0.00
10:52:33.000, 27.74, 27.69, 0.05, 0.00, 151, 0, -0.00, 0.00
10:52:34.010, 27.74, 27.69, 0.05, 0.00, 151, 0, 0.04, 0.00
10:52:35.045, 27.65, 27.69, -0.04, -0.09, 150, 0, -0.00, 0.00
10:52:36.067, 27.74, 27.69, 0.05, 0.09, 152, 65, -0.00, -54188.63
10:52:37.083, 27.65, 27.69, -0.04, -0.09, 150, 0, 1.16, 0.00
10:52:38.111, 27.65, 27.69, -0.04, 0.00, 151, 0, 0.04, 0.00
10:52:39.155, 27.65, 27.69, -0.04, 0.00, 151, 0, -0.00, 0.00
10:52:40.162, 27.65, 27.69, -0.04, 0.00, 151, 0, -0.00, 0.00
10:52:41.208, 27.65, 27.69, -0.04, 0.00, 151, 0, -0.00, 0.00
10:52:42.226, 27.65, 27.69, -0.04, 0.00, 151, 0, -0.00, 0.00
10:52:43.239, 27.65, 27.69, -0.04, 0.00, 151, 0, -0.00, 0.00
10:52:44.247, 27.65, 27.69, -0.04, 0.00, 151, 0, -0.00, 0.00
10:52:45.285, 27.65, 27.69, -0.04, 0.00, 151, 0, -0.00, 0.00
10:52:46.294, 27.65, 27.69, -0.04, 0.00, 151, 0, 0.04, 0.00
10:52:47.310, 27.65, 27.69, -0.04, 0.00, 151, 0, -0.00, 0.00
10:52:48.363, 27.65, 27.69, -0.04, 0.00, 151, 0, -0.00, 0.00
10:52:49.371, 27.65, 27.69, -0.04, 0.00, 151, 0, -0.00, 0.00
10:52:50.392, 27.65, 27.69, -0.04, 0.00, 151, 0, -0.00, 0.00
10:52:51.407, 27.65, 27.69, -0.04, 0.00, 151, 0, -0.00, 0.00
10:52:52.425, 27.65, 27.69, -0.04, 0.00, 151, 0, 0.04, 0.00
10:52:53.481, 27.65, 27.69, -0.04, 0.00, 151, 0, 0.04, 0.00
10:52:54.492, 27.65, 27.69, -0.04, 0.00, 151, 0, -0.00, 0.00
10:52:55.498, 27.65, 27.69, -0.04, 0.00, 151, 0, 0.04, 0.00
10:52:56.516, 27.65, 27.69, -0.04, 0.00, 151, 0, 0.04, 0.00
10:52:57.553, 27.65, 27.69, -0.04, 0.00, 151, 0, -0.00, 0.00
10:52:58.597, 27.65, 27.69, -0.04, 0.00, 151, 0, -0.00, 0.00
10:52:59.609, 27.65, 27.69, -0.04, 0.00, 151, 0, -0.00, 0.00
10:53:00.625, 27.65, 27.69, -0.04, 0.00, 151, 0, -0.00, 0.00
10:53:01.638, 27.65, 27.69, -0.04, 0.00, 151, 0, 0.04, 0.00
10:53:02.690, 27.56, 27.69, -0.13, -0.09, 147, 0, -0.00, 0.00
10:53:03.709, 27.56, 27.69, -0.13, 0.00, 148, 159, -0.00, -132553.71
10:53:04.716, 27.56, 27.69, -0.13, 0.00, 148, 159, 2.48, 64.17
10:53:05.742, 27.56, 27.69, -0.13, 0.00, 148, 159, 1.84, 86.45
10:53:06.752, 27.56, 27.69, -0.13, 0.00, 148, 159, 3.19, 49.82
10:53:07.787, 27.56, 27.69, -0.13, 0.00, 148, 159, 3.04, 52.28
10:53:08.800, 27.56, 27.69, -0.13, 0.00, 148, 159, 2.29, 69.43
10:53:09.819, 27.56, 27.69, -0.13, 0.00, 148, 159, 2.37, 67.23
10:53:10.875, 27.56, 27.69, -0.13, 0.00, 148, 159, 1.31, 121.06
10:53:11.878, 27.56, 27.69, -0.13, 0.00, 148, 159, 1.46, 108.63
10:53:12.914, 27.56, 27.69, -0.13, 0.00, 148, 159, 1.50, 105.91
10:53:13.937, 27.56, 27.69, -0.13, 0.00, 148, 159, 1.35, 117.69
10:53:14.961, 27.56, 27.69, -0.13, 0.00, 148, 159, 1.58, 100.87
10:53:15.978, 27.56, 27.69, -0.13, 0.00, 148, 159, 1.58, 100.87
10:53:17.003, 27.56, 27.69, -0.13, 0.00, 148, 159, 1.84, 86.45
10:53:18.033, 27.56, 27.69, -0.13, 0.00, 148, 159, 1.80, 88.25
10:53:19.034, 27.56, 27.69, -0.13, 0.00, 148, 159, 2.06, 77.01
10:53:20.059, 27.56, 27.69, -0.13, 0.00, 148, 159, 2.85, 55.72
10:53:21.091, 27.56, 27.69, -0.13, 0.00, 148, 159, 2.48, 64.17
10:53:22.114, 27.56, 27.69, -0.13, 0.00, 148, 159, 1.35, 117.69
10:53:23.136, 27.65, 27.69, -0.04, 0.09, 152, 65, 2.85, 22.78
10:53:24.166, 27.65, 27.69, -0.04, 0.00, 151, 0, 1.24, 0.00
10:53:25.182, 27.74, 27.69, 0.05, 0.09, 152, 65, -0.00, -54188.63
10:53:26.192, 27.74, 27.69, 0.05, 0.00, 151, 0, 0.45, 0.00
10:53:27.242, 27.83, 27.69, 0.14, 0.09, 155, 0, -0.00, 0.00
10:53:28.259, 27.83, 27.69, 0.14, 0.00, 154, 0, -0.00, 0.00
10:53:29.278, 27.83, 27.69, 0.14, 0.00, 154, 0, -0.00, 0.00
10:53:30.294, 27.92, 27.69, 0.23, 0.09, 158, 0, -0.00, 0.00
10:53:31.342, 27.92, 27.69, 0.23, 0.00, 157, 0, -0.00, 0.00
10:53:32.352, 28.01, 27.69, 0.32, 0.09, 161, 0, -0.00, 0.00
10:53:33.375, 28.01, 27.69, 0.32, 0.00, 160, 0, -0.00, 0.00
10:53:34.377, 28.01, 27.69, 0.32, 0.00, 160, 0, -0.00, 0.00
10:53:35.414, 28.01, 27.69, 0.32, 0.00, 160, 0, -0.00, 0.00
10:53:36.455, 28.10, 27.69, 0.41, 0.09, 164, 1, -0.00, -833.67
10:53:37.478, 28.10, 27.69, 0.41, 0.00, 163, 1, 0.07, 13.53
10:53:38.495, 28.10, 27.69, 0.41, 0.00, 163, 1, 0.15, 6.71
10:53:39.515, 28.10, 27.69, 0.41, 0.00, 163, 1, 0.04, 27.50
10:53:40.543, 28.10, 27.69, 0.41, 0.00, 163, 1, 0.04, 27.50
10:53:41.558, 28.10, 27.69, 0.41, 0.00, 163, 1, 0.04, 27.50
10:53:42.596, 28.10, 27.69, 0.41, 0.00, 163, 1, 0.07, 13.53
10:53:43.615, 28.10, 27.69, 0.41, 0.00, 163, 1, 0.07, 13.53
10:53:44.637, 28.10, 27.69, 0.41, 0.00, 163, 1, 0.07, 13.53
10:53:45.659, 28.10, 27.69, 0.41, 0.00, 163, 1, 0.07, 13.53
10:53:46.676, 28.20, 27.69, 0.50, 0.09, 167, 1, 0.07, 13.53
10:53:47.698, 28.10, 27.69, 0.41, -0.09, 162, 0, 0.07, 0.00
10:53:48.724, 28.10, 27.69, 0.41, 0.00, 163, 1, -0.00, -833.67
10:53:49.747, 28.10, 27.69, 0.41, 0.00, 163, 1, 0.11, 8.97
10:53:50.778, 28.20, 27.69, 0.50, 0.09, 167, 1, 0.11, 8.97
10:53:51.786, 28.20, 27.69, 0.50, 0.00, 166, 1, 0.04, 27.50
10:53:52.809, 28.10, 27.69, 0.41, -0.09, 162, 0, 0.04, 0.00
10:53:53.827, 28.10, 27.69, 0.41, 0.00, 163, 1, -0.00, -833.67
10:53:54.875, 28.10, 27.69, 0.41, 0.00, 163, 1, 0.07, 13.53
10:53:55.871, 28.10, 27.69, 0.41, 0.00, 163, 1, 0.07, 13.53
10:53:56.896, 28.10, 27.69, 0.41, 0.00, 163, 1, 0.07, 13.53
10:53:57.937, 28.10, 27.69, 0.41, 0.00, 163, 1, 0.11, 8.97
10:53:58.958, 28.10, 27.69, 0.41, 0.00, 163, 1, 0.04, 27.50
10:53:59.976, 28.10, 27.69, 0.41, 0.00, 163, 1, 0.04, 27.50
10:54:00.996, 28.10, 27.69, 0.41, 0.00, 163, 1, 0.04, 27.50
10:54:02.025, 28.10, 27.69, 0.41, 0.00, 163, 1, 0.04, 27.50
10:54:03.062, 28.10, 27.69, 0.41, 0.00, 163, 1, 0.04, 27.50
10:54:04.075, 28.10, 27.69, 0.41, 0.00, 163, 1, 0.11, 8.97
10:54:05.097, 28.10, 27.69, 0.41, 0.00, 163, 1, 0.07, 13.53
10:54:06.118, 28.10, 27.69, 0.41, 0.00, 163, 1, 0.04, 27.50
10:54:07.136, 28.10, 27.69, 0.41, 0.00, 163, 1, 0.04, 27.50
10:54:08.175, 28.10, 27.69, 0.41, 0.00, 163, 1, 0.07, 13.53
10:54:09.192, 28.10, 27.69, 0.41, 0.00, 163, 1, 0.07, 13.53
10:54:10.195, 28.10, 27.69, 0.41, 0.00, 163, 1, 0.11, 8.97
10:54:11.233, 28.10, 27.69, 0.41, 0.00, 163, 1, 0.15, 6.71
10:54:12.246, 28.01, 27.69, 0.32, -0.09, 159, 0, 0.11, 0.00
10:54:13.292, 28.01, 27.69, 0.32, 0.00, 160, 0, -0.00, 0.00
10:54:14.299, 28.01, 27.69, 0.32, 0.00, 160, 0, -0.00, 0.00
10:54:15.318, 28.10, 27.69, 0.41, 0.09, 164, 1, -0.00, -833.67
10:54:16.336, 28.01, 27.69, 0.32, -0.09, 159, 0, 0.04, 0.00
10:54:17.359, 28.01, 27.69, 0.32, 0.00, 160, 0, -0.00, 0.00
10:54:18.400, 28.01, 27.69, 0.32, 0.00, 160, 0, -0.00, 0.00
10:54:19.424, 28.01, 27.69, 0.32, 0.00, 160, 0, 0.04, 0.00
10:54:20.437, 28.01, 27.69, 0.32, 0.00, 160, 0, -0.00, 0.00
10:54:21.459, 28.01, 27.69, 0.32, 0.00, 160, 0, -0.00, 0.00
10:54:22.490, 28.01, 27.69, 0.32, 0.00, 160, 0, -0.00, 0.00
10:54:23.509, 28.01, 27.69, 0.32, 0.00, 160, 0, -0.00, 0.00
10:54:24.541, 28.01, 27.69, 0.32, 0.00, 160, 0, -0.00, 0.00
10:54:25.553, 28.01, 27.69, 0.32, 0.00, 160, 0, -0.00, 0.00
10:54:26.582, 28.01, 27.69, 0.32, 0.00, 160, 0, -0.00, 0.00
10:54:27.609, 28.01, 27.69, 0.32, 0.00, 160, 0, -0.00, 0.00
10:54:28.625, 28.01, 27.69, 0.32, 0.00, 160, 0, -0.00, 0.00
10:54:29.654, 28.01, 27.69, 0.32, 0.00, 160, 0, -0.00, 0.00
10:54:30.658, 28.01, 27.69, 0.32, 0.00, 160, 0, -0.00, 0.00
10:54:31.695, 28.01, 27.69, 0.32, 0.00, 160, 0, -0.00, 0.00
10:54:32.703, 28.01, 27.69, 0.32, 0.00, 160, 0, -0.00, 0.00
10:54:33.729, 28.01, 27.69, 0.32, 0.00, 160, 0, 0.04, 0.00
10:54:34.765, 27.92, 27.69, 0.23, -0.09, 156, 0, -0.00, 0.00
10:54:35.774, 28.01, 27.69, 0.32, 0.09, 161, 0, -0.00, 0.00
10:54:36.825, 27.92, 27.69, 0.23, -0.09, 156, 0, -0.00, 0.00
10:54:37.846, 28.01, 27.69, 0.32, 0.09, 161, 0, -0.00, 0.00
10:54:38.844, 27.92, 27.69, 0.23, -0.09, 156, 0, -0.00, 0.00
10:54:39.866, 28.01, 27.69, 0.32, 0.09, 161, 0, -0.00, 0.00
10:54:40.890, 27.92, 27.69, 0.23, -0.09, 156, 0, -0.00, 0.00
10:54:41.914, 27.92, 27.69, 0.23, 0.00, 157, 0, -0.00, 0.00
10:54:42.968, 27.92, 27.69, 0.23, 0.00, 157, 0, 0.04, 0.00
10:54:43.975, 27.92, 27.69, 0.23, 0.00, 157, 0, -0.00, 0.00
10:54:44.991, 27.92, 27.69, 0.23, 0.00, 157, 0, -0.00, 0.00
10:54:46.012, 27.92, 27.69, 0.23, 0.00, 157, 0, -0.00, 0.00
10:54:47.050, 27.92, 27.69, 0.23, 0.00, 157, 0, -0.00, 0.00
10:54:48.048, 27.92, 27.69, 0.23, 0.00, 157, 0, -0.00, 0.00
10:54:49.074, 27.92, 27.69, 0.23, 0.00, 157, 0, -0.00, 0.00
10:54:50.121, 27.92, 27.69, 0.23, 0.00, 157, 0, -0.00, 0.00
10:54:51.123, 27.92, 27.69, 0.23, 0.00, 157, 0, 0.04, 0.00
10:54:52.171, 27.92, 27.69, 0.23, 0.00, 157, 0, -0.00, 0.00
10:54:53.176, 27.92, 27.69, 0.23, 0.00, 157, 0, -0.00, 0.00
10:54:54.191, 27.92, 27.69, 0.23, 0.00, 157, 0, -0.00, 0.00
10:54:55.223, 27.92, 27.69, 0.23, 0.00, 157, 0, 0.04, 0.00
10:54:56.251, 27.92, 27.69, 0.23, 0.00, 157, 0, 0.04, 0.00
10:54:57.258, 27.92, 27.69, 0.23, 0.00, 157, 0, -0.00, 0.00
10:54:58.284, 27.92, 27.69, 0.23, 0.00, 157, 0, -0.00, 0.00
10:54:59.332, 27.92, 27.69, 0.23, 0.00, 157, 0, 0.04, 0.00
10:55:00.350, 27.92, 27.69, 0.23, 0.00, 157, 0, -0.00, 0.00
10:55:01.372, 27.92, 27.69, 0.23, 0.00, 157, 0, -0.00, 0.00
10:55:02.372, 27.92, 27.69, 0.23, 0.00, 157, 0, -0.00, 0.00
10:55:03.396, 27.92, 27.69, 0.23, 0.00, 157, 0, -0.00, 0.00
10:55:04.432, 27.92, 27.69, 0.23, 0.00, 157, 0, 0.04, 0.00
10:55:05.449, 27.92, 27.69, 0.23, 0.00, 157, 0, -0.00, 0.00
10:55:06.467, 27.92, 27.69, 0.23, 0.00, 157, 0, 0.04, 0.00
10:55:07.496, 27.92, 27.69, 0.23, 0.00, 157, 0, -0.00, 0.00
10:55:08.515, 27.92, 27.69, 0.23, 0.00, 157, 0, 0.04, 0.00
10:55:09.537, 27.83, 27.69, 0.14, -0.09, 153, 0, -0.00, 0.00
10:55:10.550, 27.92, 27.69, 0.23, 0.09, 158, 0, -0.00, 0.00
10:55:11.603, 27.92, 27.69, 0.23, 0.00, 157, 0, -0.00, 0.00
10:55:12.619, 27.92, 27.69, 0.23, 0.00, 157, 0, 0.04, 0.00
10:55:13.622, 27.92, 27.69, 0.23, 0.00, 157, 0, -0.00, 0.00
10:55:14.671, 27.83, 27.69, 0.14, -0.09, 153, 0, -0.00, 0.00
10:55:15.669, 27.83, 27.69, 0.14, 0.00, 154, 0, 0.04, 0.00
10:55:16.714, 27.83, 27.69, 0.14, 0.00, 154, 0, 0.04, 0.00
10:55:17.719, 27.83, 27.69, 0.14, 0.00, 154, 0, 0.04, 0.00
10:55:18.738, 27.83, 27.69, 0.14, 0.00, 154, 0, 0.04, 0.00
10:55:19.790, 27.83, 27.69, 0.14, 0.00, 154, 0, -0.00, 0.00
10:55:20.791, 27.83, 27.69, 0.14, 0.00, 154, 0, 0.04, 0.00
10:55:21.814, 27.83, 27.69, 0.14, 0.00, 154, 0, 0.04, 0.00
10:55:22.835, 27.83, 27.69, 0.14, 0.00, 154, 0, -0.00, 0.00
10:55:23.855, 27.83, 27.69, 0.14, 0.00, 154, 0, -0.00, 0.00
10:55:24.884, 27.83, 27.69, 0.14, 0.00, 154, 0, -0.00, 0.00
10:55:25.914, 27.83, 27.69, 0.14, 0.00, 154, 0, -0.00, 0.00
10:55:26.951, 27.83, 27.69, 0.14, 0.00, 154, 0, -0.00, 0.00
10:55:27.952, 27.83, 27.69, 0.14, 0.00, 154, 0, 0.04, 0.00
10:55:28.982, 27.83, 27.69, 0.14, 0.00, 154, 0, -0.00, 0.00
10:55:29.999, 27.83, 27.69, 0.14, 0.00, 154, 0, -0.00, 0.00
10:55:31.044, 27.83, 27.69, 0.14, 0.00, 154, 0, -0.00, 0.00
10:55:32.053, 27.83, 27.69, 0.14, 0.00, 154, 0, 0.04, 0.00
10:55:33.063, 27.83, 27.69, 0.14, 0.00, 154, 0, -0.00, 0.00
10:55:34.114, 27.83, 27.69, 0.14, 0.00, 154, 0, -0.00, 0.00
10:55:35.111, 27.83, 27.69, 0.14, 0.00, 154, 0, -0.00, 0.00
10:55:36.147, 27.83, 27.69, 0.14, 0.00, 154, 0, -0.00, 0.00
10:55:37.170, 27.83, 27.69, 0.14, 0.00, 154, 0, -0.00, 0.00
10:55:38.196, 27.83, 27.69, 0.14, 0.00, 154, 0, -0.00, 0.00
10:55:39.221, 27.83, 27.69, 0.14, 0.00, 154, 0, 0.04, 0.00
10:55:40.253, 27.83, 27.69, 0.14, 0.00, 154, 0, -0.00, 0.00
10:55:41.261, 27.83, 27.69, 0.14, 0.00, 154, 0, -0.00, 0.00
10:55:42.298, 27.83, 27.69, 0.14, 0.00, 154, 0, -0.00, 0.00
10:55:43.320, 27.74, 27.69, 0.05, -0.09, 150, 0, 0.04, 0.00
10:55:44.340, 27.74, 27.69, 0.05, 0.00, 151, 0, 0.04, 0.00
10:55:45.355, 27.74, 27.69, 0.05, 0.00, 151, 0, -0.00, 0.00
10:55:46.381, 27.74, 27.69, 0.05, 0.00, 151, 0, -0.00, 0.00
10:55:47.397, 27.74, 27.69, 0.05, 0.00, 151, 0, -0.00, 0.00
10:55:48.436, 27.74, 27.69, 0.05, 0.00, 151, 0, -0.00, 0.00
10:55:49.462, 27.74, 27.69, 0.05, 0.00, 151, 0, -0.00, 0.00
10:55:50.467, 27.74, 27.69, 0.05, 0.00, 151, 0, -0.00, 0.00
10:55:51.492, 27.74, 27.69, 0.05, 0.00, 151, 0, 0.04, 0.00
10:55:52.500, 27.74, 27.69, 0.05, 0.00, 151, 0, -0.00, 0.00
10:55:53.545, 27.74, 27.69, 0.05, 0.00, 151, 0, -0.00, 0.00
10:55:54.577, 27.74, 27.69, 0.05, 0.00, 151, 0, -0.00, 0.00
10:55:55.593, 27.74, 27.69, 0.05, 0.00, 151, 0, 0.04, 0.00
10:55:56.596, 27.74, 27.69, 0.05, 0.00, 151, 0, -0.00, 0.00
10:55:57.644, 27.74, 27.69, 0.05, 0.00, 151, 0, -0.00, 0.00
10:55:58.647, 27.74, 27.69, 0.05, 0.00, 151, 0, -0.00, 0.00
10:55:59.687, 27.74, 27.69, 0.05, 0.00, 151, 0, -0.00, 0.00
10:56:00.680, 27.74, 27.69, 0.05, 0.00, 151, 0, 0.04, 0.00
10:56:01.733, 27.74, 27.69, 0.05, 0.00, 151, 0, -0.00, 0.00
10:56:02.761, 27.74, 27.69, 0.05, 0.00, 151, 0, -0.00, 0.00
10:56:03.785, 27.74, 27.69, 0.05, 0.00, 151, 0, -0.00, 0.00
10:56:04.781, 27.74, 27.69, 0.05, 0.00, 151, 0, -0.00, 0.00
10:56:05.829, 27.74, 27.69, 0.05, 0.00, 151, 0, -0.00, 0.00
10:56:06.831, 27.65, 27.69, -0.04, -0.09, 150, 0, -0.00, 0.00
10:56:07.861, 27.65, 27.69, -0.04, 0.00, 151, 0, -0.00, 0.00
10:56:08.896, 27.65, 27.69, -0.04, 0.00, 151, 0, -0.00, 0.00
10:56:09.915, 27.65, 27.69, -0.04, 0.00, 151, 0, -0.00, 0.00
10:56:10.929, 27.65, 27.69, -0.04, 0.00, 151, 0, -0.00, 0.00
10:56:11.959, 27.65, 27.69, -0.04, 0.00, 151, 0, 0.04, 0.00
10:56:12.977, 27.65, 27.69, -0.04, 0.00, 151, 0, -0.00, 0.00
10:56:14.022, 27.65, 27.69, -0.04, 0.00, 151, 0, -0.00, 0.00
10:56:15.020, 27.65, 27.69, -0.04, 0.00, 151, 0, 0.04, 0.00
10:56:16.037, 27.65, 27.69, -0.04, 0.00, 151, 0, -0.00, 0.00
10:56:17.053, 27.65, 27.69, -0.04, 0.00, 151, 0, -0.00, 0.00
10:56:18.097, 27.65, 27.69, -0.04, 0.00, 151, 0, 0.04, 0.00
10:56:19.114, 27.65, 27.69, -0.04, 0.00, 151, 0, -0.00, 0.00
10:56:20.153, 27.65, 27.69, -0.04, 0.00, 151, 0, 0.04, 0.00
10:56:21.161, 27.65, 27.69, -0.04, 0.00, 151, 0, 0.04, 0.00
10:56:22.178, 27.65, 27.69, -0.04, 0.00, 151, 0, -0.00, 0.00
10:56:23.195, 27.65, 27.69, -0.04, 0.00, 151, 0, -0.00, 0.00
10:56:24.229, 27.65, 27.69, -0.04, 0.00, 151, 0, 0.04, 0.00
10:56:25.246, 27.65, 27.69, -0.04, 0.00, 151, 0, -0.00, 0.00
10:56:26.295, 27.65, 27.69, -0.04, 0.00, 151, 0, -0.00, 0.00
10:56:27.304, 27.65, 27.69, -0.04, 0.00, 151, 0, 0.04, 0.00
10:56:28.345, 27.65, 27.69, -0.04, 0.00, 151, 0, 0.04, 0.00
10:56:29.342, 27.65, 27.69, -0.04, 0.00, 151, 0, -0.00, 0.00
10:56:30.391, 27.65, 27.69, -0.04, 0.00, 151, 0, -0.00, 0.00
10:56:31.394, 27.65, 27.69, -0.04, 0.00, 151, 0, -0.00, 0.00
10:56:32.436, 27.56, 27.69, -0.13, -0.09, 147, 0, 0.04, 0.00
10:56:33.439, 27.56, 27.69, -0.13, 0.00, 148, 159, 0.04, 4372.87
10:56:34.453, 27.56, 27.69, -0.13, 0.00, 148, 159, 3.12, 51.02
10:56:35.493, 27.56, 27.69, -0.13, 0.00, 148, 159, 3.08, 51.64
10:56:36.527, 27.56, 27.69, -0.13, 0.00, 148, 159, 2.29, 69.43
10:56:37.547, 27.56, 27.69, -0.13, 0.00, 148, 159, 1.58, 100.87
10:56:38.546, 27.56, 27.69, -0.13, 0.00, 148, 159, 2.29, 69.43
10:56:39.578, 27.56, 27.69, -0.13, 0.00, 148, 159, 3.08, 51.64
10:56:40.586, 27.56, 27.69, -0.13, 0.00, 148, 159, 2.63, 60.50
10:56:41.612, 27.56, 27.69, -0.13, 0.00, 148, 159, 2.78, 57.23
10:56:42.651, 27.56, 27.69, -0.13, 0.00, 148, 159, 2.67, 59.65
10:56:43.688, 27.56, 27.69, -0.13, 0.00, 148, 159, 2.37, 67.23
10:56:44.699, 27.47, 27.69, -0.22, -0.09, 144, 0, 2.18, 0.00
10:56:45.721, 27.56, 27.69, -0.13, 0.09, 149, 57, 0.15, 382.45
10:56:46.759, 27.56, 27.69, -0.13, 0.00, 148, 159, 0.41, 385.96
10:56:47.775, 27.56, 27.69, -0.13, 0.00, 148, 159, 1.58, 100.87
10:56:48.796, 27.56, 27.69, -0.13, 0.00, 148, 159, 1.99, 79.92
10:56:49.799, 27.56, 27.69, -0.13, 0.00, 148, 159, 2.55, 62.28
10:56:50.817, 27.56, 27.69, -0.13, 0.00, 148, 159, 3.08, 51.64
10:56:51.877, 27.56, 27.69, -0.13, 0.00, 148, 159, 2.55, 62.28
10:56:52.886, 27.65, 27.69, -0.04, 0.09, 152, 65, 1.39, 46.81
10:56:53.899, 27.65, 27.69, -0.04, 0.00, 151, 0, 0.60, 0.00
10:56:54.928, 27.74, 27.69, 0.05, 0.09, 152, 65, 0.04, 1787.65
10:56:55.951, 27.74, 27.69, 0.05, 0.00, 151, 0, 1.88, 0.00
10:56:56.960, 27.74, 27.69, 0.05, 0.00, 151, 0, 0.04, 0.00
10:56:58.013, 27.83, 27.69, 0.14, 0.09, 155, 0, -0.00, 0.00
10:56:59.029, 27.83, 27.69, 0.14, 0.00, 154, 0, -0.00, 0.00
10:57:00.052, 27.83, 27.69, 0.14, 0.00, 154, 0, -0.00, 0.00
10:57:01.061, 27.92, 27.69, 0.23, 0.09, 158, 0, -0.00, 0.00
10:57:02.082, 27.92, 27.69, 0.23, 0.00, 157, 0, 0.04, 0.00
10:57:03.139, 27.92, 27.69, 0.23, 0.00, 157, 0, -0.00, 0.00
10:57:04.129, 28.01, 27.69, 0.32, 0.09, 161, 0, 0.04, 0.00
10:57:05.177, 28.01, 27.69, 0.32, 0.00, 160, 0, 0.04, 0.00
10:57:06.184, 28.01, 27.69, 0.32, 0.00, 160, 0, -0.00, 0.00
10:57:07.221, 28.01, 27.69, 0.32, 0.00, 160, 0, 0.04, 0.00
10:57:08.224, 28.01, 27.69, 0.32, 0.00, 160, 0, -0.00, 0.00
10:57:09.260, 28.01, 27.69, 0.32, 0.00, 160, 0, -0.00, 0.00
10:57:10.289, 28.01, 27.69, 0.32, 0.00, 160, 0, -0.00, 0.00
10:57:11.300, 28.10, 27.69, 0.41, 0.09, 164, 1, 0.15, 6.71
10:57:12.326, 28.10, 27.69, 0.41, 0.00, 163, 1, 0.11, 8.97
10:57:13.360, 28.10, 27.69, 0.41, 0.00, 163, 1, 0.11, 8.97
10:57:14.356, 28.10, 27.69, 0.41, 0.00, 163, 1, 0.11, 8.97
10:57:15.385, 28.10, 27.69, 0.41, 0.00, 163, 1, 0.04, 27.50
10:57:16.429, 28.10, 27.69, 0.41, 0.00, 163, 1, 0.04, 27.50
10:57:17.428, 28.10, 27.69, 0.41, 0.00, 163, 1, 0.04, 27.50
10:57:18.461, 28.10, 27.69, 0.41, 0.00, 163, 1, 0.07, 13.53
10:57:19.477, 28.10, 27.69, 0.41, 0.00, 163, 1, 0.07, 13.53
10:57:20.519, 28.10, 27.69, 0.41, 0.00, 163, 1, 0.11, 8.97
10:57:21.529, 28.10, 27.69, 0.41, 0.00, 163, 1, 0.11, 8.97
10:57:22.562, 28.10, 27.69, 0.41, 0.00, 163, 1, 0.07, 13.53
10:57:23.576, 28.01, 27.69, 0.32, -0.09, 159, 0, 0.15, 0.00
10:57:24.601, 28.01, 27.69, 0.32, 0.00, 160, 0, 0.04, 0.00
10:57:25.627, 28.01, 27.69, 0.32, 0.00, 160, 0, -0.00, 0.00
10:57:26.635, 28.01, 27.69, 0.32, 0.00, 160, 0, -0.00, 0.00
10:57:27.672, 28.01, 27.69, 0.32, 0.00, 160, 0, 0.04, 0.00
10:57:28.710, 28.01, 27.69, 0.32, 0.00, 160, 0, 0.04, 0.00
10:57:29.700, 28.01, 27.69, 0.32, 0.00, 160, 0, -0.00, 0.00
10:57:30.747, 28.01, 27.69, 0.32, 0.00, 160, 0, -0.00, 0.00
10:57:31.751, 28.01, 27.69, 0.32, 0.00, 160, 0, -0.00, 0.00
10:57:32.794, 28.01, 27.69, 0.32, 0.00, 160, 0, -0.00, 0.00
10:57:33.820, 28.01, 27.69, 0.32, 0.00, 160, 0, -0.00, 0.00
10:57:34.845, 28.01, 27.69, 0.32, 0.00, 160, 0, -0.00, 0.00
10:57:35.853, 28.01, 27.69, 0.32, 0.00, 160, 0, -0.00, 0.00
10:57:36.896, 28.01, 27.69, 0.32, 0.00, 160, 0, -0.00, 0.00
10:57:37.898, 28.01, 27.69, 0.32, 0.00, 160, 0, -0.00, 0.00
10:57:38.940, 28.01, 27.69, 0.32, 0.00, 160, 0, -0.00, 0.00
10:57:39.952, 28.01, 27.69, 0.32, 0.00, 160, 0, -0.00, 0.00
10:57:40.966, 28.01, 27.69, 0.32, 0.00, 160, 0, -0.00, 0.00
10:57:42.005, 28.01, 27.69, 0.32, 0.00, 160, 0, -0.00, 0.00
10:57:43.007, 28.01, 27.69, 0.32, 0.00, 160, 0, 0.04, 0.00
10:57:44.032, 28.01, 27.69, 0.32, 0.00, 160, 0, -0.00, 0.00
10:57:45.059, 27.92, 27.69, 0.23, -0.09, 156, 0, -0.00, 0.00
10:57:46.087, 27.92, 27.69, 0.23, 0.00, 157, 0, -0.00, 0.00
10:57:47.107, 27.92, 27.69, 0.23, 0.00, 157, 0, 0.04, 0.00
10:57:48.150, 27.92, 27.69, 0.23, 0.00, 157, 0, -0.00, 0.00
10:57:49.142, 27.92, 27.69, 0.23, 0.00, 157, 0, -0.00, 0.00
10:57:50.183, 27.92, 27.69, 0.23, 0.00, 157, 0, -0.00, 0.00
10:57:51.207, 27.92, 27.69, 0.23, 0.00, 157, 0, 0.04, 0.00
10:57:52.226, 27.92, 27.69, 0.23, 0.00, 157, 0, 0.04, 0.00
10:57:53.266, 27.92, 27.69, 0.23, 0.00, 157, 0, -0.00, 0.00
10:57:54.274, 27.92, 27.69, 0.23, 0.00, 157, 0, -0.00, 0.00
10:57:55.287, 27.92, 27.69, 0.23, 0.00, 157, 0, -0.00, 0.00
10:57:56.329, 27.92, 27.69, 0.23, 0.00, 157, 0, -0.00, 0.00
10:57:57.359, 27.92, 27.69, 0.23, 0.00, 157, 0, -0.00, 0.00
10:57:58.363, 27.92, 27.69, 0.23, 0.00, 157, 0, -0.00, 0.00
10:57:59.381, 27.92, 27.69, 0.23, 0.00, 157, 0, 0.04, 0.00
10:58:00.427, 27.92, 27.69, 0.23, 0.00, 157, 0, -0.00, 0.00
