// action matrix for training simulation 11_20200820-093404
const unsigned char q_actions[153] = {0, 254, 0, 0, 252, 248, 0, 238, 254, 0, 189, 189, 0, 254, 237, 0, 237, 184, 0, 3, 207, 0, 221, 0, 0, 224, 218, 0, 236, 236, 0, 244, 244, 0, 243, 243, 0, 111, 111, 0, 112, 195, 0, 188, 188, 0, 252, 252, 0, 235, 199, 0, 200, 166, 0, 220, 240, 0, 250, 252, 0, 147, 70, 0, 47, 191, 0, 238, 70, 0, 147, 178, 0, 87, 64, 0, 110, 9, 0, 155, 122, 0, 75, 226, 0, 197, 132, 0, 65, 243, 0, 126, 159, 0, 209, 99, 0, 175, 135, 0, 29, 140, 0, 251, 170, 0, 158, 146, 0, 179, 90, 0, 33, 31, 0, 131, 81, 0, 59, 137, 0, 102, 104, 0, 52, 102, 0, 187, 249, 0, 99, 118, 0, 224, 129, 0, 178, 243, 0, 97, 123, 0, 55, 100, 0, 0, 189, 0, 140, 62, 0, 0, 219};

09:39:37.530 -> Timestamp, Temperature (ยบC), Setpoint, Error, Delta_T, State, PWM output, Current, PWM / Current
09:39:38.594 -> 23.12, 0.00, 22.92, 23.12, 839, 0, 0.04, 0.00
09:39:39.613 -> 23.12, 0.00, 22.92, 0.00, 838, 0, -0.00, 0.00
09:39:40.616 -> 23.12, 0.00, 22.92, 0.00, 838, 0, -0.00, 0.00
09:39:41.663 -> 23.21, 0.00, 23.01, 0.09, 842, 0, 0.04, 0.00
09:39:42.662 -> 23.21, 0.00, 23.01, 0.00, 841, 0, 0.04, 0.00
09:39:43.692 -> 28.01
09:39:43.692 -> 23.21, 28.01, -5.00, 0.00, 1, 254, -0.00, -211752.48
09:39:44.701 -> 23.21, 28.01, -5.00, 0.00, 1, 254, 3.60, 70.47
09:39:45.742 -> 23.21, 28.01, -5.00, 0.00, 1, 254, 3.60, 70.47
09:39:46.771 -> 23.21, 28.01, -5.00, 0.00, 1, 254, 3.60, 70.47
09:39:47.797 -> 23.21, 28.01, -5.00, 0.00, 1, 254, 3.64, 69.74
09:39:48.818 -> 23.21, 28.01, -5.00, 0.00, 1, 254, 3.60, 70.47
09:39:49.818 -> 23.30, 28.01, -4.91, 0.09, 5, 248, 3.60, 68.80
09:39:50.857 -> 23.30, 28.01, -4.91, 0.00, 4, 252, 3.53, 71.40
09:39:51.878 -> 23.30, 28.01, -4.91, 0.00, 4, 252, 3.60, 69.91
09:39:52.918 -> 23.30, 28.01, -4.91, 0.00, 4, 252, 3.60, 69.91
09:39:53.934 -> 23.30, 28.01, -4.91, 0.00, 4, 252, 3.60, 69.91
09:39:54.943 -> 23.30, 28.01, -4.91, 0.00, 4, 252, 3.57, 70.65
09:39:55.959 -> 23.39, 28.01, -4.83, 0.09, 8, 254, 3.57, 71.21
09:39:56.999 -> 23.39, 28.01, -4.83, 0.00, 7, 238, 3.60, 66.03
09:39:58.031 -> 23.39, 28.01, -4.83, 0.00, 7, 238, 3.57, 66.72
09:39:59.043 -> 23.39, 28.01, -4.83, 0.00, 7, 238, 3.53, 67.43
09:40:00.068 -> 23.47, 28.01, -4.74, 0.09, 11, 189, 3.49, 54.13
09:40:01.073 -> 23.47, 28.01, -4.74, 0.00, 10, 189, 3.00, 62.92
09:40:02.102 -> 23.56, 28.01, -4.65, 0.09, 11, 189, 2.40, 78.66
09:40:03.139 -> 23.56, 28.01, -4.65, 0.00, 10, 189, 1.84, 102.76
09:40:04.172 -> 23.65, 28.01, -4.56, 0.09, 14, 237, 3.27, 72.55
09:40:05.197 -> 23.65, 28.01, -4.56, 0.00, 13, 254, 3.45, 73.53
09:40:06.215 -> 23.73, 28.01, -4.48, 0.09, 17, 184, 3.60, 51.05
09:40:07.235 -> 23.73, 28.01, -4.48, 0.00, 16, 237, 1.95, 121.42
09:40:08.268 -> 23.82, 28.01, -4.39, 0.09, 20, 207, 3.45, 59.92
09:40:09.263 -> 23.82, 28.01, -4.39, 0.00, 19, 3, 3.38, 0.89
09:40:10.312 -> 23.91, 28.01, -4.30, 0.09, 23, 0, 0.07, 0.00
09:40:11.313 -> 23.91, 28.01, -4.30, 0.00, 22, 221, 0.04, 6078.01
09:40:12.332 -> 23.91, 28.01, -4.30, 0.00, 22, 221, 3.08, 71.78
09:40:13.354 -> 24.00, 28.01, -4.22, 0.09, 26, 218, 2.85, 76.40
09:40:14.404 -> 24.00, 28.01, -4.22, 0.00, 25, 224, 2.59, 86.47
09:40:15.415 -> 24.08, 28.01, -4.13, 0.09, 29, 236, 3.38, 69.84
09:40:16.440 -> 24.08, 28.01, -4.13, 0.00, 28, 236, 3.49, 67.59
09:40:17.460 -> 24.08, 28.01, -4.13, 0.00, 28, 236, 3.49, 67.59
09:40:18.484 -> 24.17, 28.01, -4.04, 0.09, 32, 244, 3.45, 70.64
09:40:19.512 -> 24.17, 28.01, -4.04, 0.00, 31, 244, 3.42, 71.41
09:40:20.528 -> 24.17, 28.01, -4.04, 0.00, 31, 244, 3.45, 70.64
09:40:21.560 -> 24.26, 28.01, -3.95, 0.09, 32, 244, 3.57, 68.40
09:40:22.575 -> 24.26, 28.01, -3.95, 0.00, 31, 244, 3.57, 68.40
09:40:23.583 -> 24.26, 28.01, -3.95, 0.00, 31, 244, 3.53, 69.13
09:40:24.611 -> 24.35, 28.01, -3.86, 0.09, 35, 243, 3.53, 68.85
09:40:25.632 -> 24.35, 28.01, -3.86, 0.00, 34, 243, 3.45, 70.35
09:40:26.670 -> 24.35, 28.01, -3.86, 0.00, 34, 243, 3.57, 68.12
09:40:27.702 -> 24.43, 28.01, -3.78, 0.09, 38, 111, 3.57, 31.12
09:40:28.697 -> 24.43, 28.01, -3.78, 0.00, 37, 111, 0.64, 174.17
09:40:29.747 -> 24.52, 28.01, -3.69, 0.09, 41, 195, 0.64, 305.97
09:40:30.766 -> 24.52, 28.01, -3.69, 0.00, 40, 112, 2.82, 39.78
09:40:31.801 -> 24.52, 28.01, -3.69, 0.00, 40, 112, 1.43, 78.54
09:40:32.798 -> 24.61, 28.01, -3.60, 0.09, 44, 188, 2.03, 92.75
09:40:33.837 -> 24.61, 28.01, -3.60, 0.00, 43, 188, 3.19, 58.91
09:40:34.854 -> 24.70, 28.01, -3.51, 0.09, 47, 252, 3.23, 78.04
09:40:35.891 -> 24.70, 28.01, -3.51, 0.00, 46, 252, 3.57, 70.65
09:40:36.889 -> 24.70, 28.01, -3.51, 0.00, 46, 252, 3.60, 69.91
09:40:37.917 -> 24.70, 28.01, -3.51, 0.00, 46, 252, 3.60, 69.91
09:40:38.930 -> 24.79, 28.01, -3.42, 0.09, 50, 199, 3.57, 55.79
09:40:39.980 -> 24.79, 28.01, -3.42, 0.00, 49, 235, 2.63, 89.42
09:40:40.993 -> 24.87, 28.01, -3.34, 0.09, 53, 166, 3.53, 47.03
09:40:42.017 -> 24.87, 28.01, -3.34, 0.00, 52, 200, 2.14, 93.47
09:40:43.029 -> 24.87, 28.01, -3.34, 0.00, 52, 200, 2.74, 72.97
09:40:44.061 -> 24.96, 28.01, -3.25, 0.09, 56, 240, 3.42, 70.24
09:40:45.091 -> 24.96, 28.01, -3.25, 0.00, 55, 220, 3.49, 63.00
09:40:46.110 -> 24.96, 28.01, -3.25, 0.00, 55, 220, 3.08, 71.46
09:40:47.145 -> 25.05, 28.01, -3.16, 0.09, 56, 240, 2.97, 80.92
09:40:48.147 -> 25.05, 28.01, -3.16, 0.00, 55, 220, 3.45, 63.69
09:40:49.182 -> 25.14, 28.01, -3.07, 0.09, 59, 252, 3.49, 72.17
09:40:50.218 -> 25.14, 28.01, -3.07, 0.00, 58, 250, 3.57, 70.09
09:40:51.232 -> 25.14, 28.01, -3.07, 0.00, 58, 250, 3.60, 69.36
09:40:52.244 -> 25.23, 28.01, -2.98, 0.09, 62, 70, 3.57, 19.62
09:40:53.273 -> 25.32, 28.01, -2.89, 0.09, 65, 191, 0.98, 195.82
09:40:54.289 -> 25.32, 28.01, -2.89, 0.00, 64, 47, 2.06, 22.76
09:40:55.314 -> 25.41, 28.01, -2.81, 0.09, 68, 70, 0.30, 233.89
09:40:56.334 -> 25.41, 28.01, -2.81, 0.00, 67, 238, 0.67, 352.65
09:40:57.380 -> 25.41, 28.01, -2.81, 0.00, 67, 238, 3.49, 68.16
09:40:58.410 -> 25.49, 28.01, -2.72, 0.09, 71, 178, 3.45, 51.53
09:40:59.419 -> 25.49, 28.01, -2.72, 0.00, 70, 147, 2.29, 64.19
09:41:00.450 -> 25.58, 28.01, -2.63, 0.09, 74, 64, 1.35, 47.37
09:41:01.470 -> 25.67, 28.01, -2.54, 0.09, 77, 9, 0.37, 24.04
09:41:02.478 -> 25.67, 28.01, -2.54, 0.00, 76, 110, 0.07, 1488.08
09:41:03.515 -> 25.67, 28.01, -2.54, 0.00, 76, 110, 1.28, 86.22
09:41:04.525 -> 25.76, 28.01, -2.45, 0.09, 77, 9, 1.91, 4.70
09:41:05.544 -> 25.76, 28.01, -2.45, 0.00, 76, 110, 0.22, 490.72
09:41:06.562 -> 25.76, 28.01, -2.45, 0.00, 76, 110, 2.29, 48.04
09:41:07.603 -> 25.85, 28.01, -2.36, 0.09, 80, 122, 2.06, 59.09
09:41:08.627 -> 25.85, 28.01, -2.36, 0.00, 79, 155, 1.35, 114.73
09:41:09.635 -> 25.85, 28.01, -2.36, 0.00, 79, 155, 1.39, 111.63
09:41:10.662 -> 25.94, 28.01, -2.27, 0.09, 83, 226, 1.35, 167.29
09:41:11.683 -> 25.94, 28.01, -2.27, 0.00, 82, 75, 3.49, 21.48
09:41:12.699 -> 25.94, 28.01, -2.27, 0.00, 82, 75, 1.16, 64.48
09:41:13.739 -> 26.03, 28.01, -2.18, 0.09, 86, 132, 1.46, 90.19
09:41:14.777 -> 26.03, 28.01, -2.18, 0.00, 85, 197, 2.67, 73.91
09:41:15.783 -> 26.03, 28.01, -2.18, 0.00, 85, 197, 2.55, 77.17
09:41:16.814 -> 26.03, 28.01, -2.18, 0.00, 85, 197, 2.03, 97.19
09:41:17.841 -> 26.12, 28.01, -2.09, 0.09, 89, 243, 2.40, 101.14
09:41:18.851 -> 26.12, 28.01, -2.09, 0.00, 88, 65, 3.57, 18.22
09:41:19.875 -> 26.21, 28.01, -2.00, 0.09, 92, 159, 0.52, 303.06
09:41:20.903 -> 26.21, 28.01, -2.00, 0.00, 91, 126, 2.40, 52.44
09:41:21.928 -> 26.21, 28.01, -2.00, 0.00, 91, 126, 2.14, 58.89
09:41:22.936 -> 26.21, 28.01, -2.00, 0.00, 91, 126, 1.95, 64.55
09:41:23.980 -> 26.30, 28.01, -1.92, 0.09, 95, 99, 2.10, 47.09
09:41:25.003 -> 26.30, 28.01, -1.92, 0.00, 94, 209, 1.88, 111.36
09:41:26.006 -> 26.30, 28.01, -1.92, 0.00, 94, 209, 3.00, 69.58
09:41:27.032 -> 26.39, 28.01, -1.83, 0.09, 98, 135, 2.74, 49.26
09:41:28.061 -> 26.48, 28.01, -1.74, 0.09, 101, 140, 1.88, 74.59
09:41:29.104 -> 26.39, 28.01, -1.83, -0.09, 96, 0, 1.73, 0.00
09:41:30.111 -> 26.48, 28.01, -1.74, 0.09, 101, 140, 0.22, 624.55
09:41:31.142 -> 26.56, 28.01, -1.65, 0.09, 104, 170, 1.76, 96.37
09:41:32.176 -> 26.56, 28.01, -1.65, 0.00, 103, 251, 1.54, 163.12
09:41:33.179 -> 26.56, 28.01, -1.65, 0.00, 103, 251, 3.57, 70.37
09:41:34.221 -> 26.65, 28.01, -1.56, 0.09, 104, 170, 3.53, 48.17
09:41:35.221 -> 26.65, 28.01, -1.56, 0.00, 103, 251, 1.84, 136.47
09:41:36.260 -> 26.65, 28.01, -1.56, 0.00, 103, 251, 3.60, 69.63
09:41:37.268 -> 26.74, 28.01, -1.47, 0.09, 107, 146, 3.60, 40.50
09:41:38.294 -> 26.83, 28.01, -1.38, 0.09, 110, 90, 1.65, 54.50
09:41:39.329 -> 26.83, 28.01, -1.38, 0.00, 109, 179, 1.16, 153.89
09:41:40.348 -> 26.83, 28.01, -1.38, 0.00, 109, 179, 3.19, 56.09
09:41:41.381 -> 26.92, 28.01, -1.29, 0.09, 113, 31, 3.23, 9.60
09:41:42.384 -> 27.01, 28.01, -1.20, 0.09, 116, 81, 0.56, 144.08
09:41:43.418 -> 27.01, 28.01, -1.20, 0.00, 115, 131, 2.06, 63.45
09:41:44.422 -> 27.01, 28.01, -1.20, 0.00, 115, 131, 1.69, 77.56
09:41:45.449 -> 27.10, 28.01, -1.11, 0.09, 119, 137, 1.73, 79.35
09:41:46.496 -> 27.10, 28.01, -1.11, 0.00, 118, 59, 0.94, 62.91
09:41:47.525 -> 27.20, 28.01, -1.02, 0.09, 122, 104, 0.49, 213.52
09:41:48.519 -> 27.29, 28.01, -0.93, 0.09, 125, 102, 1.54, 66.29
09:41:49.570 -> 27.29, 28.01, -0.93, 0.00, 124, 52, 1.99, 26.14
09:41:50.587 -> 27.38, 28.01, -0.83, 0.09, 128, 249, 1.05, 237.03
09:41:51.614 -> 27.38, 28.01, -0.83, 0.00, 127, 187, 3.57, 52.42
09:41:52.643 -> 27.38, 28.01, -0.83, 0.00, 127, 187, 2.33, 80.34
09:41:53.662 -> 27.47, 28.01, -0.74, 0.09, 131, 118, 2.18, 54.20
09:41:54.683 -> 27.47, 28.01, -0.74, 0.00, 130, 99, 1.05, 94.24
09:41:55.679 -> 27.47, 28.01, -0.74, 0.00, 130, 99, 0.94, 105.57
09:41:56.722 -> 27.56, 28.01, -0.65, 0.09, 131, 118, 1.20, 98.27
09:41:57.738 -> 27.56, 28.01, -0.65, 0.00, 130, 99, 2.10, 47.09
09:41:58.749 -> 27.56, 28.01, -0.65, 0.00, 130, 99, 2.44, 40.57
09:41:59.800 -> 27.65, 28.01, -0.56, 0.09, 134, 129, 1.99, 64.84
09:42:00.828 -> 27.65, 28.01, -0.56, 0.00, 133, 224, 1.84, 121.79
09:42:01.829 -> 27.65, 28.01, -0.56, 0.00, 133, 224, 3.27, 68.57
09:42:02.845 -> 27.74, 28.01, -0.47, 0.09, 137, 243, 3.49, 69.59
09:42:03.893 -> 27.74, 28.01, -0.47, 0.00, 136, 178, 3.53, 50.43
09:42:04.888 -> 27.83, 28.01, -0.38, 0.09, 140, 123, 3.04, 40.44
09:42:05.937 -> 27.83, 28.01, -0.38, 0.00, 139, 97, 2.74, 35.39
09:42:06.967 -> 27.92, 28.01, -0.29, 0.09, 143, 100, 1.88, 53.28
09:42:07.984 -> 27.92, 28.01, -0.29, 0.00, 142, 55, 1.58, 34.89
09:42:08.978 -> 27.92, 28.01, -0.29, 0.00, 142, 55, 0.49, 112.92
09:42:10.035 -> 28.01, 28.01, -0.20, 0.09, 146, 189, 0.37, 504.81
09:42:11.059 -> 28.01, 28.01, -0.20, 0.00, 145, 0, 3.30, 0.00
09:42:12.079 -> 28.10, 28.01, -0.11, 0.09, 149, 62, 0.19, 332.26
09:42:13.087 -> 28.10, 28.01, -0.11, 0.00, 148, 140, 1.88, 74.59
09:42:14.127 -> 28.20, 28.01, -0.02, 0.09, 152, 219, 2.06, 106.07
09:42:15.121 -> 28.20, 28.01, -0.02, 0.00, 151, 0, 2.78, 0.00
09:42:16.149 -> 28.29, 28.01, 0.08, 0.09, 155, 0, -0.00, 0.00
09:42:17.194 -> 28.29, 28.01, 0.08, 0.00, 154, 0, -0.00, 0.00
09:42:18.218 -> 28.38, 28.01, 0.17, 0.09, 158, 0, 0.04, 0.00
09:42:19.216 -> 28.38, 28.01, 0.17, 0.00, 157, 0, 0.04, 0.00
09:42:20.245 -> 28.38, 28.01, 0.17, 0.00, 157, 0, -0.00, 0.00
09:42:21.263 -> 28.47, 28.01, 0.26, 0.09, 161, 0, -0.00, 0.00
09:42:22.301 -> 28.47, 28.01, 0.26, 0.00, 160, 0, -0.00, 0.00
09:42:23.326 -> 28.47, 28.01, 0.26, 0.00, 160, 0, -0.00, 0.00
09:42:24.330 -> 28.56, 28.01, 0.35, 0.09, 164, 0, 0.04, 0.00
09:42:25.373 -> 28.56, 28.01, 0.35, 0.00, 163, 0, 0.04, 0.00
09:42:26.404 -> 28.56, 28.01, 0.35, 0.00, 163, 0, 0.04, 0.00
09:42:27.396 -> 28.65, 28.01, 0.44, 0.09, 164, 0, -0.00, 0.00
09:42:28.452 -> 28.65, 28.01, 0.44, 0.00, 163, 0, -0.00, 0.00
09:42:29.459 -> 28.65, 28.01, 0.44, 0.00, 163, 0, -0.00, 0.00
09:42:30.500 -> 28.75, 28.01, 0.54, 0.09, 167, 0, -0.00, 0.00
09:42:31.520 -> 28.75, 28.01, 0.54, 0.00, 166, 0, -0.00, 0.00
09:42:32.541 -> 28.75, 28.01, 0.54, 0.00, 166, 0, -0.00, 0.00
09:42:33.543 -> 28.75, 28.01, 0.54, 0.00, 166, 0, -0.00, 0.00
09:42:34.596 -> 28.75, 28.01, 0.54, 0.00, 166, 0, -0.00, 0.00
09:42:35.586 -> 28.75, 28.01, 0.54, 0.00, 166, 0, -0.00, 0.00
09:42:36.612 -> 28.75, 28.01, 0.54, 0.00, 166, 0, -0.00, 0.00
09:42:37.651 -> 28.84, 28.01, 0.63, 0.09, 170, 0, -0.00, 0.00
09:42:38.660 -> 28.84, 28.01, 0.63, 0.00, 169, 0, 0.04, 0.00
09:42:39.684 -> 28.84, 28.01, 0.63, 0.00, 169, 0, -0.00, 0.00
09:42:40.724 -> 28.84, 28.01, 0.63, 0.00, 169, 0, -0.00, 0.00
09:42:41.746 -> 28.84, 28.01, 0.63, 0.00, 169, 0, 0.04, 0.00
09:42:42.744 -> 28.84, 28.01, 0.63, 0.00, 169, 0, -0.00, 0.00
09:42:43.771 -> 28.84, 28.01, 0.63, 0.00, 169, 0, -0.00, 0.00
09:42:44.815 -> 28.93, 28.01, 0.72, 0.09, 173, 0, 0.04, 0.00
09:42:45.836 -> 28.93, 28.01, 0.72, 0.00, 172, 0, 0.04, 0.00
09:42:46.865 -> 28.93, 28.01, 0.72, 0.00, 172, 0, -0.00, 0.00
09:42:47.883 -> 28.93, 28.01, 0.72, 0.00, 172, 0, -0.00, 0.00
09:42:48.905 -> 28.93, 28.01, 0.72, 0.00, 172, 0, -0.00, 0.00
09:42:49.927 -> 28.93, 28.01, 0.72, 0.00, 172, 0, 0.04, 0.00
09:42:50.965 -> 28.93, 28.01, 0.72, 0.00, 172, 0, -0.00, 0.00
09:42:51.987 -> 28.93, 28.01, 0.72, 0.00, 172, 0, -0.00, 0.00
09:42:52.978 -> 29.02, 28.01, 0.81, 0.09, 176, 0, -0.00, 0.00
09:42:54.005 -> 29.02, 28.01, 0.81, 0.00, 175, 0, -0.00, 0.00
09:42:55.052 -> 29.02, 28.01, 0.81, 0.00, 175, 0, -0.00, 0.00
09:42:56.069 -> 29.02, 28.01, 0.81, 0.00, 175, 0, -0.00, 0.00
09:42:57.093 -> 29.02, 28.01, 0.81, 0.00, 175, 0, -0.00, 0.00
09:42:58.125 -> 29.02, 28.01, 0.81, 0.00, 175, 0, -0.00, 0.00
09:42:59.142 -> 29.02, 28.01, 0.81, 0.00, 175, 0, -0.00, 0.00
09:43:00.286 -> 29.02, 28.01, 0.81, 0.00, 175, 0, 0.04, 0.00
09:43:01.165 -> 29.02, 28.01, 0.81, 0.00, 175, 0, -0.00, 0.00
09:43:02.215 -> 29.02, 28.01, 0.81, 0.00, 175, 0, -0.00, 0.00
09:43:03.232 -> 29.02, 28.01, 0.81, 0.00, 175, 0, -0.00, 0.00
09:43:04.251 -> 29.02, 28.01, 0.81, 0.00, 175, 0, 0.04, 0.00
09:43:05.256 -> 29.12, 28.01, 0.91, 0.09, 179, 0, -0.00, 0.00
09:43:06.313 -> 29.02, 28.01, 0.81, -0.09, 174, 0, -0.00, 0.00
09:43:07.321 -> 29.12, 28.01, 0.91, 0.09, 179, 0, -0.00, 0.00
09:43:08.329 -> 29.12, 28.01, 0.91, 0.00, 178, 0, -0.00, 0.00
09:43:09.376 -> 29.12, 28.01, 0.91, 0.00, 178, 0, -0.00, 0.00
09:43:10.398 -> 29.12, 28.01, 0.91, 0.00, 178, 0, -0.00, 0.00
09:43:11.422 -> 29.12, 28.01, 0.91, 0.00, 178, 0, 0.04, 0.00
09:43:12.420 -> 29.12, 28.01, 0.91, 0.00, 178, 0, -0.00, 0.00
09:43:13.460 -> 29.12, 28.01, 0.91, 0.00, 178, 0, -0.00, 0.00
09:43:14.488 -> 29.12, 28.01, 0.91, 0.00, 178, 0, 0.04, 0.00
09:43:15.510 -> 29.12, 28.01, 0.91, 0.00, 178, 0, 0.04, 0.00
09:43:16.542 -> 29.12, 28.01, 0.91, 0.00, 178, 0, -0.00, 0.00
09:43:17.534 -> 29.12, 28.01, 0.91, 0.00, 178, 0, -0.00, 0.00
09:43:18.556 -> 29.12, 28.01, 0.91, 0.00, 178, 0, -0.00, 0.00
09:43:19.583 -> 29.21, 28.01, 1.00, 0.09, 182, 0, 0.04, 0.00
09:43:20.634 -> 29.12, 28.01, 0.91, -0.09, 177, 0, -0.00, 0.00
09:43:21.647 -> 29.21, 28.01, 1.00, 0.09, 182, 0, 0.04, 0.00
09:43:22.654 -> 29.12, 28.01, 0.91, -0.09, 177, 0, 0.04, 0.00
09:43:23.693 -> 29.21, 28.01, 1.00, 0.09, 182, 0, -0.00, 0.00
09:43:24.696 -> 29.21, 28.01, 1.00, 0.00, 181, 0, -0.00, 0.00
09:43:25.755 -> 29.21, 28.01, 1.00, 0.00, 181, 0, 0.04, 0.00
09:43:26.759 -> 29.21, 28.01, 1.00, 0.00, 181, 0, -0.00, 0.00
09:43:27.785 -> 29.21, 28.01, 1.00, 0.00, 181, 0, -0.00, 0.00
09:43:28.807 -> 29.21, 28.01, 1.00, 0.00, 181, 0, -0.00, 0.00
09:43:29.835 -> 29.21, 28.01, 1.00, 0.00, 181, 0, -0.00, 0.00
09:43:30.846 -> 29.21, 28.01, 1.00, 0.00, 181, 0, -0.00, 0.00
09:43:31.883 -> 29.21, 28.01, 1.00, 0.00, 181, 0, -0.00, 0.00
09:43:32.896 -> 29.30, 28.01, 1.09, 0.09, 185, 0, -0.00, 0.00
09:43:33.927 -> 29.30, 28.01, 1.09, 0.00, 184, 0, -0.00, 0.00
09:43:34.950 -> 29.30, 28.01, 1.09, 0.00, 184, 0, -0.00, 0.00
09:43:35.969 -> 29.30, 28.01, 1.09, 0.00, 184, 0, 0.04, 0.00
09:43:37.003 -> 29.30, 28.01, 1.09, 0.00, 184, 0, -0.00, 0.00
09:43:38.018 -> 29.30, 28.01, 1.09, 0.00, 184, 0, -0.00, 0.00
09:43:48.652 -> 29.30, 28.01, 1.09, 0.00, 184, 0, -0.00, 0.00
09:43:48.652 -> 29.30, 28.01, 1.09, 0.00, 184, 0, 0.04, 0.00
09:43:48.652 -> 29.30, 28.01, 1.09, 0.00, 184, 0, -0.00, 0.00
09:43:48.652 -> 29.30, 28.01, 1.09, 0.00, 184, 0, -0.00, 0.00
09:43:48.652 -> 29.30, 28.01, 1.09, 0.00, 184, 0, -0.00, 0.00
09:43:48.652 -> 29.30, 28.01, 1.09, 0.00, 184, 0, -0.00, 0.00
09:43:48.652 -> 29.30, 28.01, 1.09, 0.00, 184, 0, -0.00, 0.00
09:43:48.652 -> 29.30, 28.01, 1.09, 0.00, 184, 0, 0.04, 0.00
09:43:48.652 -> 29.39, 28.01, 1.18, 0.09, 188, 0, -0.00, 0.00
09:43:48.652 -> 29.39, 28.01, 1.18, 0.00, 187, 0, -0.00, 0.00
09:43:52.393 -> 29.39, 28.01, 1.18, 0.00, 187, 0, -0.00, 0.00
09:43:52.393 -> 29.39, 28.01, 1.18, 0.00, 187, 0, 0.04, 0.00
09:43:52.393 -> 29.39, 28.01, 1.18, 0.00, 187, 0, -0.00, 0.00
09:43:52.393 -> 29.39, 28.01, 1.18, 0.00, 187, 0, -0.00, 0.00
09:44:02.425 -> 29.39, 28.01, 1.18, 0.00, 187, 0, -0.00, 0.00
09:44:02.425 -> 29.39, 28.01, 1.18, 0.00, 187, 0, -0.00, 0.00
09:44:02.425 -> 29.39, 28.01, 1.18, 0.00, 187, 0, -0.00, 0.00
09:44:02.425 -> 29.39, 28.01, 1.18, 0.00, 187, 0, 0.04, 0.00
09:44:02.425 -> 29.39, 28.01, 1.18, 0.00, 187, 0, 0.04, 0.00
09:44:02.425 -> 29.39, 28.01, 1.18, 0.00, 187, 0, 0.04, 0.00
09:44:02.425 -> 29.39, 28.01, 1.18, 0.00, 187, 0, -0.00, 0.00
09:44:02.425 -> 29.39, 28.01, 1.18, 0.00, 187, 0, -0.00, 0.00
09:44:02.425 -> 29.39, 28.01, 1.18, 0.00, 187, 0, -0.00, 0.00
09:44:09.638 -> 29.39, 28.01, 1.18, 0.00, 187, 0, -0.00, 0.00
09:44:09.638 -> 29.39, 28.01, 1.18, 0.00, 187, 0, 0.04, 0.00
09:44:09.638 -> 29.39, 28.01, 1.18, 0.00, 187, 0, 0.04, 0.00
09:44:09.638 -> 29.39, 28.01, 1.18, 0.00, 187, 0, -0.00, 0.00
09:44:09.638 -> 29.39, 28.01, 1.18, 0.00, 187, 0, -0.00, 0.00
09:44:09.638 -> 29.39, 28.01, 1.18, 0.00, 187, 0, -0.00, 0.00
09:44:09.638 -> 29.39, 28.01, 1.18, 0.00, 187, 0, -0.00, 0.00
09:44:09.744 -> 29.49, 28.01, 1.28, 0.09, 191, 0, -0.00, 0.00
09:44:10.755 -> 29.49, 28.01, 1.28, 0.00, 190, 0, -0.00, 0.00
09:44:11.787 -> 29.49, 28.01, 1.28, 0.00, 190, 0, 0.04, 0.00
09:44:12.785 -> 29.49, 28.01, 1.28, 0.00, 190, 0, -0.00, 0.00
09:44:13.810 -> 29.49, 28.01, 1.28, 0.00, 190, 0, -0.00, 0.00
09:44:14.839 -> 29.49, 28.01, 1.28, 0.00, 190, 0, -0.00, 0.00
09:44:15.858 -> 29.49, 28.01, 1.28, 0.00, 190, 0, -0.00, 0.00
09:44:16.906 -> 29.49, 28.01, 1.28, 0.00, 190, 0, -0.00, 0.00
09:44:17.905 -> 29.49, 28.01, 1.28, 0.00, 190, 0, -0.00, 0.00
09:44:18.937 -> 29.49, 28.01, 1.28, 0.00, 190, 0, -0.00, 0.00
09:44:19.960 -> 29.49, 28.01, 1.28, 0.00, 190, 0, 0.04, 0.00
09:44:21.002 -> 29.49, 28.01, 1.28, 0.00, 190, 0, -0.00, 0.00
09:44:22.023 -> 29.49, 28.01, 1.28, 0.00, 190, 0, -0.00, 0.00
09:44:23.028 -> 29.49, 28.01, 1.28, 0.00, 190, 0, -0.00, 0.00
09:44:24.048 -> 29.49, 28.01, 1.28, 0.00, 190, 0, -0.00, 0.00
09:44:25.077 -> 29.49, 28.01, 1.28, 0.00, 190, 0, -0.00, 0.00
09:44:26.099 -> 29.49, 28.01, 1.28, 0.00, 190, 0, 0.04, 0.00
09:44:27.130 -> 29.49, 28.01, 1.28, 0.00, 190, 0, 0.04, 0.00
09:44:28.170 -> 29.49, 28.01, 1.28, 0.00, 190, 0, 0.04, 0.00
09:44:29.167 -> 29.49, 28.01, 1.28, 0.00, 190, 0, -0.00, 0.00
09:44:30.189 -> 29.49, 28.01, 1.28, 0.00, 190, 0, -0.00, 0.00
09:44:31.226 -> 29.49, 28.01, 1.28, 0.00, 190, 0, -0.00, 0.00
09:44:32.246 -> 29.49, 28.01, 1.28, 0.00, 190, 0, -0.00, 0.00
09:44:33.266 -> 29.49, 28.01, 1.28, 0.00, 190, 0, 0.04, 0.00
09:44:34.292 -> 29.49, 28.01, 1.28, 0.00, 190, 0, -0.00, 0.00
09:44:35.316 -> 29.49, 28.01, 1.28, 0.00, 190, 0, -0.00, 0.00
09:44:36.355 -> 29.49, 28.01, 1.28, 0.00, 190, 0, -0.00, 0.00
09:44:37.363 -> 29.58, 28.01, 1.37, 0.09, 194, 0, -0.00, 0.00
09:44:38.378 -> 29.49, 28.01, 1.28, -0.09, 189, 0, -0.00, 0.00
09:44:39.394 -> 29.58, 28.01, 1.37, 0.09, 194, 0, -0.00, 0.00
09:44:40.415 -> 29.49, 28.01, 1.28, -0.09, 189, 0, -0.00, 0.00
09:44:41.442 -> 29.58, 28.01, 1.37, 0.09, 194, 0, -0.00, 0.00
09:44:42.475 -> 29.58, 28.01, 1.37, 0.00, 193, 0, -0.00, 0.00
09:44:43.482 -> 29.58, 28.01, 1.37, 0.00, 193, 0, -0.00, 0.00
09:44:44.508 -> 29.49, 28.01, 1.28, -0.09, 189, 0, -0.00, 0.00
09:44:45.552 -> 29.58, 28.01, 1.37, 0.09, 194, 0, -0.00, 0.00
09:44:46.573 -> 29.58, 28.01, 1.37, 0.00, 193, 0, -0.00, 0.00
09:44:47.602 -> 29.58, 28.01, 1.37, 0.00, 193, 0, 0.04, 0.00
09:44:48.603 -> 29.58, 28.01, 1.37, 0.00, 193, 0, -0.00, 0.00
09:44:49.639 -> 29.58, 28.01, 1.37, 0.00, 193, 0, -0.00, 0.00
09:44:50.671 -> 29.58, 28.01, 1.37, 0.00, 193, 0, -0.00, 0.00
09:44:51.683 -> 29.58, 28.01, 1.37, 0.00, 193, 0, -0.00, 0.00
09:44:52.702 -> 29.58, 28.01, 1.37, 0.00, 193, 0, 0.04, 0.00
09:44:53.734 -> 29.58, 28.01, 1.37, 0.00, 193, 0, -0.00, 0.00
09:44:54.751 -> 29.58, 28.01, 1.37, 0.00, 193, 0, -0.00, 0.00
09:44:55.761 -> 29.58, 28.01, 1.37, 0.00, 193, 0, -0.00, 0.00
09:44:56.789 -> 29.58, 28.01, 1.37, 0.00, 193, 0, -0.00, 0.00
09:44:57.823 -> 29.58, 28.01, 1.37, 0.00, 193, 0, -0.00, 0.00
09:44:58.835 -> 29.58, 28.01, 1.37, 0.00, 193, 0, 0.04, 0.00
09:44:59.859 -> 29.58, 28.01, 1.37, 0.00, 193, 0, -0.00, 0.00
09:45:00.884 -> 29.58, 28.01, 1.37, 0.00, 193, 0, -0.00, 0.00
09:45:01.907 -> 29.58, 28.01, 1.37, 0.00, 193, 0, -0.00, 0.00
09:45:02.933 -> 29.58, 28.01, 1.37, 0.00, 193, 0, -0.00, 0.00
09:45:03.967 -> 29.58, 28.01, 1.37, 0.00, 193, 0, -0.00, 0.00
09:45:04.978 -> 29.58, 28.01, 1.37, 0.00, 193, 0, -0.00, 0.00
09:45:06.013 -> 29.58, 28.01, 1.37, 0.00, 193, 0, -0.00, 0.00
09:45:07.040 -> 29.58, 28.01, 1.37, 0.00, 193, 0, -0.00, 0.00
09:45:08.072 -> 29.58, 28.01, 1.37, 0.00, 193, 0, -0.00, 0.00
09:45:09.064 -> 29.58, 28.01, 1.37, 0.00, 193, 0, 0.04, 0.00
09:45:19.944 -> 29.58, 28.01, 1.37, 0.00, 193, 0, -0.00, 0.00
09:45:19.944 -> 29.58, 28.01, 1.37, 0.00, 193, 0, -0.00, 0.00
09:45:19.944 -> 29.58, 28.01, 1.37, 0.00, 193, 0, -0.00, 0.00
09:45:19.944 -> 29.58, 28.01, 1.37, 0.00, 193, 0, -0.00, 0.00
09:45:19.944 -> 29.58, 28.01, 1.37, 0.00, 193, 0, -0.00, 0.00
09:45:19.944 -> 29.58, 28.01, 1.37, 0.00, 193, 0, 0.04, 0.00
09:45:19.944 -> 29.58, 28.01, 1.37, 0.00, 193, 0, -0.00, 0.00
09:45:19.944 -> 29.58, 28.01, 1.37, 0.00, 193, 0, -0.00, 0.00
09:45:19.944 -> 29.58, 28.01, 1.37, 0.00, 193, 0, -0.00, 0.00
09:45:19.944 -> 29.58, 28.01, 1.37, 0.00, 193, 0, 0.04, 0.00
09:45:22.393 -> 29.58, 28.01, 1.37, 0.00, 193, 0, 0.04, 0.00
09:45:22.393 -> 29.58, 28.01, 1.37, 0.00, 193, 0, 0.04, 0.00
09:45:22.393 -> 29.58, 28.01, 1.37, 0.00, 193, 0, -0.00, 0.00
09:45:32.426 -> 29.58, 28.01, 1.37, 0.00, 193, 0, -0.00, 0.00
09:45:32.426 -> 29.58, 28.01, 1.37, 0.00, 193, 0, -0.00, 0.00
09:45:32.426 -> 29.58, 28.01, 1.37, 0.00, 193, 0, -0.00, 0.00
09:45:32.426 -> 29.58, 28.01, 1.37, 0.00, 193, 0, -0.00, 0.00
09:45:32.426 -> 29.58, 28.01, 1.37, 0.00, 193, 0, 0.04, 0.00
09:45:32.426 -> 29.58, 28.01, 1.37, 0.00, 193, 0, -0.00, 0.00
09:45:32.426 -> 29.58, 28.01, 1.37, 0.00, 193, 0, -0.00, 0.00
09:45:32.426 -> 29.58, 28.01, 1.37, 0.00, 193, 0, 0.04, 0.00
09:45:32.426 -> 29.58, 28.01, 1.37, 0.00, 193, 0, -0.00, 0.00
09:45:35.970 -> 29.58, 28.01, 1.37, 0.00, 193, 0, -0.00, 0.00
09:45:35.970 -> 29.58, 28.01, 1.37, 0.00, 193, 0, 0.04, 0.00
09:45:35.970 -> 29.58, 28.01, 1.37, 0.00, 193, 0, -0.00, 0.00
09:45:35.970 -> 29.58, 28.01, 1.37, 0.00, 193, 0, -0.00, 0.00
09:45:36.697 -> 29.58, 28.01, 1.37, 0.00, 193, 0, -0.00, 0.00
09:45:37.724 -> 29.58, 28.01, 1.37, 0.00, 193, 0, -0.00, 0.00
09:45:38.746 -> 29.58, 28.01, 1.37, 0.00, 193, 0, -0.00, 0.00
09:45:39.771 -> 29.58, 28.01, 1.37, 0.00, 193, 0, -0.00, 0.00
09:45:40.790 -> 29.58, 28.01, 1.37, 0.00, 193, 0, -0.00, 0.00
09:45:41.806 -> 29.58, 28.01, 1.37, 0.00, 193, 0, -0.00, 0.00
09:45:42.856 -> 29.58, 28.01, 1.37, 0.00, 193, 0, -0.00, 0.00
09:45:43.874 -> 29.58, 28.01, 1.37, 0.00, 193, 0, -0.00, 0.00
09:45:44.903 -> 29.58, 28.01, 1.37, 0.00, 193, 0, -0.00, 0.00
09:45:45.901 -> 29.58, 28.01, 1.37, 0.00, 193, 0, -0.00, 0.00
09:45:46.951 -> 29.58, 28.01, 1.37, 0.00, 193, 0, 0.04, 0.00
09:45:47.967 -> 29.58, 28.01, 1.37, 0.00, 193, 0, -0.00, 0.00
09:45:48.969 -> 29.58, 28.01, 1.37, 0.00, 193, 0, -0.00, 0.00
09:45:49.998 -> 29.58, 28.01, 1.37, 0.00, 193, 0, -0.00, 0.00
09:45:51.030 -> 29.49, 28.01, 1.28, -0.09, 189, 0, -0.00, 0.00
09:45:52.052 -> 29.58, 28.01, 1.37, 0.09, 194, 0, -0.00, 0.00
09:45:53.065 -> 29.58, 28.01, 1.37, 0.00, 193, 0, 0.04, 0.00
09:45:54.086 -> 29.58, 28.01, 1.37, 0.00, 193, 0, -0.00, 0.00
09:45:55.144 -> 29.58, 28.01, 1.37, 0.00, 193, 0, -0.00, 0.00
09:45:56.143 -> 29.49, 28.01, 1.28, -0.09, 189, 0, 0.04, 0.00
09:45:57.179 -> 29.49, 28.01, 1.28, 0.00, 190, 0, -0.00, 0.00
09:45:58.185 -> 29.49, 28.01, 1.28, 0.00, 190, 0, -0.00, 0.00
09:45:59.215 -> 29.49, 28.01, 1.28, 0.00, 190, 0, -0.00, 0.00
09:46:00.241 -> 29.49, 28.01, 1.28, 0.00, 190, 0, -0.00, 0.00
09:46:01.274 -> 29.49, 28.01, 1.28, 0.00, 190, 0, -0.00, 0.00
09:46:02.291 -> 29.49, 28.01, 1.28, 0.00, 190, 0, -0.00, 0.00
09:46:03.319 -> 29.49, 28.01, 1.28, 0.00, 190, 0, -0.00, 0.00
09:46:04.342 -> 29.49, 28.01, 1.28, 0.00, 190, 0, -0.00, 0.00
09:46:05.364 -> 29.49, 28.01, 1.28, 0.00, 190, 0, -0.00, 0.00
09:46:06.375 -> 29.49, 28.01, 1.28, 0.00, 190, 0, -0.00, 0.00
09:46:07.404 -> 29.49, 28.01, 1.28, 0.00, 190, 0, -0.00, 0.00
09:46:08.416 -> 29.49, 28.01, 1.28, 0.00, 190, 0, 0.04, 0.00
09:46:09.446 -> 29.49, 28.01, 1.28, 0.00, 190, 0, 0.04, 0.00
09:46:10.471 -> 29.49, 28.01, 1.28, 0.00, 190, 0, -0.00, 0.00
09:46:11.483 -> 29.49, 28.01, 1.28, 0.00, 190, 0, -0.00, 0.00
09:46:12.520 -> 29.49, 28.01, 1.28, 0.00, 190, 0, -0.00, 0.00
09:46:13.536 -> 29.49, 28.01, 1.28, 0.00, 190, 0, -0.00, 0.00
09:46:14.563 -> 29.49, 28.01, 1.28, 0.00, 190, 0, -0.00, 0.00
09:46:15.585 -> 29.49, 28.01, 1.28, 0.00, 190, 0, 0.04, 0.00
09:46:16.604 -> 29.49, 28.01, 1.28, 0.00, 190, 0, -0.00, 0.00
09:46:17.628 -> 29.49, 28.01, 1.28, 0.00, 190, 0, -0.00, 0.00
09:46:18.645 -> 29.49, 28.01, 1.28, 0.00, 190, 0, -0.00, 0.00
09:46:19.668 -> 29.49, 28.01, 1.28, 0.00, 190, 0, -0.00, 0.00
09:46:20.715 -> 29.49, 28.01, 1.28, 0.00, 190, 0, -0.00, 0.00
09:46:21.732 -> 29.49, 28.01, 1.28, 0.00, 190, 0, -0.00, 0.00
09:46:22.738 -> 29.49, 28.01, 1.28, 0.00, 190, 0, -0.00, 0.00
09:46:23.768 -> 29.49, 28.01, 1.28, 0.00, 190, 0, -0.00, 0.00
09:46:24.813 -> 29.49, 28.01, 1.28, 0.00, 190, 0, -0.00, 0.00
09:46:25.833 -> 29.49, 28.01, 1.28, 0.00, 190, 0, -0.00, 0.00
09:46:26.853 -> 29.49, 28.01, 1.28, 0.00, 190, 0, -0.00, 0.00
09:46:27.855 -> 29.49, 28.01, 1.28, 0.00, 190, 0, 0.04, 0.00
09:46:28.876 -> 29.49, 28.01, 1.28, 0.00, 190, 0, -0.00, 0.00
09:46:29.911 -> 29.49, 28.01, 1.28, 0.00, 190, 0, 0.04, 0.00
09:46:30.925 -> 29.49, 28.01, 1.28, 0.00, 190, 0, -0.00, 0.00
09:46:31.946 -> 29.49, 28.01, 1.28, 0.00, 190, 0, -0.00, 0.00
09:46:32.970 -> 29.49, 28.01, 1.28, 0.00, 190, 0, -0.00, 0.00
09:46:33.997 -> 29.49, 28.01, 1.28, 0.00, 190, 0, -0.00, 0.00
09:46:35.047 -> 29.49, 28.01, 1.28, 0.00, 190, 0, -0.00, 0.00
09:46:36.065 -> 29.39, 28.01, 1.18, -0.09, 186, 0, 0.04, 0.00
09:46:37.089 -> 29.39, 28.01, 1.18, 0.00, 187, 0, -0.00, 0.00
09:46:38.108 -> 29.39, 28.01, 1.18, 0.00, 187, 0, -0.00, 0.00
09:46:39.120 -> 29.39, 28.01, 1.18, 0.00, 187, 0, -0.00, 0.00
09:46:40.136 -> 29.39, 28.01, 1.18, 0.00, 187, 0, -0.00, 0.00
09:46:41.156 -> 29.39, 28.01, 1.18, 0.00, 187, 0, -0.00, 0.00
09:46:42.206 -> 29.39, 28.01, 1.18, 0.00, 187, 0, -0.00, 0.00
09:46:43.205 -> 29.39, 28.01, 1.18, 0.00, 187, 0, -0.00, 0.00
09:46:44.248 -> 29.39, 28.01, 1.18, 0.00, 187, 0, 0.04, 0.00
09:46:45.272 -> 29.39, 28.01, 1.18, 0.00, 187, 0, -0.00, 0.00
09:46:46.282 -> 29.39, 28.01, 1.18, 0.00, 187, 0, -0.00, 0.00
09:46:47.306 -> 29.39, 28.01, 1.18, 0.00, 187, 0, -0.00, 0.00
09:46:48.330 -> 29.39, 28.01, 1.18, 0.00, 187, 0, -0.00, 0.00
09:46:49.353 -> 29.39, 28.01, 1.18, 0.00, 187, 0, -0.00, 0.00
09:46:50.385 -> 29.39, 28.01, 1.18, 0.00, 187, 0, -0.00, 0.00
09:46:51.411 -> 29.39, 28.01, 1.18, 0.00, 187, 0, -0.00, 0.00
09:46:52.427 -> 29.39, 28.01, 1.18, 0.00, 187, 0, -0.00, 0.00
09:46:53.454 -> 29.39, 28.01, 1.18, 0.00, 187, 0, -0.00, 0.00
09:46:54.462 -> 29.39, 28.01, 1.18, 0.00, 187, 0, -0.00, 0.00
09:46:55.490 -> 29.39, 28.01, 1.18, 0.00, 187, 0, -0.00, 0.00
09:46:56.520 -> 29.39, 28.01, 1.18, 0.00, 187, 0, -0.00, 0.00
09:46:57.538 -> 29.39, 28.01, 1.18, 0.00, 187, 0, -0.00, 0.00
09:46:58.558 -> 29.39, 28.01, 1.18, 0.00, 187, 0, -0.00, 0.00
09:46:59.576 -> 29.39, 28.01, 1.18, 0.00, 187, 0, -0.00, 0.00
09:47:00.600 -> 29.30, 28.01, 1.09, -0.09, 183, 0, -0.00, 0.00
09:47:01.618 -> 29.30, 28.01, 1.09, 0.00, 184, 0, -0.00, 0.00
09:47:02.664 -> 29.39, 28.01, 1.18, 0.09, 188, 0, -0.00, 0.00
09:47:03.691 -> 29.30, 28.01, 1.09, -0.09, 183, 0, -0.00, 0.00
09:47:04.703 -> 29.39, 28.01, 1.18, 0.09, 188, 0, -0.00, 0.00
09:47:05.724 -> 29.30, 28.01, 1.09, -0.09, 183, 0, 0.04, 0.00
09:47:06.764 -> 29.30, 28.01, 1.09, 0.00, 184, 0, -0.00, 0.00
09:47:07.776 -> 29.30, 28.01, 1.09, 0.00, 184, 0, -0.00, 0.00
09:47:08.803 -> 29.30, 28.01, 1.09, 0.00, 184, 0, -0.00, 0.00
09:47:09.811 -> 29.30, 28.01, 1.09, 0.00, 184, 0, -0.00, 0.00
09:47:11.628 -> 29.30, 28.01, 1.09, 0.00, 184, 0, -0.00, 0.00
09:47:13.041 -> 29.30, 28.01, 1.09, 0.00, 184, 0, 0.04, 0.00
09:47:13.041 -> 29.30, 28.01, 1.09, 0.00, 184, 0, -0.00, 0.00
09:47:23.071 -> 29.30, 28.01, 1.09, 0.00, 184, 0, -0.00, 0.00
09:47:23.071 -> 29.30, 28.01, 1.09, 0.00, 184, 0, -0.00, 0.00
09:47:23.071 -> 29.30, 28.01, 1.09, 0.00, 184, 0, -0.00, 0.00
09:47:23.071 -> 29.30, 28.01, 1.09, 0.00, 184, 0, -0.00, 0.00
09:47:23.071 -> 29.30, 28.01, 1.09, 0.00, 184, 0, -0.00, 0.00
09:47:23.071 -> 29.30, 28.01, 1.09, 0.00, 184, 0, -0.00, 0.00
09:47:23.071 -> 29.30, 28.01, 1.09, 0.00, 184, 0, -0.00, 0.00
09:47:23.071 -> 29.30, 28.01, 1.09, 0.00, 184, 0, -0.00, 0.00
09:47:23.071 -> 29.30, 28.01, 1.09, 0.00, 184, 0, -0.00, 0.00
09:47:23.223 -> 29.30, 28.01, 1.09, 0.00, 184, 0, -0.00, 0.00
09:47:30.226 -> 29.30, 28.01, 1.09, 0.00, 184, 0, -0.00, 0.00
09:47:30.226 -> 29.21, 28.01, 1.00, -0.09, 180, 0, -0.00, 0.00
09:47:30.226 -> 29.21, 28.01, 1.00, 0.00, 181, 0, -0.00, 0.00
09:47:30.226 -> 29.30, 28.01, 1.09, 0.09, 185, 0, -0.00, 0.00
09:47:30.226 -> 29.30, 28.01, 1.09, 0.00, 184, 0, -0.00, 0.00
09:47:30.226 -> 29.21, 28.01, 1.00, -0.09, 180, 0, -0.00, 0.00
09:47:31.849 -> 29.21, 28.01, 1.00, 0.00, 181, 0, -0.00, 0.00
09:47:31.849 -> 29.21, 28.01, 1.00, 0.00, 181, 0, 0.04, 0.00
09:47:37.684 -> 29.21, 28.01, 1.00, 0.00, 181, 0, -0.00, 0.00
09:47:37.684 -> 29.21, 28.01, 1.00, 0.00, 181, 0, -0.00, 0.00
09:47:37.684 -> 29.21, 28.01, 1.00, 0.00, 181, 0, 0.04, 0.00
09:47:37.684 -> 29.21, 28.01, 1.00, 0.00, 181, 0, -0.00, 0.00
09:47:37.684 -> 29.21, 28.01, 1.00, 0.00, 181, 0, -0.00, 0.00
09:47:37.684 -> 29.21, 28.01, 1.00, 0.00, 181, 0, -0.00, 0.00
09:47:44.890 -> 29.21, 28.01, 1.00, 0.00, 181, 0, 0.04, 0.00
09:47:44.890 -> 29.21, 28.01, 1.00, 0.00, 181, 0, -0.00, 0.00
09:47:44.890 -> 29.21, 28.01, 1.00, 0.00, 181, 0, -0.00, 0.00
09:47:44.890 -> 29.21, 28.01, 1.00, 0.00, 181, 0, 0.04, 0.00
09:47:44.890 -> 29.21, 28.01, 1.00, 0.00, 181, 0, -0.00, 0.00
09:47:44.890 -> 29.21, 28.01, 1.00, 0.00, 181, 0, -0.00, 0.00
09:47:44.890 -> 29.21, 28.01, 1.00, 0.00, 181, 0, 0.04, 0.00
09:47:49.426 -> 29.12, 28.01, 0.91, -0.09, 177, 0, -0.00, 0.00
09:47:49.426 -> 29.12, 28.01, 0.91, 0.00, 178, 0, -0.00, 0.00
09:47:49.426 -> 29.12, 28.01, 0.91, 0.00, 178, 0, -0.00, 0.00
09:47:49.426 -> 29.12, 28.01, 0.91, 0.00, 178, 0, -0.00, 0.00
09:47:51.909 -> 29.12, 28.01, 0.91, 0.00, 178, 0, -0.00, 0.00
09:47:51.909 -> 29.12, 28.01, 0.91, 0.00, 178, 0, -0.00, 0.00
09:47:51.909 -> 29.12, 28.01, 0.91, 0.00, 178, 0, -0.00, 0.00
09:47:52.810 -> 29.12, 28.01, 0.91, 0.00, 178, 0, -0.00, 0.00
09:47:53.830 -> 29.12, 28.01, 0.91, 0.00, 178, 0, -0.00, 0.00
09:47:54.847 -> 29.12, 28.01, 0.91, 0.00, 178, 0, -0.00, 0.00
09:47:55.872 -> 29.12, 28.01, 0.91, 0.00, 178, 0, -0.00, 0.00
09:47:56.893 -> 29.12, 28.01, 0.91, 0.00, 178, 0, -0.00, 0.00
09:47:57.922 -> 29.12, 28.01, 0.91, 0.00, 178, 0, -0.00, 0.00
09:47:58.941 -> 29.12, 28.01, 0.91, 0.00, 178, 0, -0.00, 0.00
09:47:59.938 -> 29.12, 28.01, 0.91, 0.00, 178, 0, -0.00, 0.00
09:48:00.992 -> 29.12, 28.01, 0.91, 0.00, 178, 0, 0.04, 0.00
09:48:01.990 -> 29.12, 28.01, 0.91, 0.00, 178, 0, -0.00, 0.00
09:48:03.022 -> 29.12, 28.01, 0.91, 0.00, 178, 0, -0.00, 0.00
09:48:04.062 -> 29.12, 28.01, 0.91, 0.00, 178, 0, -0.00, 0.00
09:48:05.063 -> 29.12, 28.01, 0.91, 0.00, 178, 0, -0.00, 0.00
09:48:06.085 -> 29.02, 28.01, 0.81, -0.09, 174, 0, -0.00, 0.00
09:48:07.110 -> 29.02, 28.01, 0.81, 0.00, 175, 0, -0.00, 0.00
09:48:08.159 -> 29.02, 28.01, 0.81, 0.00, 175, 0, -0.00, 0.00
09:48:09.154 -> 29.02, 28.01, 0.81, 0.00, 175, 0, -0.00, 0.00
09:48:10.171 -> 29.02, 28.01, 0.81, 0.00, 175, 0, 0.04, 0.00
09:48:11.201 -> 29.02, 28.01, 0.81, 0.00, 175, 0, -0.00, 0.00
09:48:12.238 -> 29.02, 28.01, 0.81, 0.00, 175, 0, -0.00, 0.00
09:48:13.240 -> 29.02, 28.01, 0.81, 0.00, 175, 0, 0.04, 0.00
09:48:14.272 -> 29.02, 28.01, 0.81, 0.00, 175, 0, 0.04, 0.00
09:48:15.303 -> 29.02, 28.01, 0.81, 0.00, 175, 0, -0.00, 0.00
09:48:16.320 -> 29.02, 28.01, 0.81, 0.00, 175, 0, 0.04, 0.00
09:48:17.343 -> 29.02, 28.01, 0.81, 0.00, 175, 0, -0.00, 0.00
09:48:18.368 -> 29.02, 28.01, 0.81, 0.00, 175, 0, 0.04, 0.00
09:48:19.387 -> 29.02, 28.01, 0.81, 0.00, 175, 0, -0.00, 0.00
09:48:20.406 -> 29.02, 28.01, 0.81, 0.00, 175, 0, -0.00, 0.00
09:48:21.443 -> 29.02, 28.01, 0.81, 0.00, 175, 0, 0.04, 0.00
09:48:22.474 -> 29.02, 28.01, 0.81, 0.00, 175, 0, -0.00, 0.00
09:48:23.498 -> 29.02, 28.01, 0.81, 0.00, 175, 0, -0.00, 0.00
09:48:24.522 -> 28.93, 28.01, 0.72, -0.09, 171, 0, -0.00, 0.00
09:48:25.521 -> 28.93, 28.01, 0.72, 0.00, 172, 0, -0.00, 0.00
09:48:26.547 -> 29.02, 28.01, 0.81, 0.09, 176, 0, -0.00, 0.00
09:48:27.595 -> 28.93, 28.01, 0.72, -0.09, 171, 0, -0.00, 0.00
09:48:28.619 -> 28.93, 28.01, 0.72, 0.00, 172, 0, 0.04, 0.00
09:48:29.635 -> 28.93, 28.01, 0.72, 0.00, 172, 0, -0.00, 0.00
09:48:30.666 -> 28.93, 28.01, 0.72, 0.00, 172, 0, -0.00, 0.00
09:48:31.660 -> 28.93, 28.01, 0.72, 0.00, 172, 0, -0.00, 0.00
09:48:32.685 -> 28.93, 28.01, 0.72, 0.00, 172, 0, 0.04, 0.00
09:48:33.723 -> 28.93, 28.01, 0.72, 0.00, 172, 0, -0.00, 0.00
09:48:34.735 -> 28.93, 28.01, 0.72, 0.00, 172, 0, 0.04, 0.00
09:48:35.759 -> 28.93, 28.01, 0.72, 0.00, 172, 0, -0.00, 0.00
09:48:36.801 -> 28.93, 28.01, 0.72, 0.00, 172, 0, -0.00, 0.00
09:48:37.831 -> 28.93, 28.01, 0.72, 0.00, 172, 0, -0.00, 0.00
09:48:38.825 -> 28.93, 28.01, 0.72, 0.00, 172, 0, -0.00, 0.00
09:48:39.865 -> 28.93, 28.01, 0.72, 0.00, 172, 0, -0.00, 0.00
09:48:40.888 -> 28.84, 28.01, 0.63, -0.09, 168, 0, -0.00, 0.00
09:48:41.920 -> 28.84, 28.01, 0.63, 0.00, 169, 0, -0.00, 0.00
09:48:42.940 -> 28.93, 28.01, 0.72, 0.09, 173, 0, -0.00, 0.00
09:48:43.969 -> 28.84, 28.01, 0.63, -0.09, 168, 0, -0.00, 0.00
09:48:44.978 -> 28.84, 28.01, 0.63, 0.00, 169, 0, 0.04, 0.00
09:48:45.996 -> 28.84, 28.01, 0.63, 0.00, 169, 0, -0.00, 0.00
09:48:47.014 -> 28.84, 28.01, 0.63, 0.00, 169, 0, -0.00, 0.00
09:48:48.032 -> 28.84, 28.01, 0.63, 0.00, 169, 0, -0.00, 0.00
09:48:49.069 -> 28.84, 28.01, 0.63, 0.00, 169, 0, -0.00, 0.00
09:48:50.105 -> 28.84, 28.01, 0.63, 0.00, 169, 0, -0.00, 0.00
09:48:51.106 -> 28.84, 28.01, 0.63, 0.00, 169, 0, 0.04, 0.00
09:48:52.141 -> 28.84, 28.01, 0.63, 0.00, 169, 0, -0.00, 0.00
09:48:53.161 -> 28.84, 28.01, 0.63, 0.00, 169, 0, -0.00, 0.00
09:48:54.197 -> 28.84, 28.01, 0.63, 0.00, 169, 0, -0.00, 0.00
09:48:55.202 -> 28.84, 28.01, 0.63, 0.00, 169, 0, 0.04, 0.00
09:48:56.236 -> 28.84, 28.01, 0.63, 0.00, 169, 0, -0.00, 0.00
09:48:57.244 -> 28.84, 28.01, 0.63, 0.00, 169, 0, 0.04, 0.00
09:48:58.279 -> 28.75, 28.01, 0.54, -0.09, 165, 0, 0.04, 0.00
09:48:59.302 -> 28.84, 28.01, 0.63, 0.09, 170, 0, -0.00, 0.00
09:49:00.335 -> 28.75, 28.01, 0.54, -0.09, 165, 0, -0.00, 0.00
09:49:01.336 -> 28.75, 28.01, 0.54, 0.00, 166, 0, -0.00, 0.00
09:49:02.365 -> 28.75, 28.01, 0.54, 0.00, 166, 0, -0.00, 0.00
09:49:03.401 -> 28.75, 28.01, 0.54, 0.00, 166, 0, -0.00, 0.00
09:49:04.416 -> 28.75, 28.01, 0.54, 0.00, 166, 0, -0.00, 0.00
09:49:05.451 -> 28.75, 28.01, 0.54, 0.00, 166, 0, -0.00, 0.00
09:49:06.461 -> 28.75, 28.01, 0.54, 0.00, 166, 0, -0.00, 0.00
09:49:07.484 -> 28.75, 28.01, 0.54, 0.00, 166, 0, -0.00, 0.00
09:49:08.522 -> 28.75, 28.01, 0.54, 0.00, 166, 0, -0.00, 0.00
09:49:09.520 -> 28.75, 28.01, 0.54, 0.00, 166, 0, -0.00, 0.00
09:49:10.543 -> 28.75, 28.01, 0.54, 0.00, 166, 0, -0.00, 0.00
09:49:11.578 -> 28.75, 28.01, 0.54, 0.00, 166, 0, -0.00, 0.00
09:49:12.598 -> 28.75, 28.01, 0.54, 0.00, 166, 0, -0.00, 0.00
09:49:13.622 -> 28.75, 28.01, 0.54, 0.00, 166, 0, -0.00, 0.00
09:49:14.654 -> 28.65, 28.01, 0.44, -0.09, 162, 0, 0.04, 0.00
09:49:15.694 -> 28.75, 28.01, 0.54, 0.09, 167, 0, 0.04, 0.00
09:49:16.714 -> 28.65, 28.01, 0.44, -0.09, 162, 0, -0.00, 0.00
09:49:17.712 -> 28.65, 28.01, 0.44, 0.00, 163, 0, -0.00, 0.00
09:49:18.730 -> 28.65, 28.01, 0.44, 0.00, 163, 0, -0.00, 0.00
09:49:19.762 -> 28.65, 28.01, 0.44, 0.00, 163, 0, -0.00, 0.00
09:49:20.779 -> 28.65, 28.01, 0.44, 0.00, 163, 0, -0.00, 0.00
09:49:21.802 -> 28.65, 28.01, 0.44, 0.00, 163, 0, -0.00, 0.00
09:49:22.828 -> 28.65, 28.01, 0.44, 0.00, 163, 0, 0.04, 0.00
09:49:23.865 -> 28.65, 28.01, 0.44, 0.00, 163, 0, -0.00, 0.00
09:49:24.891 -> 28.65, 28.01, 0.44, 0.00, 163, 0, 0.04, 0.00
09:49:25.914 -> 28.65, 28.01, 0.44, 0.00, 163, 0, -0.00, 0.00
09:49:26.940 -> 28.65, 28.01, 0.44, 0.00, 163, 0, -0.00, 0.00
09:49:27.967 -> 28.56, 28.01, 0.35, -0.09, 162, 0, -0.00, 0.00
09:49:28.980 -> 28.56, 28.01, 0.35, 0.00, 163, 0, -0.00, 0.00
09:49:30.015 -> 28.56, 28.01, 0.35, 0.00, 163, 0, -0.00, 0.00
09:49:31.027 -> 28.56, 28.01, 0.35, 0.00, 163, 0, -0.00, 0.00
09:49:32.047 -> 28.56, 28.01, 0.35, 0.00, 163, 0, -0.00, 0.00
09:49:33.054 -> 28.56, 28.01, 0.35, 0.00, 163, 0, -0.00, 0.00
09:49:34.077 -> 28.56, 28.01, 0.35, 0.00, 163, 0, -0.00, 0.00
09:49:35.101 -> 28.56, 28.01, 0.35, 0.00, 163, 0, -0.00, 0.00
09:49:36.141 -> 28.56, 28.01, 0.35, 0.00, 163, 0, 0.04, 0.00
09:49:37.159 -> 28.56, 28.01, 0.35, 0.00, 163, 0, -0.00, 0.00
09:49:38.175 -> 28.56, 28.01, 0.35, 0.00, 163, 0, -0.00, 0.00
09:49:39.203 -> 28.56, 28.01, 0.35, 0.00, 163, 0, -0.00, 0.00
09:49:40.216 -> 28.56, 28.01, 0.35, 0.00, 163, 0, -0.00, 0.00
09:49:41.246 -> 28.56, 28.01, 0.35, 0.00, 163, 0, -0.00, 0.00
09:49:42.291 -> 28.47, 28.01, 0.26, -0.09, 159, 0, -0.00, 0.00
09:49:43.314 -> 28.47, 28.01, 0.26, 0.00, 160, 0, -0.00, 0.00
09:49:44.331 -> 28.47, 28.01, 0.26, 0.00, 160, 0, -0.00, 0.00
09:49:45.336 -> 28.47, 28.01, 0.26, 0.00, 160, 0, -0.00, 0.00
09:49:46.355 -> 28.47, 28.01, 0.26, 0.00, 160, 0, -0.00, 0.00
09:49:47.377 -> 28.56, 28.01, 0.35, 0.09, 164, 0, -0.00, 0.00
09:49:48.405 -> 28.47, 28.01, 0.26, -0.09, 159, 0, -0.00, 0.00
09:49:49.426 -> 28.47, 28.01, 0.26, 0.00, 160, 0, 0.04, 0.00
09:49:50.457 -> 28.47, 28.01, 0.26, 0.00, 160, 0, -0.00, 0.00
09:49:51.479 -> 28.47, 28.01, 0.26, 0.00, 160, 0, 0.04, 0.00
09:49:52.500 -> 28.47, 28.01, 0.26, 0.00, 160, 0, -0.00, 0.00
09:49:53.517 -> 28.47, 28.01, 0.26, 0.00, 160, 0, 0.04, 0.00
09:49:54.541 -> 28.47, 28.01, 0.26, 0.00, 160, 0, -0.00, 0.00
09:49:55.590 -> 28.47, 28.01, 0.26, 0.00, 160, 0, 0.04, 0.00
09:49:56.608 -> 28.47, 28.01, 0.26, 0.00, 160, 0, -0.00, 0.00
09:49:57.616 -> 28.47, 28.01, 0.26, 0.00, 160, 0, 0.04, 0.00
09:49:58.649 -> 28.38, 28.01, 0.17, -0.09, 156, 0, -0.00, 0.00
09:49:59.677 -> 28.38, 28.01, 0.17, 0.00, 157, 0, -0.00, 0.00
09:50:00.696 -> 28.47, 28.01, 0.26, 0.09, 161, 0, -0.00, 0.00
09:50:01.712 -> 28.38, 28.01, 0.17, -0.09, 156, 0, -0.00, 0.00
09:50:02.753 -> 28.38, 28.01, 0.17, 0.00, 157, 0, -0.00, 0.00
09:50:03.774 -> 28.38, 28.01, 0.17, 0.00, 157, 0, 0.04, 0.00
09:50:04.784 -> 28.38, 28.01, 0.17, 0.00, 157, 0, -0.00, 0.00
09:50:05.802 -> 28.38, 28.01, 0.17, 0.00, 157, 0, 0.04, 0.00
09:50:06.827 -> 28.38, 28.01, 0.17, 0.00, 157, 0, -0.00, 0.00
09:50:07.843 -> 28.38, 28.01, 0.17, 0.00, 157, 0, -0.00, 0.00
09:50:08.874 -> 28.38, 28.01, 0.17, 0.00, 157, 0, -0.00, 0.00
09:50:09.901 -> 28.38, 28.01, 0.17, 0.00, 157, 0, -0.00, 0.00
09:50:10.921 -> 28.38, 28.01, 0.17, 0.00, 157, 0, 0.04, 0.00
09:50:11.960 -> 28.29, 28.01, 0.08, -0.09, 153, 0, -0.00, 0.00
09:50:12.967 -> 28.29, 28.01, 0.08, 0.00, 154, 0, 0.04, 0.00
09:50:14.013 -> 28.29, 28.01, 0.08, 0.00, 154, 0, -0.00, 0.00
09:50:15.020 -> 28.29, 28.01, 0.08, 0.00, 154, 0, -0.00, 0.00
09:50:16.057 -> 28.29, 28.01, 0.08, 0.00, 154, 0, -0.00, 0.00
09:50:17.084 -> 28.29, 28.01, 0.08, 0.00, 154, 0, -0.00, 0.00
09:50:18.077 -> 28.29, 28.01, 0.08, 0.00, 154, 0, -0.00, 0.00
09:50:19.117 -> 28.29, 28.01, 0.08, 0.00, 154, 0, -0.00, 0.00
09:50:20.136 -> 28.29, 28.01, 0.08, 0.00, 154, 0, 0.04, 0.00
09:50:21.141 -> 28.29, 28.01, 0.08, 0.00, 154, 0, -0.00, 0.00
09:50:22.186 -> 28.29, 28.01, 0.08, 0.00, 154, 0, -0.00, 0.00
09:50:23.188 -> 28.29, 28.01, 0.08, 0.00, 154, 0, -0.00, 0.00
09:50:24.217 -> 28.29, 28.01, 0.08, 0.00, 154, 0, -0.00, 0.00
09:50:25.236 -> 28.20, 28.01, -0.02, -0.09, 150, 0, -0.00, 0.00
09:50:26.270 -> 28.20, 28.01, -0.02, 0.00, 151, 0, -0.00, 0.00
09:50:27.281 -> 28.20, 28.01, -0.02, 0.00, 151, 0, -0.00, 0.00
09:50:28.310 -> 28.20, 28.01, -0.02, 0.00, 151, 0, 0.04, 0.00
09:50:29.329 -> 28.20, 28.01, -0.02, 0.00, 151, 0, -0.00, 0.00
09:50:30.362 -> 28.20, 28.01, -0.02, 0.00, 151, 0, -0.00, 0.00
09:50:31.402 -> 28.20, 28.01, -0.02, 0.00, 151, 0, -0.00, 0.00
09:50:32.410 -> 28.20, 28.01, -0.02, 0.00, 151, 0, -0.00, 0.00
09:50:33.434 -> 28.20, 28.01, -0.02, 0.00, 151, 0, -0.00, 0.00
09:50:34.466 -> 28.20, 28.01, -0.02, 0.00, 151, 0, -0.00, 0.00
09:50:35.465 -> 28.20, 28.01, -0.02, 0.00, 151, 0, 0.04, 0.00
09:50:36.498 -> 28.20, 28.01, -0.02, 0.00, 151, 0, -0.00, 0.00
09:50:37.520 -> 28.20, 28.01, -0.02, 0.00, 151, 0, -0.00, 0.00
09:50:38.560 -> 28.10, 28.01, -0.11, -0.09, 147, 0, -0.00, 0.00
09:50:39.568 -> 28.10, 28.01, -0.11, 0.00, 148, 140, 0.04, 3850.32
09:50:40.607 -> 28.10, 28.01, -0.11, 0.00, 148, 140, 2.97, 47.20
09:50:41.610 -> 28.10, 28.01, -0.11, 0.00, 148, 140, 2.93, 47.81
09:50:42.636 -> 28.10, 28.01, -0.11, 0.00, 148, 140, 2.40, 58.27
09:50:43.673 -> 28.10, 28.01, -0.11, 0.00, 148, 140, 1.73, 81.09
09:50:44.699 -> 28.10, 28.01, -0.11, 0.00, 148, 140, 1.95, 71.72
09:50:45.708 -> 28.10, 28.01, -0.11, 0.00, 148, 140, 1.28, 109.73
09:50:46.755 -> 28.10, 28.01, -0.11, 0.00, 148, 140, 1.16, 120.36
09:50:47.747 -> 28.10, 28.01, -0.11, 0.00, 148, 140, 0.98, 143.54
09:50:48.785 -> 28.10, 28.01, -0.11, 0.00, 148, 140, 1.58, 88.81
09:50:49.822 -> 28.10, 28.01, -0.11, 0.00, 148, 140, 1.20, 116.60
09:50:50.848 -> 28.10, 28.01, -0.11, 0.00, 148, 140, 1.09, 128.67
09:50:51.876 -> 28.10, 28.01, -0.11, 0.00, 148, 140, 1.35, 103.63
09:50:52.871 -> 28.10, 28.01, -0.11, 0.00, 148, 140, 1.43, 98.17
09:50:53.891 -> 28.01, 28.01, -0.20, -0.09, 144, 0, 1.54, 0.00
09:50:54.926 -> 28.10, 28.01, -0.11, 0.09, 149, 62, 0.15, 415.99
09:50:55.960 -> 28.10, 28.01, -0.11, 0.00, 148, 140, 0.49, 287.43
09:50:56.983 -> 28.10, 28.01, -0.11, 0.00, 148, 140, 1.35, 103.63
09:50:58.016 -> 28.10, 28.01, -0.11, 0.00, 148, 140, 2.06, 67.81
09:50:59.029 -> 28.10, 28.01, -0.11, 0.00, 148, 140, 2.85, 49.06
09:51:00.048 -> 28.10, 28.01, -0.11, 0.00, 148, 140, 3.00, 46.61
09:51:01.076 -> 28.20, 28.01, -0.02, 0.09, 152, 219, 2.74, 79.91
09:51:02.080 -> 28.20, 28.01, -0.02, 0.00, 151, 0, 2.74, 0.00
09:51:03.120 -> 28.29, 28.01, 0.08, 0.09, 155, 0, -0.00, 0.00
09:51:04.153 -> 28.29, 28.01, 0.08, 0.00, 154, 0, 0.04, 0.00
09:51:05.176 -> 28.29, 28.01, 0.08, 0.00, 154, 0, -0.00, 0.00
09:51:06.196 -> 28.38, 28.01, 0.17, 0.09, 158, 0, -0.00, 0.00
09:51:07.219 -> 28.38, 28.01, 0.17, 0.00, 157, 0, 0.04, 0.00
09:51:08.241 -> 28.38, 28.01, 0.17, 0.00, 157, 0, -0.00, 0.00
09:51:09.252 -> 28.47, 28.01, 0.26, 0.09, 161, 0, 0.04, 0.00
09:51:10.280 -> 28.47, 28.01, 0.26, 0.00, 160, 0, -0.00, 0.00
09:51:11.306 -> 28.47, 28.01, 0.26, 0.00, 160, 0, 0.04, 0.00
09:51:12.305 -> 28.47, 28.01, 0.26, 0.00, 160, 0, -0.00, 0.00
09:51:13.340 -> 28.47, 28.01, 0.26, 0.00, 160, 0, -0.00, 0.00
09:51:14.371 -> 28.56, 28.01, 0.35, 0.09, 164, 0, -0.00, 0.00
09:51:15.393 -> 28.56, 28.01, 0.35, 0.00, 163, 0, -0.00, 0.00
09:51:16.429 -> 28.56, 28.01, 0.35, 0.00, 163, 0, -0.00, 0.00
09:51:17.449 -> 28.56, 28.01, 0.35, 0.00, 163, 0, 0.04, 0.00
09:51:18.462 -> 28.56, 28.01, 0.35, 0.00, 163, 0, 0.04, 0.00
09:51:19.465 -> 28.56, 28.01, 0.35, 0.00, 163, 0, -0.00, 0.00
09:51:20.521 -> 28.56, 28.01, 0.35, 0.00, 163, 0, 0.04, 0.00
09:51:21.515 -> 28.56, 28.01, 0.35, 0.00, 163, 0, -0.00, 0.00
09:51:22.571 -> 28.56, 28.01, 0.35, 0.00, 163, 0, -0.00, 0.00
09:51:23.563 -> 28.56, 28.01, 0.35, 0.00, 163, 0, -0.00, 0.00
09:51:24.606 -> 28.56, 28.01, 0.35, 0.00, 163, 0, -0.00, 0.00
09:51:25.608 -> 28.56, 28.01, 0.35, 0.00, 163, 0, 0.04, 0.00
09:51:26.657 -> 28.56, 28.01, 0.35, 0.00, 163, 0, -0.00, 0.00
09:51:27.671 -> 28.56, 28.01, 0.35, 0.00, 163, 0, -0.00, 0.00
09:51:28.686 -> 28.56, 28.01, 0.35, 0.00, 163, 0, -0.00, 0.00
09:51:29.705 -> 28.56, 28.01, 0.35, 0.00, 163, 0, 0.04, 0.00
09:51:30.756 -> 28.56, 28.01, 0.35, 0.00, 163, 0, -0.00, 0.00
09:51:31.769 -> 28.56, 28.01, 0.35, 0.00, 163, 0, 0.04, 0.00
09:51:32.789 -> 28.56, 28.01, 0.35, 0.00, 163, 0, -0.00, 0.00
09:51:33.829 -> 28.56, 28.01, 0.35, 0.00, 163, 0, -0.00, 0.00
09:51:34.846 -> 28.56, 28.01, 0.35, 0.00, 163, 0, -0.00, 0.00
09:51:35.864 -> 28.56, 28.01, 0.35, 0.00, 163, 0, -0.00, 0.00
09:51:36.882 -> 28.56, 28.01, 0.35, 0.00, 163, 0, -0.00, 0.00
09:51:37.919 -> 28.56, 28.01, 0.35, 0.00, 163, 0, 0.04, 0.00
09:51:38.943 -> 28.56, 28.01, 0.35, 0.00, 163, 0, -0.00, 0.00
09:51:39.960 -> 28.56, 28.01, 0.35, 0.00, 163, 0, 0.04, 0.00
09:51:40.979 -> 28.56, 28.01, 0.35, 0.00, 163, 0, -0.00, 0.00
09:51:42.006 -> 28.56, 28.01, 0.35, 0.00, 163, 0, 0.04, 0.00
09:51:43.014 -> 28.56, 28.01, 0.35, 0.00, 163, 0, -0.00, 0.00
09:51:44.043 -> 28.47, 28.01, 0.26, -0.09, 159, 0, -0.00, 0.00
09:51:45.084 -> 28.47, 28.01, 0.26, 0.00, 160, 0, 0.04, 0.00
09:51:46.110 -> 28.47, 28.01, 0.26, 0.00, 160, 0, -0.00, 0.00
09:51:47.112 -> 28.47, 28.01, 0.26, 0.00, 160, 0, -0.00, 0.00
09:51:48.126 -> 28.47, 28.01, 0.26, 0.00, 160, 0, -0.00, 0.00
09:51:49.170 -> 28.47, 28.01, 0.26, 0.00, 160, 0, 0.04, 0.00
09:51:50.172 -> 28.47, 28.01, 0.26, 0.00, 160, 0, -0.00, 0.00
09:51:51.203 -> 28.47, 28.01, 0.26, 0.00, 160, 0, 0.04, 0.00
09:51:52.230 -> 28.47, 28.01, 0.26, 0.00, 160, 0, -0.00, 0.00
09:51:53.239 -> 28.47, 28.01, 0.26, 0.00, 160, 0, -0.00, 0.00
09:51:54.284 -> 28.47, 28.01, 0.26, 0.00, 160, 0, 0.04, 0.00
09:51:55.294 -> 28.47, 28.01, 0.26, 0.00, 160, 0, -0.00, 0.00
09:51:56.313 -> 28.47, 28.01, 0.26, 0.00, 160, 0, 0.04, 0.00
09:51:57.346 -> 28.47, 28.01, 0.26, 0.00, 160, 0, -0.00, 0.00
09:51:58.359 -> 28.47, 28.01, 0.26, 0.00, 160, 0, -0.00, 0.00
09:51:59.401 -> 28.47, 28.01, 0.26, 0.00, 160, 0, -0.00, 0.00
09:52:00.416 -> 28.47, 28.01, 0.26, 0.00, 160, 0, -0.00, 0.00
09:52:01.439 -> 28.47, 28.01, 0.26, 0.00, 160, 0, -0.00, 0.00
09:52:02.481 -> 28.38, 28.01, 0.17, -0.09, 156, 0, 0.04, 0.00
09:52:03.488 -> 28.38, 28.01, 0.17, 0.00, 157, 0, -0.00, 0.00
09:52:04.527 -> 28.38, 28.01, 0.17, 0.00, 157, 0, -0.00, 0.00
09:52:05.548 -> 28.38, 28.01, 0.17, 0.00, 157, 0, -0.00, 0.00
09:52:06.561 -> 28.38, 28.01, 0.17, 0.00, 157, 0, -0.00, 0.00
09:52:07.582 -> 28.38, 28.01, 0.17, 0.00, 157, 0, -0.00, 0.00
09:52:08.595 -> 28.38, 28.01, 0.17, 0.00, 157, 0, 0.04, 0.00
09:52:17.613 -> 28.38, 28.01, 0.17, 0.00, 157, 0, -0.00, 0.00
09:52:17.613 -> 28.38, 28.01, 0.17, 0.00, 157, 0, -0.00, 0.00
09:52:17.613 -> 28.38, 28.01, 0.17, 0.00, 157, 0, 0.04, 0.00
09:52:17.613 -> 28.38, 28.01, 0.17, 0.00, 157, 0, -0.00, 0.00
09:52:17.613 -> 28.38, 28.01, 0.17, 0.00, 157, 0, -0.00, 0.00
09:52:17.613 -> 28.38, 28.01, 0.17, 0.00, 157, 0, -0.00, 0.00
09:52:17.613 -> 28.38, 28.01, 0.17, 0.00, 157, 0, 0.04, 0.00
09:52:17.613 -> 28.38, 28.01, 0.17, 0.00, 157, 0, -0.00, 0.00
09:52:18.585 -> 28.38, 28.01, 0.17, 0.00, 157, 0, -0.00, 0.00
09:52:18.832 -> 28.38, 28.01, 0.17, 0.00, 157, 0, -0.00, 0.00
09:52:19.866 -> 28.38, 28.01, 0.17, 0.00, 157, 0, 0.04, 0.00
09:52:20.886 -> 28.38, 28.01, 0.17, 0.00, 157, 0, -0.00, 0.00
09:52:21.927 -> 28.38, 28.01, 0.17, 0.00, 157, 0, -0.00, 0.00
09:52:22.923 -> 28.38, 28.01, 0.17, 0.00, 157, 0, -0.00, 0.00
09:52:23.940 -> 28.38, 28.01, 0.17, 0.00, 157, 0, -0.00, 0.00
09:52:24.963 -> 28.38, 28.01, 0.17, 0.00, 157, 0, -0.00, 0.00
09:52:26.018 -> 28.38, 28.01, 0.17, 0.00, 157, 0, 0.04, 0.00
09:52:27.012 -> 28.38, 28.01, 0.17, 0.00, 157, 0, -0.00, 0.00
09:52:28.033 -> 28.38, 28.01, 0.17, 0.00, 157, 0, -0.00, 0.00
09:52:29.058 -> 28.38, 28.01, 0.17, 0.00, 157, 0, -0.00, 0.00
09:52:30.079 -> 28.29, 28.01, 0.08, -0.09, 153, 0, -0.00, 0.00
09:52:31.104 -> 28.29, 28.01, 0.08, 0.00, 154, 0, 0.04, 0.00
09:52:32.127 -> 28.29, 28.01, 0.08, 0.00, 154, 0, -0.00, 0.00
09:52:33.149 -> 28.29, 28.01, 0.08, 0.00, 154, 0, -0.00, 0.00
09:52:34.181 -> 28.29, 28.01, 0.08, 0.00, 154, 0, -0.00, 0.00
09:52:35.201 -> 28.29, 28.01, 0.08, 0.00, 154, 0, -0.00, 0.00
09:52:36.224 -> 28.29, 28.01, 0.08, 0.00, 154, 0, -0.00, 0.00
09:52:37.267 -> 28.29, 28.01, 0.08, 0.00, 154, 0, -0.00, 0.00
09:52:38.282 -> 28.29, 28.01, 0.08, 0.00, 154, 0, 0.04, 0.00
09:52:39.312 -> 28.29, 28.01, 0.08, 0.00, 154, 0, 0.04, 0.00
09:52:40.315 -> 28.29, 28.01, 0.08, 0.00, 154, 0, -0.00, 0.00
09:52:41.342 -> 28.29, 28.01, 0.08, 0.00, 154, 0, 0.04, 0.00
09:52:42.370 -> 28.29, 28.01, 0.08, 0.00, 154, 0, 0.04, 0.00
09:52:43.402 -> 28.29, 28.01, 0.08, 0.00, 154, 0, -0.00, 0.00
09:52:44.421 -> 28.29, 28.01, 0.08, 0.00, 154, 0, -0.00, 0.00
09:52:45.437 -> 28.29, 28.01, 0.08, 0.00, 154, 0, 0.04, 0.00
09:52:46.473 -> 28.29, 28.01, 0.08, 0.00, 154, 0, -0.00, 0.00
09:52:47.484 -> 28.29, 28.01, 0.08, 0.00, 154, 0, -0.00, 0.00
09:52:48.503 -> 28.29, 28.01, 0.08, 0.00, 154, 0, 0.04, 0.00
09:52:49.538 -> 28.29, 28.01, 0.08, 0.00, 154, 0, -0.00, 0.00
09:52:50.555 -> 28.29, 28.01, 0.08, 0.00, 154, 0, -0.00, 0.00
09:52:51.589 -> 28.29, 28.01, 0.08, 0.00, 154, 0, -0.00, 0.00
09:52:52.598 -> 28.29, 28.01, 0.08, 0.00, 154, 0, -0.00, 0.00
09:52:53.635 -> 28.29, 28.01, 0.08, 0.00, 154, 0, -0.00, 0.00
09:52:54.644 -> 28.29, 28.01, 0.08, 0.00, 154, 0, 0.04, 0.00
09:52:55.674 -> 28.29, 28.01, 0.08, 0.00, 154, 0, -0.00, 0.00
09:52:56.704 -> 28.20, 28.01, -0.02, -0.09, 150, 0, 0.04, 0.00
09:52:57.707 -> 28.20, 28.01, -0.02, 0.00, 151, 0, -0.00, 0.00
09:52:58.737 -> 28.20, 28.01, -0.02, 0.00, 151, 0, 0.04, 0.00
09:52:59.785 -> 28.20, 28.01, -0.02, 0.00, 151, 0, -0.00, 0.00
09:53:00.806 -> 28.20, 28.01, -0.02, 0.00, 151, 0, 0.04, 0.00
09:53:01.811 -> 28.20, 28.01, -0.02, 0.00, 151, 0, -0.00, 0.00
09:53:02.851 -> 28.20, 28.01, -0.02, 0.00, 151, 0, 0.04, 0.00
09:53:03.875 -> 28.20, 28.01, -0.02, 0.00, 151, 0, -0.00, 0.00
09:53:04.902 -> 28.20, 28.01, -0.02, 0.00, 151, 0, -0.00, 0.00
09:53:05.891 -> 28.20, 28.01, -0.02, 0.00, 151, 0, -0.00, 0.00
09:53:06.912 -> 28.20, 28.01, -0.02, 0.00, 151, 0, -0.00, 0.00
09:53:07.946 -> 28.20, 28.01, -0.02, 0.00, 151, 0, -0.00, 0.00
09:53:08.963 -> 28.20, 28.01, -0.02, 0.00, 151, 0, -0.00, 0.00
09:53:09.988 -> 28.20, 28.01, -0.02, 0.00, 151, 0, 0.04, 0.00
09:53:11.035 -> 28.20, 28.01, -0.02, 0.00, 151, 0, 0.04, 0.00
09:53:12.056 -> 28.20, 28.01, -0.02, 0.00, 151, 0, -0.00, 0.00
09:53:13.073 -> 28.20, 28.01, -0.02, 0.00, 151, 0, 0.04, 0.00
09:53:14.104 -> 28.20, 28.01, -0.02, 0.00, 151, 0, -0.00, 0.00
09:53:15.098 -> 28.20, 28.01, -0.02, 0.00, 151, 0, 0.04, 0.00
09:53:16.128 -> 28.20, 28.01, -0.02, 0.00, 151, 0, -0.00, 0.00
09:53:17.176 -> 28.20, 28.01, -0.02, 0.00, 151, 0, -0.00, 0.00
09:53:18.200 -> 28.20, 28.01, -0.02, 0.00, 151, 0, -0.00, 0.00
09:53:19.192 -> 28.10, 28.01, -0.11, -0.09, 147, 0, -0.00, 0.00
09:53:20.241 -> 28.10, 28.01, -0.11, 0.00, 148, 140, 0.15, 939.34
09:53:21.273 -> 28.10, 28.01, -0.11, 0.00, 148, 140, 2.33, 60.15
09:53:22.264 -> 28.10, 28.01, -0.11, 0.00, 148, 140, 2.33, 60.15
09:53:23.317 -> 28.10, 28.01, -0.11, 0.00, 148, 140, 2.06, 67.81
09:53:24.312 -> 28.10, 28.01, -0.11, 0.00, 148, 140, 2.44, 57.37
09:53:25.344 -> 28.10, 28.01, -0.11, 0.00, 148, 140, 2.14, 65.43
09:53:26.385 -> 28.10, 28.01, -0.11, 0.00, 148, 140, 2.40, 58.27
09:53:27.380 -> 28.10, 28.01, -0.11, 0.00, 148, 140, 2.48, 56.50
09:53:28.420 -> 28.10, 28.01, -0.11, 0.00, 148, 140, 2.52, 55.66
09:53:29.445 -> 28.10, 28.01, -0.11, 0.00, 148, 140, 2.44, 57.37
09:53:30.481 -> 28.10, 28.01, -0.11, 0.00, 148, 140, 2.52, 55.66
09:53:31.488 -> 28.10, 28.01, -0.11, 0.00, 148, 140, 2.63, 53.27
09:53:32.521 -> 28.10, 28.01, -0.11, 0.00, 148, 140, 2.52, 55.66
09:53:33.524 -> 28.10, 28.01, -0.11, 0.00, 148, 140, 2.25, 62.16
09:53:34.558 -> 28.10, 28.01, -0.11, 0.00, 148, 140, 2.21, 63.21
09:53:35.588 -> 28.10, 28.01, -0.11, 0.00, 148, 140, 1.95, 71.72
09:53:36.622 -> 28.10, 28.01, -0.11, 0.00, 148, 140, 1.99, 70.37
09:53:37.619 -> 28.10, 28.01, -0.11, 0.00, 148, 140, 1.65, 84.77
09:53:38.641 -> 28.10, 28.01, -0.11, 0.00, 148, 140, 1.46, 95.65
09:53:39.657 -> 28.20, 28.01, -0.02, 0.09, 152, 219, 1.54, 142.32
09:53:40.683 -> 28.20, 28.01, -0.02, 0.00, 151, 0, 2.55, 0.00
09:53:41.714 -> 28.20, 28.01, -0.02, 0.00, 151, 0, -0.00, 0.00
09:53:42.742 -> 28.29, 28.01, 0.08, 0.09, 155, 0, -0.00, 0.00
09:53:43.755 -> 28.29, 28.01, 0.08, 0.00, 154, 0, -0.00, 0.00
09:53:44.788 -> 28.29, 28.01, 0.08, 0.00, 154, 0, -0.00, 0.00
09:53:45.801 -> 28.38, 28.01, 0.17, 0.09, 158, 0, -0.00, 0.00
09:53:46.850 -> 28.38, 28.01, 0.17, 0.00, 157, 0, -0.00, 0.00
09:53:47.862 -> 28.38, 28.01, 0.17, 0.00, 157, 0, 0.04, 0.00
09:53:48.886 -> 28.47, 28.01, 0.26, 0.09, 161, 0, 0.04, 0.00
09:53:49.917 -> 28.47, 28.01, 0.26, 0.00, 160, 0, -0.00, 0.00
09:53:50.947 -> 28.47, 28.01, 0.26, 0.00, 160, 0, 0.04, 0.00
09:53:51.955 -> 28.47, 28.01, 0.26, 0.00, 160, 0, -0.00, 0.00
09:53:52.980 -> 28.47, 28.01, 0.26, 0.00, 160, 0, 0.04, 0.00
09:53:54.002 -> 28.47, 28.01, 0.26, 0.00, 160, 0, 0.04, 0.00
09:53:55.034 -> 28.56, 28.01, 0.35, 0.09, 164, 0, -0.00, 0.00
09:53:56.063 -> 28.56, 28.01, 0.35, 0.00, 163, 0, -0.00, 0.00
09:53:57.060 -> 28.56, 28.01, 0.35, 0.00, 163, 0, 0.04, 0.00
09:53:58.101 -> 28.56, 28.01, 0.35, 0.00, 163, 0, 0.04, 0.00
09:53:59.100 -> 28.56, 28.01, 0.35, 0.00, 163, 0, -0.00, 0.00
09:54:00.147 -> 28.56, 28.01, 0.35, 0.00, 163, 0, -0.00, 0.00
09:54:01.164 -> 28.56, 28.01, 0.35, 0.00, 163, 0, -0.00, 0.00
09:54:02.195 -> 28.56, 28.01, 0.35, 0.00, 163, 0, -0.00, 0.00
09:54:03.213 -> 28.56, 28.01, 0.35, 0.00, 163, 0, -0.00, 0.00
09:54:04.243 -> 28.56, 28.01, 0.35, 0.00, 163, 0, -0.00, 0.00
09:54:05.240 -> 28.56, 28.01, 0.35, 0.00, 163, 0, 0.04, 0.00
09:54:06.282 -> 28.56, 28.01, 0.35, 0.00, 163, 0, -0.00, 0.00
09:54:07.315 -> 28.56, 28.01, 0.35, 0.00, 163, 0, 0.04, 0.00
09:54:08.314 -> 28.56, 28.01, 0.35, 0.00, 163, 0, -0.00, 0.00
09:54:09.363 -> 28.56, 28.01, 0.35, 0.00, 163, 0, -0.00, 0.00
09:54:10.359 -> 28.56, 28.01, 0.35, 0.00, 163, 0, -0.00, 0.00
09:54:11.416 -> 28.56, 28.01, 0.35, 0.00, 163, 0, -0.00, 0.00
09:54:12.434 -> 28.56, 28.01, 0.35, 0.00, 163, 0, -0.00, 0.00
09:54:13.456 -> 28.56, 28.01, 0.35, 0.00, 163, 0, -0.00, 0.00
09:54:14.475 -> 28.56, 28.01, 0.35, 0.00, 163, 0, -0.00, 0.00
09:54:15.504 -> 28.56, 28.01, 0.35, 0.00, 163, 0, -0.00, 0.00
09:54:16.497 -> 28.56, 28.01, 0.35, 0.00, 163, 0, -0.00, 0.00
09:54:17.519 -> 28.56, 28.01, 0.35, 0.00, 163, 0, -0.00, 0.00
09:54:18.551 -> 28.56, 28.01, 0.35, 0.00, 163, 0, -0.00, 0.00
09:54:19.592 -> 28.56, 28.01, 0.35, 0.00, 163, 0, 0.04, 0.00
09:54:20.612 -> 28.47, 28.01, 0.26, -0.09, 159, 0, -0.00, 0.00
09:54:21.633 -> 28.47, 28.01, 0.26, 0.00, 160, 0, -0.00, 0.00
09:54:22.632 -> 28.47, 28.01, 0.26, 0.00, 160, 0, -0.00, 0.00
09:54:23.660 -> 28.47, 28.01, 0.26, 0.00, 160, 0, -0.00, 0.00
09:54:24.710 -> 28.47, 28.01, 0.26, 0.00, 160, 0, 0.04, 0.00
09:54:25.726 -> 28.47, 28.01, 0.26, 0.00, 160, 0, -0.00, 0.00
09:54:26.729 -> 28.47, 28.01, 0.26, 0.00, 160, 0, 0.04, 0.00
09:54:27.751 -> 28.47, 28.01, 0.26, 0.00, 160, 0, 0.04, 0.00
09:54:28.776 -> 28.47, 28.01, 0.26, 0.00, 160, 0, -0.00, 0.00
09:54:29.823 -> 28.47, 28.01, 0.26, 0.00, 160, 0, -0.00, 0.00
09:54:30.841 -> 28.47, 28.01, 0.26, 0.00, 160, 0, -0.00, 0.00
09:54:31.868 -> 28.47, 28.01, 0.26, 0.00, 160, 0, -0.00, 0.00
09:54:32.871 -> 28.47, 28.01, 0.26, 0.00, 160, 0, -0.00, 0.00
09:54:33.899 -> 28.47, 28.01, 0.26, 0.00, 160, 0, -0.00, 0.00
09:54:34.916 -> 28.47, 28.01, 0.26, 0.00, 160, 0, 0.04, 0.00
09:54:35.957 -> 28.47, 28.01, 0.26, 0.00, 160, 0, -0.00, 0.00
09:54:36.960 -> 28.47, 28.01, 0.26, 0.00, 160, 0, -0.00, 0.00
09:54:37.997 -> 28.47, 28.01, 0.26, 0.00, 160, 0, -0.00, 0.00
09:54:39.029 -> 28.47, 28.01, 0.26, 0.00, 160, 0, -0.00, 0.00
09:54:40.057 -> 28.47, 28.01, 0.26, 0.00, 160, 0, -0.00, 0.00
09:54:41.068 -> 28.47, 28.01, 0.26, 0.00, 160, 0, 0.04, 0.00
09:54:42.083 -> 28.47, 28.01, 0.26, 0.00, 160, 0, -0.00, 0.00
09:54:43.121 -> 28.47, 28.01, 0.26, 0.00, 160, 0, 0.04, 0.00
09:54:44.125 -> 28.47, 28.01, 0.26, 0.00, 160, 0, -0.00, 0.00
09:54:45.167 -> 28.38, 28.01, 0.17, -0.09, 156, 0, -0.00, 0.00
09:54:46.174 -> 28.47, 28.01, 0.26, 0.09, 161, 0, 0.04, 0.00
09:54:47.205 -> 28.38, 28.01, 0.17, -0.09, 156, 0, -0.00, 0.00
09:54:48.243 -> 28.38, 28.01, 0.17, 0.00, 157, 0, -0.00, 0.00
09:54:49.262 -> 28.38, 28.01, 0.17, 0.00, 157, 0, -0.00, 0.00
09:54:50.285 -> 28.38, 28.01, 0.17, 0.00, 157, 0, -0.00, 0.00
09:54:51.305 -> 28.38, 28.01, 0.17, 0.00, 157, 0, -0.00, 0.00
09:54:52.329 -> 28.38, 28.01, 0.17, 0.00, 157, 0, 0.04, 0.00
09:54:53.352 -> 28.38, 28.01, 0.17, 0.00, 157, 0, -0.00, 0.00
09:54:54.382 -> 28.38, 28.01, 0.17, 0.00, 157, 0, -0.00, 0.00
09:54:55.403 -> 28.38, 28.01, 0.17, 0.00, 157, 0, 0.04, 0.00
09:54:56.411 -> 28.38, 28.01, 0.17, 0.00, 157, 0, -0.00, 0.00
09:54:57.443 -> 28.38, 28.01, 0.17, 0.00, 157, 0, -0.00, 0.00
09:54:58.447 -> 28.38, 28.01, 0.17, 0.00, 157, 0, -0.00, 0.00
09:54:59.482 -> 28.38, 28.01, 0.17, 0.00, 157, 0, -0.00, 0.00
09:55:00.497 -> 28.38, 28.01, 0.17, 0.00, 157, 0, -0.00, 0.00
09:55:01.522 -> 28.38, 28.01, 0.17, 0.00, 157, 0, 0.04, 0.00
09:55:02.541 -> 28.38, 28.01, 0.17, 0.00, 157, 0, -0.00, 0.00
09:55:03.578 -> 28.38, 28.01, 0.17, 0.00, 157, 0, -0.00, 0.00
09:55:04.615 -> 28.38, 28.01, 0.17, 0.00, 157, 0, -0.00, 0.00
09:55:05.616 -> 28.38, 28.01, 0.17, 0.00, 157, 0, 0.04, 0.00
09:55:06.655 -> 28.38, 28.01, 0.17, 0.00, 157, 0, 0.04, 0.00
09:55:07.658 -> 28.38, 28.01, 0.17, 0.00, 157, 0, -0.00, 0.00
09:55:08.714 -> 28.38, 28.01, 0.17, 0.00, 157, 0, -0.00, 0.00
09:55:09.723 -> 28.29, 28.01, 0.08, -0.09, 153, 0, 0.04, 0.00
09:55:10.759 -> 28.29, 28.01, 0.08, 0.00, 154, 0, -0.00, 0.00
09:55:11.751 -> 28.29, 28.01, 0.08, 0.00, 154, 0, -0.00, 0.00
09:55:12.775 -> 28.29, 28.01, 0.08, 0.00, 154, 0, 0.04, 0.00
09:55:13.823 -> 28.29, 28.01, 0.08, 0.00, 154, 0, 0.04, 0.00
09:55:14.852 -> 28.29, 28.01, 0.08, 0.00, 154, 0, -0.00, 0.00
09:55:15.871 -> 28.29, 28.01, 0.08, 0.00, 154, 0, -0.00, 0.00
09:55:16.890 -> 28.29, 28.01, 0.08, 0.00, 154, 0, 0.04, 0.00
09:55:17.920 -> 28.29, 28.01, 0.08, 0.00, 154, 0, 0.04, 0.00
09:55:18.921 -> 28.29, 28.01, 0.08, 0.00, 154, 0, -0.00, 0.00
09:55:19.946 -> 28.29, 28.01, 0.08, 0.00, 154, 0, 0.04, 0.00
09:55:20.979 -> 28.29, 28.01, 0.08, 0.00, 154, 0, 0.04, 0.00
09:55:22.004 -> 28.29, 28.01, 0.08, 0.00, 154, 0, -0.00, 0.00
09:55:23.031 -> 28.29, 28.01, 0.08, 0.00, 154, 0, -0.00, 0.00
09:55:24.042 -> 28.29, 28.01, 0.08, 0.00, 154, 0, 0.04, 0.00
09:55:25.067 -> 28.29, 28.01, 0.08, 0.00, 154, 0, -0.00, 0.00
09:55:26.096 -> 28.29, 28.01, 0.08, 0.00, 154, 0, -0.00, 0.00
09:55:27.121 -> 28.29, 28.01, 0.08, 0.00, 154, 0, 0.04, 0.00
09:55:28.123 -> 28.29, 28.01, 0.08, 0.00, 154, 0, -0.00, 0.00
09:55:29.175 -> 28.29, 28.01, 0.08, 0.00, 154, 0, -0.00, 0.00
09:55:30.197 -> 28.29, 28.01, 0.08, 0.00, 154, 0, -0.00, 0.00
09:55:31.215 -> 28.29, 28.01, 0.08, 0.00, 154, 0, 0.04, 0.00
09:55:32.240 -> 28.29, 28.01, 0.08, 0.00, 154, 0, 0.04, 0.00
09:55:33.264 -> 28.29, 28.01, 0.08, 0.00, 154, 0, -0.00, 0.00
09:55:34.269 -> 28.29, 28.01, 0.08, 0.00, 154, 0, -0.00, 0.00
09:55:35.287 -> 28.20, 28.01, -0.02, -0.09, 150, 0, -0.00, 0.00
09:55:36.341 -> 28.20, 28.01, -0.02, 0.00, 151, 0, 0.04, 0.00
09:55:37.344 -> 28.20, 28.01, -0.02, 0.00, 151, 0, -0.00, 0.00
09:55:38.372 -> 28.20, 28.01, -0.02, 0.00, 151, 0, -0.00, 0.00
09:55:39.404 -> 28.29, 28.01, 0.08, 0.09, 155, 0, -0.00, 0.00
09:55:40.433 -> 28.20, 28.01, -0.02, -0.09, 150, 0, -0.00, 0.00
09:55:41.428 -> 28.20, 28.01, -0.02, 0.00, 151, 0, -0.00, 0.00
09:55:42.448 -> 28.20, 28.01, -0.02, 0.00, 151, 0, -0.00, 0.00
09:55:43.470 -> 28.20, 28.01, -0.02, 0.00, 151, 0, -0.00, 0.00
09:55:44.509 -> 28.20, 28.01, -0.02, 0.00, 151, 0, -0.00, 0.00
09:55:45.529 -> 28.20, 28.01, -0.02, 0.00, 151, 0, -0.00, 0.00
09:55:46.571 -> 28.20, 28.01, -0.02, 0.00, 151, 0, 0.04, 0.00
09:55:47.592 -> 28.20, 28.01, -0.02, 0.00, 151, 0, -0.00, 0.00
09:55:48.593 -> 28.20, 28.01, -0.02, 0.00, 151, 0, 0.04, 0.00
09:55:49.641 -> 28.20, 28.01, -0.02, 0.00, 151, 0, 0.04, 0.00
09:55:50.659 -> 28.20, 28.01, -0.02, 0.00, 151, 0, -0.00, 0.00
09:55:51.676 -> 28.20, 28.01, -0.02, 0.00, 151, 0, -0.00, 0.00
09:55:52.687 -> 28.20, 28.01, -0.02, 0.00, 151, 0, -0.00, 0.00
09:55:53.725 -> 28.20, 28.01, -0.02, 0.00, 151, 0, 0.04, 0.00
09:55:54.742 -> 28.20, 28.01, -0.02, 0.00, 151, 0, -0.00, 0.00
09:55:55.772 -> 28.20, 28.01, -0.02, 0.00, 151, 0, -0.00, 0.00
09:55:56.797 -> 28.20, 28.01, -0.02, 0.00, 151, 0, 0.04, 0.00
09:55:57.819 -> 28.10, 28.01, -0.11, -0.09, 147, 0, -0.00, 0.00
09:55:58.834 -> 28.20, 28.01, -0.02, 0.09, 152, 219, 0.15, 1469.40
09:55:59.874 -> 28.10, 28.01, -0.11, -0.09, 147, 0, 3.38, 0.00
09:56:00.877 -> 28.10, 28.01, -0.11, 0.00, 148, 140, 0.15, 939.34
09:56:01.892 -> 28.10, 28.01, -0.11, 0.00, 148, 140, 2.14, 65.43
09:56:02.926 -> 28.10, 28.01, -0.11, 0.00, 148, 140, 2.55, 54.84
09:56:03.954 -> 28.10, 28.01, -0.11, 0.00, 148, 140, 1.88, 74.59
09:56:04.962 -> 28.10, 28.01, -0.11, 0.00, 148, 140, 1.73, 81.09
09:56:05.993 -> 28.10, 28.01, -0.11, 0.00, 148, 140, 2.82, 49.72
09:56:07.027 -> 28.10, 28.01, -0.11, 0.00, 148, 140, 2.44, 57.37
09:56:08.052 -> 28.10, 28.01, -0.11, 0.00, 148, 140, 3.00, 46.61
09:56:09.078 -> 28.10, 28.01, -0.11, 0.00, 148, 140, 2.85, 49.06
09:56:10.109 -> 28.10, 28.01, -0.11, 0.00, 148, 140, 2.97, 47.20
09:56:11.098 -> 28.10, 28.01, -0.11, 0.00, 148, 140, 2.82, 49.72
09:56:12.135 -> 28.10, 28.01, -0.11, 0.00, 148, 140, 2.74, 51.08
09:56:13.157 -> 28.10, 28.01, -0.11, 0.00, 148, 140, 2.33, 60.15
09:56:14.195 -> 28.10, 28.01, -0.11, 0.00, 148, 140, 1.76, 79.36
09:56:15.198 -> 28.10, 28.01, -0.11, 0.00, 148, 140, 1.58, 88.81
09:56:16.235 -> 28.10, 28.01, -0.11, 0.00, 148, 140, 1.28, 109.73
09:56:17.238 -> 28.10, 28.01, -0.11, 0.00, 148, 140, 1.05, 133.27
09:56:18.283 -> 28.10, 28.01, -0.11, 0.00, 148, 140, 1.46, 95.65
09:56:19.303 -> 28.20, 28.01, -0.02, 0.09, 152, 219, 2.29, 95.63
09:56:20.332 -> 28.20, 28.01, -0.02, 0.00, 151, 0, 3.34, 0.00
09:56:21.344 -> 28.20, 28.01, -0.02, 0.00, 151, 0, 0.04, 0.00
09:56:22.375 -> 28.29, 28.01, 0.08, 0.09, 155, 0, -0.00, 0.00
09:56:23.399 -> 28.29, 28.01, 0.08, 0.00, 154, 0, 0.04, 0.00
09:56:24.409 -> 28.38, 28.01, 0.17, 0.09, 158, 0, -0.00, 0.00
09:56:25.456 -> 28.38, 28.01, 0.17, 0.00, 157, 0, -0.00, 0.00
09:56:26.481 -> 28.38, 28.01, 0.17, 0.00, 157, 0, 0.04, 0.00
09:56:27.484 -> 28.38, 28.01, 0.17, 0.00, 157, 0, -0.00, 0.00
09:56:28.520 -> 28.47, 28.01, 0.26, 0.09, 161, 0, -0.00, 0.00
09:56:29.544 -> 28.47, 28.01, 0.26, 0.00, 160, 0, -0.00, 0.00
09:56:30.567 -> 28.47, 28.01, 0.26, 0.00, 160, 0, 0.04, 0.00
09:56:31.588 -> 28.47, 28.01, 0.26, 0.00, 160, 0, -0.00, 0.00
09:56:32.615 -> 28.56, 28.01, 0.35, 0.09, 164, 0, -0.00, 0.00
09:56:33.615 -> 28.56, 28.01, 0.35, 0.00, 163, 0, -0.00, 0.00
09:56:34.639 -> 28.56, 28.01, 0.35, 0.00, 163, 0, -0.00, 0.00
09:56:35.680 -> 28.56, 28.01, 0.35, 0.00, 163, 0, -0.00, 0.00
09:56:36.699 -> 28.56, 28.01, 0.35, 0.00, 163, 0, -0.00, 0.00
09:56:37.732 -> 28.56, 28.01, 0.35, 0.00, 163, 0, 0.04, 0.00
09:56:38.743 -> 28.56, 28.01, 0.35, 0.00, 163, 0, -0.00, 0.00
09:56:39.776 -> 28.56, 28.01, 0.35, 0.00, 163, 0, 0.04, 0.00
09:56:40.805 -> 28.56, 28.01, 0.35, 0.00, 163, 0, -0.00, 0.00
09:56:41.818 -> 28.56, 28.01, 0.35, 0.00, 163, 0, -0.00, 0.00
09:56:42.843 -> 28.56, 28.01, 0.35, 0.00, 163, 0, 0.04, 0.00
09:56:43.874 -> 28.56, 28.01, 0.35, 0.00, 163, 0, -0.00, 0.00
09:56:44.877 -> 28.56, 28.01, 0.35, 0.00, 163, 0, -0.00, 0.00
09:56:45.917 -> 28.65, 28.01, 0.44, 0.09, 164, 0, 0.04, 0.00
09:56:46.913 -> 28.56, 28.01, 0.35, -0.09, 162, 0, -0.00, 0.00
09:56:47.942 -> 28.56, 28.01, 0.35, 0.00, 163, 0, -0.00, 0.00
09:56:48.974 -> 28.56, 28.01, 0.35, 0.00, 163, 0, -0.00, 0.00
09:56:49.995 -> 28.56, 28.01, 0.35, 0.00, 163, 0, 0.04, 0.00
09:56:51.022 -> 28.56, 28.01, 0.35, 0.00, 163, 0, -0.00, 0.00
09:56:52.041 -> 28.56, 28.01, 0.35, 0.00, 163, 0, -0.00, 0.00
09:56:53.079 -> 28.56, 28.01, 0.35, 0.00, 163, 0, -0.00, 0.00
09:56:54.089 -> 28.56, 28.01, 0.35, 0.00, 163, 0, -0.00, 0.00
09:56:55.118 -> 28.56, 28.01, 0.35, 0.00, 163, 0, -0.00, 0.00
09:56:56.121 -> 28.56, 28.01, 0.35, 0.00, 163, 0, -0.00, 0.00
09:56:57.174 -> 28.56, 28.01, 0.35, 0.00, 163, 0, -0.00, 0.00
09:56:58.185 -> 28.56, 28.01, 0.35, 0.00, 163, 0, -0.00, 0.00
09:56:59.189 -> 28.56, 28.01, 0.35, 0.00, 163, 0, 0.04, 0.00
09:57:00.229 -> 28.56, 28.01, 0.35, 0.00, 163, 0, -0.00, 0.00
09:57:01.242 -> 28.56, 28.01, 0.35, 0.00, 163, 0, -0.00, 0.00
09:57:02.277 -> 28.56, 28.01, 0.35, 0.00, 163, 0, -0.00, 0.00
09:57:03.282 -> 28.56, 28.01, 0.35, 0.00, 163, 0, -0.00, 0.00
09:57:04.314 -> 28.47, 28.01, 0.26, -0.09, 159, 0, 0.04, 0.00
09:57:05.342 -> 28.56, 28.01, 0.35, 0.09, 164, 0, -0.00, 0.00
09:57:06.378 -> 28.56, 28.01, 0.35, 0.00, 163, 0, -0.00, 0.00
09:57:07.406 -> 28.47, 28.01, 0.26, -0.09, 159, 0, 0.04, 0.00
09:57:08.413 -> 28.47, 28.01, 0.26, 0.00, 160, 0, -0.00, 0.00
09:57:09.442 -> 28.47, 28.01, 0.26, 0.00, 160, 0, -0.00, 0.00
09:57:10.482 -> 28.47, 28.01, 0.26, 0.00, 160, 0, -0.00, 0.00
09:57:11.483 -> 28.47, 28.01, 0.26, 0.00, 160, 0, 0.04, 0.00
09:57:12.509 -> 28.47, 28.01, 0.26, 0.00, 160, 0, -0.00, 0.00
09:57:13.544 -> 28.47, 28.01, 0.26, 0.00, 160, 0, -0.00, 0.00
09:57:14.559 -> 28.47, 28.01, 0.26, 0.00, 160, 0, -0.00, 0.00
09:57:15.590 -> 28.47, 28.01, 0.26, 0.00, 160, 0, -0.00, 0.00
09:57:16.593 -> 28.47, 28.01, 0.26, 0.00, 160, 0, -0.00, 0.00
09:57:17.610 -> 28.47, 28.01, 0.26, 0.00, 160, 0, -0.00, 0.00
09:57:18.667 -> 28.47, 28.01, 0.26, 0.00, 160, 0, -0.00, 0.00
09:57:19.666 -> 28.47, 28.01, 0.26, 0.00, 160, 0, -0.00, 0.00
09:57:20.699 -> 28.47, 28.01, 0.26, 0.00, 160, 0, -0.00, 0.00
09:57:21.710 -> 28.47, 28.01, 0.26, 0.00, 160, 0, 0.04, 0.00
09:57:22.741 -> 28.47, 28.01, 0.26, 0.00, 160, 0, -0.00, 0.00
09:57:23.758 -> 28.47, 28.01, 0.26, 0.00, 160, 0, -0.00, 0.00
09:57:24.788 -> 28.47, 28.01, 0.26, 0.00, 160, 0, -0.00, 0.00
09:57:25.816 -> 28.47, 28.01, 0.26, 0.00, 160, 0, -0.00, 0.00
09:57:26.830 -> 28.47, 28.01, 0.26, 0.00, 160, 0, -0.00, 0.00
09:57:27.871 -> 28.47, 28.01, 0.26, 0.00, 160, 0, -0.00, 0.00
09:57:28.885 -> 28.47, 28.01, 0.26, 0.00, 160, 0, -0.00, 0.00
09:57:29.911 -> 28.47, 28.01, 0.26, 0.00, 160, 0, -0.00, 0.00
09:57:30.939 -> 28.38, 28.01, 0.17, -0.09, 156, 0, -0.00, 0.00
09:57:31.954 -> 28.38, 28.01, 0.17, 0.00, 157, 0, -0.00, 0.00
09:57:32.976 -> 28.38, 28.01, 0.17, 0.00, 157, 0, -0.00, 0.00
09:57:34.010 -> 28.38, 28.01, 0.17, 0.00, 157, 0, -0.00, 0.00
09:57:35.033 -> 28.38, 28.01, 0.17, 0.00, 157, 0, -0.00, 0.00
09:57:36.041 -> 28.38, 28.01, 0.17, 0.00, 157, 0, 0.04, 0.00
09:57:37.080 -> 28.38, 28.01, 0.17, 0.00, 157, 0, -0.00, 0.00
09:57:38.108 -> 28.38, 28.01, 0.17, 0.00, 157, 0, 0.04, 0.00
09:57:39.100 -> 28.38, 28.01, 0.17, 0.00, 157, 0, 0.04, 0.00
09:57:40.144 -> 28.38, 28.01, 0.17, 0.00, 157, 0, -0.00, 0.00
09:57:41.150 -> 28.38, 28.01, 0.17, 0.00, 157, 0, -0.00, 0.00
09:57:42.192 -> 28.38, 28.01, 0.17, 0.00, 157, 0, -0.00, 0.00
09:57:43.198 -> 28.38, 28.01, 0.17, 0.00, 157, 0, -0.00, 0.00
09:57:44.212 -> 28.38, 28.01, 0.17, 0.00, 157, 0, -0.00, 0.00
09:57:45.238 -> 28.38, 28.01, 0.17, 0.00, 157, 0, -0.00, 0.00
09:57:46.272 -> 28.38, 28.01, 0.17, 0.00, 157, 0, -0.00, 0.00
09:57:47.307 -> 28.38, 28.01, 0.17, 0.00, 157, 0, -0.00, 0.00
09:57:48.328 -> 28.38, 28.01, 0.17, 0.00, 157, 0, 0.04, 0.00
09:57:49.341 -> 28.38, 28.01, 0.17, 0.00, 157, 0, 0.04, 0.00
09:57:50.370 -> 28.38, 28.01, 0.17, 0.00, 157, 0, -0.00, 0.00
09:57:51.402 -> 28.38, 28.01, 0.17, 0.00, 157, 0, -0.00, 0.00
09:57:52.429 -> 28.38, 28.01, 0.17, 0.00, 157, 0, 0.04, 0.00
09:57:53.452 -> 28.38, 28.01, 0.17, 0.00, 157, 0, -0.00, 0.00
09:57:54.460 -> 28.38, 28.01, 0.17, 0.00, 157, 0, -0.00, 0.00
09:57:55.501 -> 28.38, 28.01, 0.17, 0.00, 157, 0, -0.00, 0.00
09:57:56.493 -> 28.38, 28.01, 0.17, 0.00, 157, 0, -0.00, 0.00
09:57:57.553 -> 28.38, 28.01, 0.17, 0.00, 157, 0, -0.00, 0.00
09:57:58.544 -> 28.38, 28.01, 0.17, 0.00, 157, 0, 0.04, 0.00
09:57:59.581 -> 28.29, 28.01, 0.08, -0.09, 153, 0, 0.04, 0.00
09:58:00.598 -> 28.29, 28.01, 0.08, 0.00, 154, 0, -0.00, 0.00
09:58:01.638 -> 28.29, 28.01, 0.08, 0.00, 154, 0, -0.00, 0.00
09:58:02.645 -> 28.29, 28.01, 0.08, 0.00, 154, 0, -0.00, 0.00
09:58:03.667 -> 28.29, 28.01, 0.08, 0.00, 154, 0, -0.00, 0.00
09:58:04.709 -> 28.29, 28.01, 0.08, 0.00, 154, 0, -0.00, 0.00
09:58:05.734 -> 28.29, 28.01, 0.08, 0.00, 154, 0, -0.00, 0.00
09:58:06.732 -> 28.29, 28.01, 0.08, 0.00, 154, 0, -0.00, 0.00
09:58:07.756 -> 28.29, 28.01, 0.08, 0.00, 154, 0, -0.00, 0.00
09:58:08.801 -> 28.29, 28.01, 0.08, 0.00, 154, 0, 0.04, 0.00
09:58:09.823 -> 28.29, 28.01, 0.08, 0.00, 154, 0, -0.00, 0.00
09:58:10.843 -> 28.29, 28.01, 0.08, 0.00, 154, 0, -0.00, 0.00
09:58:11.856 -> 28.29, 28.01, 0.08, 0.00, 154, 0, -0.00, 0.00
09:58:12.885 -> 28.29, 28.01, 0.08, 0.00, 154, 0, -0.00, 0.00
09:58:13.911 -> 28.29, 28.01, 0.08, 0.00, 154, 0, -0.00, 0.00
09:58:14.914 -> 28.29, 28.01, 0.08, 0.00, 154, 0, -0.00, 0.00
09:58:15.970 -> 28.29, 28.01, 0.08, 0.00, 154, 0, 0.04, 0.00
09:58:16.986 -> 28.29, 28.01, 0.08, 0.00, 154, 0, -0.00, 0.00
09:58:17.990 -> 28.29, 28.01, 0.08, 0.00, 154, 0, 0.04, 0.00
09:58:19.007 -> 28.29, 28.01, 0.08, 0.00, 154, 0, -0.00, 0.00
09:58:20.053 -> 28.29, 28.01, 0.08, 0.00, 154, 0, -0.00, 0.00
09:58:21.075 -> 28.29, 28.01, 0.08, 0.00, 154, 0, -0.00, 0.00
09:58:22.082 -> 28.29, 28.01, 0.08, 0.00, 154, 0, -0.00, 0.00
09:58:23.106 -> 28.29, 28.01, 0.08, 0.00, 154, 0, -0.00, 0.00
09:58:24.148 -> 28.29, 28.01, 0.08, 0.00, 154, 0, -0.00, 0.00
09:58:25.146 -> 28.29, 28.01, 0.08, 0.00, 154, 0, -0.00, 0.00
09:58:26.199 -> 28.29, 28.01, 0.08, 0.00, 154, 0, -0.00, 0.00
09:58:27.223 -> 28.20, 28.01, -0.02, -0.09, 150, 0, 0.04, 0.00
09:58:28.247 -> 28.29, 28.01, 0.08, 0.09, 155, 0, 0.04, 0.00
09:58:29.238 -> 28.29, 28.01, 0.08, 0.00, 154, 0, -0.00, 0.00
09:58:30.269 -> 28.20, 28.01, -0.02, -0.09, 150, 0, 0.04, 0.00
09:58:31.311 -> 28.20, 28.01, -0.02, 0.00, 151, 0, -0.00, 0.00
09:58:32.306 -> 28.20, 28.01, -0.02, 0.00, 151, 0, 0.04, 0.00
09:58:33.349 -> 28.20, 28.01, -0.02, 0.00, 151, 0, -0.00, 0.00
09:58:34.364 -> 28.20, 28.01, -0.02, 0.00, 151, 0, -0.00, 0.00
09:58:35.395 -> 28.20, 28.01, -0.02, 0.00, 151, 0, 0.04, 0.00
09:58:36.427 -> 28.20, 28.01, -0.02, 0.00, 151, 0, -0.00, 0.00
09:58:37.430 -> 28.20, 28.01, -0.02, 0.00, 151, 0, 0.04, 0.00
09:58:38.444 -> 28.20, 28.01, -0.02, 0.00, 151, 0, -0.00, 0.00
09:58:39.490 -> 28.20, 28.01, -0.02, 0.00, 151, 0, -0.00, 0.00
09:58:40.512 -> 28.20, 28.01, -0.02, 0.00, 151, 0, -0.00, 0.00
09:58:41.516 -> 28.20, 28.01, -0.02, 0.00, 151, 0, -0.00, 0.00
09:58:42.555 -> 28.20, 28.01, -0.02, 0.00, 151, 0, -0.00, 0.00
09:58:43.596 -> 28.20, 28.01, -0.02, 0.00, 151, 0, -0.00, 0.00
09:58:44.612 -> 28.20, 28.01, -0.02, 0.00, 151, 0, -0.00, 0.00
09:58:45.615 -> 28.20, 28.01, -0.02, 0.00, 151, 0, -0.00, 0.00
09:58:46.656 -> 28.20, 28.01, -0.02, 0.00, 151, 0, -0.00, 0.00
09:58:47.662 -> 28.20, 28.01, -0.02, 0.00, 151, 0, -0.00, 0.00
09:58:48.694 -> 28.20, 28.01, -0.02, 0.00, 151, 0, -0.00, 0.00
09:58:49.714 -> 28.20, 28.01, -0.02, 0.00, 151, 0, -0.00, 0.00
09:58:50.750 -> 28.20, 28.01, -0.02, 0.00, 151, 0, -0.00, 0.00
09:58:51.754 -> 28.20, 28.01, -0.02, 0.00, 151, 0, 0.04, 0.00
09:58:52.796 -> 28.10, 28.01, -0.11, -0.09, 147, 0, -0.00, 0.00
09:58:53.818 -> 28.10, 28.01, -0.11, 0.00, 148, 140, 0.15, 939.34
09:58:54.837 -> 28.10, 28.01, -0.11, 0.00, 148, 140, 1.31, 106.59
09:58:55.851 -> 28.10, 28.01, -0.11, 0.00, 148, 140, 1.13, 124.38
09:58:56.900 -> 28.10, 28.01, -0.11, 0.00, 148, 140, 1.28, 109.73
09:58:57.900 -> 28.10, 28.01, -0.11, 0.00, 148, 140, 1.16, 120.36
09:58:58.916 -> 28.10, 28.01, -0.11, 0.00, 148, 140, 1.20, 116.60
09:58:59.964 -> 28.10, 28.01, -0.11, 0.00, 148, 140, 1.43, 98.17
09:59:00.968 -> 28.10, 28.01, -0.11, 0.00, 148, 140, 1.50, 93.26
09:59:01.994 -> 28.10, 28.01, -0.11, 0.00, 148, 140, 1.46, 95.65
09:59:03.031 -> 28.10, 28.01, -0.11, 0.00, 148, 140, 1.35, 103.63
09:59:04.066 -> 28.10, 28.01, -0.11, 0.00, 148, 140, 1.01, 138.21
09:59:05.063 -> 28.10, 28.01, -0.11, 0.00, 148, 140, 1.39, 100.83
09:59:06.080 -> 28.10, 28.01, -0.11, 0.00, 148, 140, 1.99, 70.37
09:59:07.099 -> 28.10, 28.01, -0.11, 0.00, 148, 140, 1.43, 98.17
09:59:08.149 -> 28.10, 28.01, -0.11, 0.00, 148, 140, 1.35, 103.63
09:59:09.145 -> 28.10, 28.01, -0.11, 0.00, 148, 140, 1.05, 133.27
09:59:10.170 -> 28.10, 28.01, -0.11, 0.00, 148, 140, 1.05, 133.27
09:59:11.213 -> 28.10, 28.01, -0.11, 0.00, 148, 140, 1.01, 138.21
09:59:12.249 -> 28.10, 28.01, -0.11, 0.00, 148, 140, 1.58, 88.81
09:59:13.271 -> 28.10, 28.01, -0.11, 0.00, 148, 140, 1.61, 86.75
09:59:14.285 -> 28.20, 28.01, -0.02, 0.09, 152, 219, 1.31, 166.74
09:59:15.304 -> 28.20, 28.01, -0.02, 0.00, 151, 0, 2.97, 0.00
09:59:16.321 -> 28.29, 28.01, 0.08, 0.09, 155, 0, -0.00, 0.00
09:59:17.346 -> 28.29, 28.01, 0.08, 0.00, 154, 0, -0.00, 0.00
09:59:18.385 -> 28.29, 28.01, 0.08, 0.00, 154, 0, -0.00, 0.00
09:59:19.404 -> 28.29, 28.01, 0.08, 0.00, 154, 0, -0.00, 0.00
09:59:20.426 -> 28.38, 28.01, 0.17, 0.09, 158, 0, -0.00, 0.00
09:59:21.438 -> 28.38, 28.01, 0.17, 0.00, 157, 0, 0.04, 0.00
09:59:22.462 -> 28.38, 28.01, 0.17, 0.00, 157, 0, 0.04, 0.00
09:59:23.484 -> 28.47, 28.01, 0.26, 0.09, 161, 0, -0.00, 0.00
09:59:24.518 -> 28.47, 28.01, 0.26, 0.00, 160, 0, -0.00, 0.00
09:59:25.535 -> 28.47, 28.01, 0.26, 0.00, 160, 0, -0.00, 0.00
09:59:26.560 -> 28.47, 28.01, 0.26, 0.00, 160, 0, 0.04, 0.00
09:59:27.590 -> 28.56, 28.01, 0.35, 0.09, 164, 0, -0.00, 0.00
09:59:28.594 -> 28.56, 28.01, 0.35, 0.00, 163, 0, -0.00, 0.00
09:59:29.643 -> 28.56, 28.01, 0.35, 0.00, 163, 0, 0.04, 0.00
09:59:30.646 -> 28.56, 28.01, 0.35, 0.00, 163, 0, 0.04, 0.00
09:59:31.685 -> 28.56, 28.01, 0.35, 0.00, 163, 0, -0.00, 0.00
09:59:32.685 -> 28.56, 28.01, 0.35, 0.00, 163, 0, -0.00, 0.00
09:59:33.706 -> 28.56, 28.01, 0.35, 0.00, 163, 0, -0.00, 0.00
09:59:34.737 -> 28.56, 28.01, 0.35, 0.00, 163, 0, -0.00, 0.00
09:59:35.754 -> 28.56, 28.01, 0.35, 0.00, 163, 0, -0.00, 0.00
09:59:36.797 -> 28.56, 28.01, 0.35, 0.00, 163, 0, -0.00, 0.00
09:59:37.805 -> 28.56, 28.01, 0.35, 0.00, 163, 0, -0.00, 0.00
09:59:38.827 -> 28.56, 28.01, 0.35, 0.00, 163, 0, -0.00, 0.00
09:59:39.871 -> 28.56, 28.01, 0.35, 0.00, 163, 0, -0.00, 0.00
09:59:40.895 -> 28.65, 28.01, 0.44, 0.09, 164, 0, 0.04, 0.00
09:59:41.989 -> 28.56, 28.01, 0.35, -0.09, 162, 0, -0.00, 0.00
09:59:42.914 -> 28.56, 28.01, 0.35, 0.00, 163, 0, -0.00, 0.00
09:59:43.939 -> 28.56, 28.01, 0.35, 0.00, 163, 0, -0.00, 0.00
09:59:44.991 -> 28.56, 28.01, 0.35, 0.00, 163, 0, -0.00, 0.00
09:59:45.995 -> 28.56, 28.01, 0.35, 0.00, 163, 0, -0.00, 0.00
09:59:47.011 -> 28.56, 28.01, 0.35, 0.00, 163, 0, -0.00, 0.00
09:59:48.052 -> 28.56, 28.01, 0.35, 0.00, 163, 0, -0.00, 0.00
09:59:49.063 -> 28.56, 28.01, 0.35, 0.00, 163, 0, -0.00, 0.00
09:59:50.076 -> 28.56, 28.01, 0.35, 0.00, 163, 0, -0.00, 0.00
09:59:51.101 -> 28.56, 28.01, 0.35, 0.00, 163, 0, -0.00, 0.00
09:59:52.143 -> 28.56, 28.01, 0.35, 0.00, 163, 0, 0.04, 0.00
09:59:53.180 -> 28.56, 28.01, 0.35, 0.00, 163, 0, -0.00, 0.00
09:59:54.198 -> 28.56, 28.01, 0.35, 0.00, 163, 0, -0.00, 0.00
09:59:55.221 -> 28.56, 28.01, 0.35, 0.00, 163, 0, -0.00, 0.00
09:59:56.240 -> 28.56, 28.01, 0.35, 0.00, 163, 0, -0.00, 0.00
09:59:57.261 -> 28.56, 28.01, 0.35, 0.00, 163, 0, -0.00, 0.00
09:59:58.272 -> 28.56, 28.01, 0.35, 0.00, 163, 0, -0.00, 0.00
09:59:59.305 -> 28.56, 28.01, 0.35, 0.00, 163, 0, -0.00, 0.00
10:00:00.331 -> 28.56, 28.01, 0.35, 0.00, 163, 0, 0.04, 0.00
10:00:01.348 -> 28.47, 28.01, 0.26, -0.09, 159, 0, -0.00, 0.00
10:00:02.369 -> 28.47, 28.01, 0.26, 0.00, 160, 0, -0.00, 0.00
10:00:03.407 -> 28.47, 28.01, 0.26, 0.00, 160, 0, -0.00, 0.00
10:00:04.411 -> 28.47, 28.01, 0.26, 0.00, 160, 0, -0.00, 0.00
10:00:05.448 -> 28.47, 28.01, 0.26, 0.00, 160, 0, 0.04, 0.00
10:00:06.506 -> 28.47, 28.01, 0.26, 0.00, 160, 0, 0.04, 0.00
10:00:07.484 -> 28.47, 28.01, 0.26, 0.00, 160, 0, -0.00, 0.00
10:00:08.508 -> 28.47, 28.01, 0.26, 0.00, 160, 0, -0.00, 0.00
